0 0 1 2 
1 3 5 9 130 
2 4 6 10 12 30 37 52 132 
3 7 11 16 17 46 49 175 
4 8 13 14 20 43 69 77 165 
5 15 19 22 25 31 47 84 169 
6 18 21 23 35 55 71 94 183 
7 24 26 42 45 51 66 97 149 
8 27 48 59 123 151 
9 28 50 67 126 135 211 
10 29 40 61 70 78 100 143 173 
11 32 64 73 81 104 153 
12 34 38 39 68 76 83 106 120 178 274 
13 41 44 53 82 86 90 98 141 186 189 247 
14 54 56 57 89 93 112 142 194 257 
15 58 60 79 96 101 115 154 208 
16 62 63 91 102 109 118 139 145 229 278 
17 72 74 111 114 119 152 231 270 293 
18 75 92 113 117 124 155 206 
19 80 95 121 131 176 233 
20 85 105 122 138 182 215 240 
21 87 103 107 128 140 181 192 251 272 
22 88 125 146 147 196 252 262 
23 99 127 129 157 160 190 199 228 279 
24 108 133 144 158 195 201 223 256 
25 110 134 136 150 156 163 205 264 280 
26 116 137 166 170 219 288 
27 148 171 172 177 235 238 289 297 
28 159 174 185 191 242 
29 161 187 188 197 248 250 
30 162 193 198 202 207 237 255 292 
31 164 200 204 209 265 
32 167 203 213 214 236 266 
33 168 210 217 243 269 287 
34 180 218 222 253 283 291 
35 184 220 224 239 258 
36 212 225 226 241 254 268 298 
37 216 227 230 244 271 
38 232 284 295 
39 245 282 
40 246 261 277 
41 249 260 263 281 
42 259 267 
43 273 
44 275 276 285 
45 286 290 
46 294 
47 296 299 
48 
49 
50 
51 
52 
53 
54 
55 
56 
57 
58 
59 
60 
61 
62 
63 
64 
65 
66 
67 
68 
69 
70 
71 
72 
73 
74 
75 
76 
77 
78 
79 
80 
81 
82 
83 
84 
85 
86 
87 
88 
89 
90 
91 
92 
93 
94 
95 
96 
97 
98 
99 
