2 0 1 
4 2 3 34 2067 
4 4 5 8 7704 
3 6 7 17 
3 9 10 39 
2 11 199 
3 12 19 9921 
2 13 21 
2 14 25 
3 15 41 4736 
3 16 26 59 
3 18 28 7581 
4 20 24 31 198 
5 22 29 32 73 590 
4 23 36 68 374 
4 27 33 38 130 
3 30 40 139 
3 35 42 205 
4 37 43 47 157 
4 44 48 50 3918 
4 45 46 52 90 
3 49 57 6346 
5 51 53 55 88 3599 
4 54 56 94 710 
2 58 2049 
4 60 61 62 383 
4 63 67 70 118 
4 64 66 78 219 
3 65 69 85 
2 71 83 
3 72 79 86 
4 74 89 98 8496 
4 75 82 91 1990 
3 76 92 5350 
5 77 84 99 138 8202 
4 80 102 115 504 
5 81 93 95 114 8802 
3 87 100 132 
3 96 97 134 
3 101 105 161 
3 103 106 124 
3 104 116 261 
3 107 120 306 
3 108 110 137 
4 109 112 140 4516 
5 111 113 126 146 4592 
3 117 127 183 
3 119 169 1600 
4 121 122 136 217 
4 123 128 167 4985 
4 125 142 148 5656 
3 129 143 180 
3 131 145 213 
4 133 147 187 3284 
3 135 149 220 
5 141 152 163 247 2537 
4 144 153 159 257 
5 150 151 164 235 339 
3 154 178 405 
5 155 156 158 184 262 
4 160 165 186 2835 
4 162 166 193 326 
4 168 170 190 303 
3 171 223 271 
2 172 455 
3 173 181 191 
4 174 175 185 278 
5 176 182 189 279 5278 
4 177 188 238 1322 
3 179 192 372 
3 194 200 445 
4 195 203 210 351 
4 196 204 274 4919 
3 197 207 340 
5 201 202 208 211 437 
4 206 209 243 804 
4 212 216 253 354 
4 214 218 376 8809 
3 215 221 669 
4 222 230 308 5126 
5 224 225 231 309 881 
4 226 233 244 449 
4 227 228 240 399 
3 229 287 9720 
4 232 234 290 6643 
4 236 237 246 656 
4 239 248 281 439 
4 241 260 288 3602 
4 242 249 269 457 
4 245 250 285 483 
3 251 294 467 
3 252 267 459 
4 254 263 266 460 
3 255 268 465 
3 256 270 466 
6 258 264 282 296 330 2307 
4 259 273 299 523 
4 265 272 317 2742 
3 275 298 681 
3 276 301 2234 
4 277 284 312 1225 
5 280 283 304 360 501 
3 286 313 869 
3 289 305 410 
3 291 316 442 
5 292 293 323 331 725 
5 295 311 328 353 777 
4 297 321 344 549 
4 300 324 444 617 
4 302 325 384 2702 
4 307 315 333 6418 
5 310 319 329 417 935 
3 314 334 509 
4 318 336 355 448 
4 320 341 386 790 
4 322 342 349 954 
5 327 347 366 517 9361 
4 332 350 367 709 
4 335 356 387 719 
4 337 358 476 759 
3 338 364 584 
5 343 363 365 404 7263 
6 345 346 368 394 634 962 
3 348 373 972 
5 352 377 382 488 748 
4 357 385 658 9582 
5 359 369 388 389 829 
4 361 396 428 769 
5 362 379 397 403 1011 
4 370 400 546 3880 
5 371 380 401 533 8751 
4 375 398 407 743 
5 378 402 446 556 4457 
4 381 406 803 3713 
4 390 408 447 1309 
5 391 411 420 528 3158 
5 392 412 486 559 6426 
5 393 413 419 580 1012 
5 395 414 432 620 5059 
4 409 421 487 859 
4 415 435 507 2454 
3 416 497 888 
4 418 425 494 4179 
6 422 424 426 477 511 4238 
6 423 427 431 498 688 1744 
4 429 454 623 8192 
4 430 441 608 1440 
3 433 468 785 
5 434 473 484 828 5472 
4 436 493 524 870 
3 438 492 844 
5 440 451 502 562 939 
4 443 453 505 686 
4 450 496 534 1328 
5 452 458 500 649 877 
4 456 462 535 3134 
3 461 513 929 
4 463 515 609 1046 
5 464 480 510 596 3432 
4 469 485 537 819 
4 470 491 525 629 
6 471 472 519 539 694 8817 
5 474 495 557 721 2526 
4 475 526 614 1226 
5 478 481 522 560 4324 
4 479 499 542 715 
4 482 514 573 1054 
6 489 490 553 594 788 8596 
4 503 565 626 1048 
5 506 508 540 595 949 
6 512 516 543 607 865 1351 
4 518 544 627 1704 
5 520 521 575 639 1071 
5 527 554 579 825 3390 
5 529 531 550 899 2629 
5 530 547 591 708 1108 
4 532 574 673 1249 
5 536 558 582 713 2105 
5 538 561 602 838 3876 
3 541 564 599 
6 545 548 571 612 728 3014 
5 551 576 631 868 1175 
5 552 578 651 733 9659 
5 555 567 581 690 948 
4 563 583 657 1269 
5 566 577 604 701 1181 
4 568 569 597 1625 
6 570 572 598 668 789 4494 
5 585 586 674 861 4487 
5 587 593 611 678 1130 
5 588 600 640 771 1761 
5 589 592 605 692 1330 
3 601 616 946 
6 603 610 632 696 927 8111 
4 606 615 735 1342 
5 613 619 645 739 5601 
5 618 628 644 775 1321 
4 621 633 727 1972 
4 622 660 744 1174 
5 624 635 664 747 1172 
5 625 637 671 852 3122 
4 630 661 776 1258 
4 636 667 778 9141 
5 638 643 697 938 2407 
5 641 663 676 897 8970 
5 642 648 670 848 1401 
6 646 659 684 751 1053 3185 
5 647 662 675 783 1197 
4 650 666 706 1366 
5 652 672 700 841 4886 
6 653 680 717 774 854 8989 
5 654 679 703 799 1431 
6 655 683 732 855 1252 3384 
5 665 704 705 872 1358 
5 677 685 737 928 2415 
4 682 714 773 1449 
3 687 716 876 
4 689 730 902 4175 
5 691 718 787 974 3935 
4 693 756 920 3123 
5 695 720 740 910 2226 
4 698 723 786 923 
5 699 731 741 1126 6201 
4 702 780 880 1995 
5 707 736 806 965 1793 
4 711 745 818 988 
4 712 746 847 7187 
3 722 782 940 
3 724 792 900 
5 726 729 757 827 1424 
5 734 761 835 980 5608 
5 738 791 863 1021 3835 
4 742 798 907 1453 
4 749 867 991 4875 
6 750 752 763 885 998 6479 
5 753 754 812 1015 1794 
4 755 840 1051 3436 
4 758 766 997 4395 
4 760 764 866 1459 
5 762 767 858 1018 6846 
5 765 779 856 1032 7719 
6 768 784 874 917 1202 7531 
5 770 793 892 1145 3562 
5 772 794 890 953 5674 
4 781 795 904 999 
5 796 797 821 978 2379 
4 800 914 1058 9668 
4 801 901 984 1385 
5 802 809 912 1067 5072 
5 805 811 911 1098 4669 
4 807 834 944 1457 
6 808 813 814 943 1103 1531 
4 810 816 987 1409 
5 815 817 837 1104 4940 
3 820 958 1479 
5 822 824 916 1283 6348 
5 823 831 932 1027 1624 
5 826 839 950 1180 4839 
4 830 905 1111 3176 
5 832 845 966 1138 2844 
4 833 1006 1248 3548 
5 836 842 864 1003 1644 
3 843 1050 1391 
5 846 873 961 1294 6045 
4 849 878 1107 1362 
5 850 853 908 1078 1311 
4 851 879 1097 1631 
5 857 884 979 1144 8057 
5 860 886 973 1372 3215 
4 862 922 1189 4885 
5 871 887 1026 1218 1919 
5 875 891 925 1057 1584 
5 882 893 982 1411 7625 
5 883 903 937 1421 4442 
5 889 894 945 1336 9692 
4 895 906 1073 1529 
5 896 913 955 1259 2063 
5 898 919 1028 1343 3463 
5 909 915 985 1186 1689 
5 918 934 1020 1425 2606 
4 921 1002 1147 1819 
5 924 941 1034 1275 3700 
4 926 947 1066 1461 
5 930 936 1005 1137 2698 
5 931 951 1040 1282 2269 
5 933 942 994 1170 1699 
4 952 968 1146 1543 
5 956 969 1076 1503 5449 
5 957 983 1069 1274 4894 
4 959 996 1127 1549 
4 960 1010 1179 1949 
5 963 1052 1119 1308 9372 
5 964 986 1042 1188 1880 
5 967 970 1075 1325 5684 
5 971 1045 1152 1514 5745 
4 975 1070 1418 2427 
6 976 993 1014 1156 1437 3144 
4 977 1077 1149 1544 
5 981 995 1084 1427 9288 
5 989 1001 1035 1243 1634 
5 990 992 1007 1085 1335 
5 1000 1008 1131 1518 2571 
5 1004 1023 1136 1568 3459 
5 1009 1016 1115 1262 1915 
6 1013 1025 1049 1158 1439 3454 
4 1017 1029 1110 1979 
5 1019 1033 1087 1327 2827 
4 1022 1037 1162 1889 
4 1024 1064 1177 1691 
5 1030 1031 1093 1200 1478 
5 1036 1041 1116 1183 1786 
5 1038 1043 1106 1198 2119 
5 1039 1044 1124 1214 1959 
3 1047 1201 2003 
6 1055 1056 1090 1169 1381 2759 
5 1059 1060 1091 1221 1735 
4 1061 1117 1486 5239 
4 1062 1132 1203 1763 
4 1063 1118 1257 1666 
5 1065 1083 1178 1649 2199 
6 1068 1105 1195 1245 1867 2081 
5 1072 1088 1165 1324 1944 
5 1074 1109 1193 1602 2970 
5 1079 1120 1206 1468 2578 
6 1080 1081 1122 1207 1538 2558 
3 1082 1133 1359 
4 1086 1135 1346 1647 
5 1089 1102 1150 1224 1760 
5 1092 1154 1223 1500 9170 
4 1094 1142 1279 1663 
5 1095 1128 1155 1419 5527 
5 1096 1129 1216 1443 6280 
5 1099 1160 1208 1673 5019 
6 1100 1112 1168 1236 1494 1933 
5 1101 1123 1238 1626 3020 
4 1113 1143 1209 1929 
4 1114 1157 1398 4500 
4 1121 1153 1254 1458 
5 1125 1166 1246 1559 6138 
5 1134 1164 1220 1432 1970 
5 1139 1161 1219 1382 1960 
7 1140 1141 1167 1232 1276 1912 7979 
5 1148 1171 1237 1588 3355 
5 1151 1190 1241 1596 2482 
5 1159 1229 1267 1728 4963 
4 1163 1239 1348 2166 
4 1173 1240 1357 1726 
4 1176 1242 1349 1858 
4 1182 1256 1293 1961 
5 1184 1266 1465 1927 3552 
5 1185 1261 1380 1601 4071 
6 1187 1196 1264 1497 1865 4003 
5 1191 1222 1265 1534 7598 
5 1192 1199 1286 1554 7533 
6 1194 1204 1212 1281 1508 1835 
6 1205 1215 1270 1403 1742 3107 
6 1210 1213 1228 1305 1748 2322 
5 1211 1268 1313 1696 3180 
5 1217 1277 1371 1648 9508 
5 1227 1231 1326 1700 3873 
5 1230 1284 1410 1565 3946 
4 1233 1295 1517 2039 
4 1234 1296 1567 1989 
6 1235 1247 1288 1412 1725 4145 
5 1244 1272 1329 1721 8955 
5 1250 1292 1415 1749 8234 
4 1251 1287 1471 2260 
4 1253 1323 1406 2165 
5 1255 1298 1367 1521 2069 
6 1260 1289 1315 1417 1817 2475 
6 1263 1291 1332 1456 1764 6409 
5 1271 1314 1355 1775 2043 
5 1273 1302 1320 1547 2273 
5 1278 1304 1345 1545 2213 
7 1280 1285 1312 1340 1433 1780 9185 
5 1290 1306 1352 1622 2197 
6 1297 1310 1361 1485 1771 2459 
5 1299 1301 1317 1552 2179 
5 1300 1341 1350 1633 2212 
5 1303 1316 1388 1674 2276 
5 1307 1353 1393 1860 4824 
5 1318 1319 1378 1408 1986 
4 1331 1379 1467 2129 
5 1333 1337 1402 1597 2301 
5 1334 1347 1405 1715 2302 
3 1338 1436 1792 
5 1339 1363 1399 1667 2319 
4 1344 1389 1557 2141 
5 1354 1369 1426 1687 2572 
5 1356 1395 1578 2205 7093 
5 1360 1370 1430 1632 2171 
5 1364 1383 1435 1526 2714 
3 1365 1400 1442 
5 1368 1387 1413 1818 8442 
4 1373 1392 1475 1798 
5 1374 1420 1520 1555 2345 
5 1375 1407 1511 1717 2211 
5 1376 1429 1612 1702 2124 
5 1377 1414 1532 1743 6421 
4 1384 1423 1516 1824 
5 1386 1428 1536 1833 2817 
5 1390 1434 1574 1832 4649 
5 1394 1444 1577 1857 4411 
6 1396 1416 1454 1455 1583 2375 
5 1397 1466 1492 1698 2648 
5 1404 1451 1469 1580 2230 
5 1422 1483 1566 1829 3015 
5 1438 1463 1535 1635 1988 
5 1441 1472 1496 1619 1844 
4 1445 1487 1636 1849 
6 1446 1480 1502 1628 1908 7410 
5 1447 1488 1522 1807 2433 
5 1448 1491 1654 1890 6514 
4 1450 1499 1656 2414 
5 1452 1504 1627 1862 3790 
4 1460 1505 1709 2164 
6 1462 1506 1510 1668 1868 6632 
5 1464 1512 1515 1848 2745 
5 1470 1513 1558 1697 2591 
4 1473 1524 1707 2096 
4 1474 1525 1703 2417 
5 1476 1533 1570 1701 2508 
5 1477 1537 1682 1924 3485 
5 1481 1523 1561 1797 2330 
4 1482 1539 1757 2471 
5 1484 1546 1590 1799 2587 
5 1489 1548 1685 2046 7777 
5 1490 1550 1594 1943 2227 
5 1493 1553 1563 1738 2251 
4 1495 1551 1573 2109 
6 1498 1571 1603 1718 2095 3346 
5 1501 1556 1591 1940 5494 
5 1507 1576 1730 1975 8664 
5 1509 1579 1688 2018 8170 
5 1519 1582 1587 1734 2494 
5 1527 1593 1638 1876 2748 
6 1528 1581 1589 1651 1956 7229 
5 1530 1586 1595 1756 2809 
6 1540 1562 1613 1676 2128 7870 
4 1541 1599 1916 2630 
4 1542 1604 1759 2989 
6 1560 1585 1618 1665 2056 8710 
4 1564 1592 1789 2869 
6 1569 1605 1655 1830 2422 9179 
5 1572 1608 1659 1985 2293 
6 1575 1609 1629 1766 2180 4766 
5 1598 1610 1664 1774 2118 
4 1606 1615 1779 2219 
5 1607 1614 1711 1853 3493 
5 1611 1620 1745 1993 3466 
4 1616 1621 1754 1932 
5 1617 1623 1695 1884 2929 
5 1630 1736 1778 2170 8509 
4 1637 1705 1856 2232 
5 1639 1657 1755 1864 2995 
6 1640 1642 1768 1859 2303 6332 
6 1641 1645 1724 1809 2221 5296 
6 1643 1650 1662 1828 2157 3029 
5 1646 1669 1805 2448 5868 
5 1652 1753 1887 2182 2499 
5 1653 1658 1772 1917 2871 
5 1660 1675 1785 1978 2649 
5 1661 1710 1821 2229 7414 
6 1670 1671 1672 1776 1958 3062 
4 1677 1796 1806 2285 
5 1678 1769 1815 2333 2996 
5 1679 1713 1808 2441 6438 
5 1680 1693 1825 1907 3078 
5 1681 1714 1804 1931 2816 
5 1683 1723 1896 2517 4878 
5 1684 1731 1841 2006 3119 
3 1686 1739 2634 
4 1690 1773 2068 7283 
5 1692 1814 1936 2447 3157 
5 1694 1712 1834 1873 2336 
5 1706 1716 1847 2053 7389 
6 1708 1722 1836 1898 2432 4713 
5 1719 1838 1918 1968 9272 
5 1720 1732 1877 1948 2988 
4 1727 1810 2022 3233 
5 1729 1737 1925 2077 3313 
4 1733 1882 2084 3153 
6 1740 1752 1823 1953 2434 3549 
6 1741 1751 1883 1976 2464 4809 
5 1746 1758 1903 2015 2965 
4 1747 1781 2007 2832 
5 1750 1762 1999 2468 4553 
5 1765 1767 1939 2065 3044 
5 1770 1788 1854 1974 3037 
4 1777 1905 2233 3083 
5 1782 1783 1913 2121 3309 
5 1784 1875 2004 2569 5826 
5 1787 1874 1973 2288 5275 
6 1790 1791 1795 1969 2024 3109 
5 1800 1803 1964 2013 3090 
5 1801 1820 1965 2047 3219 
5 1802 1822 2026 2646 9054 
6 1811 1812 1813 2001 2378 5308 
5 1816 1826 1895 2167 3310 
4 1827 2020 2107 3560 
4 1831 1892 2099 3501 
4 1837 1902 2101 3429 
4 1839 1967 2100 3564 
5 1840 1850 2009 2146 3066 
4 1842 1938 2027 2561 
6 1843 1846 1891 2048 2568 5983 
5 1845 1863 1991 2158 2658 
6 1851 1852 1950 2050 2112 3439 
5 1855 1866 2106 2123 3398 
5 1861 1869 1955 2127 3619 
5 1870 1879 2103 2588 4461 
4 1871 2035 2173 3596 
4 1872 1881 1966 2154 
4 1878 2016 2051 2669 
4 1885 2045 2207 3129 
6 1886 1888 1934 2058 2507 3342 
4 1893 2066 2206 3305 
5 1894 1906 2137 2521 3412 
6 1897 1901 1914 2074 2239 3442 
5 1899 1909 2086 2246 3413 
5 1900 1904 2076 2735 4364 
6 1910 1911 1930 2126 2487 3792 
7 1920 1921 1922 1980 2139 2510 3103 
5 1923 1928 2140 2717 7058 
4 1926 1945 2142 3430 
4 1935 2034 2148 2959 
5 1937 1941 1947 2176 3678 
5 1942 1946 2138 2263 3424 
4 1951 2111 2231 3554 
5 1952 2036 2175 2442 3513 
4 1954 2210 2271 3571 
6 1957 1962 2040 2238 2618 8252 
4 1963 2041 2253 2485 
4 1971 2055 2216 2728 
4 1977 2019 2275 3480 
5 1981 2054 2277 3409 9985 
3 1982 2071 2451 
5 1983 1998 2125 2282 3443 
5 1984 2017 2131 2323 3458 
5 1987 2135 2136 2958 5560 
6 1992 1994 2108 2284 2777 4772 
5 1996 2012 2072 2257 3419 
4 1997 2091 2411 5669 
4 2000 2025 2224 4517 
4 2002 2044 2187 2478 
6 2005 2021 2194 2262 2654 4776 
6 2008 2023 2030 2192 2297 3594 
6 2010 2011 2029 2215 2372 3126 
5 2014 2033 2214 2367 2764 
5 2028 2236 2237 3113 9910 
5 2031 2062 2196 2360 3635 
5 2032 2059 2286 2819 3658 
5 2037 2064 2249 2450 8003 
4 2038 2085 2678 6621 
5 2042 2073 2255 2768 4684 
4 2052 2114 2300 2686 
4 2057 2094 2298 2474 
5 2060 2075 2252 2400 3499 
5 2061 2104 2348 2798 6546 
6 2070 2093 2117 2337 2640 6544 
5 2078 2113 2268 2397 3879 
5 2079 2115 2289 2423 3859 
5 2080 2122 2324 2808 3915 
5 2082 2092 2130 2250 2680 
6 2083 2097 2145 2342 2617 3509 
6 2087 2110 2185 2368 2830 5705 
6 2088 2098 2245 2352 2780 9780 
5 2089 2116 2150 2365 2850 
6 2090 2120 2186 2256 2814 8820 
4 2102 2132 2217 2564 
5 2133 2149 2311 2398 3784 
4 2134 2143 2338 2806 
5 2144 2264 2359 2875 9884 
4 2147 2261 2453 4017 
5 2151 2247 2366 2799 6389 
4 2152 2218 2495 3227 
4 2153 2161 2350 3010 
4 2155 2169 2424 3329 
4 2156 2385 2854 8750 
6 2159 2162 2254 2370 2934 8851 
5 2160 2168 2315 2504 3585 
5 2163 2259 2383 2839 6241 
5 2172 2304 2391 2851 5636 
4 2174 2355 2589 4048 
6 2177 2184 2266 2399 2928 8542 
5 2178 2188 2401 2607 3909 
5 2181 2189 2294 2457 4032 
5 2183 2193 2418 2998 6483 
5 2190 2200 2402 2583 3771 
5 2191 2270 2421 2862 6655 
6 2195 2202 2203 2420 2462 3802 
4 2198 2225 2472 3028 
5 2201 2258 2425 3061 5430 
6 2204 2209 2305 2484 2961 4383 
5 2208 2222 2306 2573 6333 
6 2220 2240 2312 2497 2979 5130 
5 2223 2244 2295 2580 3799 
5 2228 2327 2565 3021 6062 
5 2235 2272 2325 2704 4046 
5 2241 2281 2405 2700 3753 
6 2242 2279 2435 2746 3289 7059 
5 2243 2292 2413 2773 3791 
6 2248 2280 2351 2531 3070 8139 
6 2265 2278 2308 2416 2605 3825 
5 2267 2283 2486 2524 3106 
6 2274 2296 2344 2540 2973 9664 
5 2287 2313 2503 2721 3952 
7 2290 2291 2317 2479 2701 3600 8135 
6 2299 2309 2341 2553 3050 6657 
6 2310 2314 2328 2505 2594 4936 
4 2316 2357 2610 3808 
4 2318 2382 2579 3046 
6 2320 2321 2326 2514 2774 4127 
4 2329 2542 2757 4110 
5 2331 2377 2438 2708 8745 
4 2332 2393 2671 3068 
5 2334 2390 2437 2713 3869 
3 2335 2546 3198 
5 2339 2408 2586 2987 4807 
5 2340 2349 2519 2797 4089 
5 2343 2354 2559 2776 3829 
5 2346 2356 2506 2821 4152 
6 2347 2363 2570 2609 3076 4725 
5 2353 2358 2440 2595 4142 
5 2361 2388 2581 2828 4073 
5 2362 2369 2585 2756 4156 
5 2364 2371 2445 2805 4106 
5 2373 2374 2567 2667 3529 
5 2376 2466 2838 3928 8070 
4 2380 2631 2978 4132 
5 2381 2384 2515 2848 4198 
4 2386 2488 2888 4206 
4 2387 2469 2550 5764 
5 2389 2513 2627 4652 6219 
4 2392 2522 2983 4400 
4 2394 2403 2575 2753 
5 2395 2406 2463 2716 4255 
5 2396 2436 2532 2807 3849 
5 2404 2443 2598 2894 4168 
5 2409 2491 2612 2927 4277 
5 2410 2444 2602 2955 4226 
5 2412 2520 2647 3072 8987 
5 2419 2458 2637 2909 4184 
6 2426 2455 2518 2726 3148 5470 
6 2428 2439 2481 2650 3118 7053 
6 2429 2430 2496 2625 3017 4269 
4 2431 2528 2763 4629 
4 2446 2534 2778 4224 
6 2449 2467 2483 2689 2962 4308 
4 2452 2539 2697 3141 
6 2456 2476 2554 2813 3108 6145 
6 2460 2473 2556 2651 3166 6860 
5 2461 2480 2576 2843 3131 
5 2465 2477 2616 2656 3098 
5 2470 2490 2679 2786 4298 
6 2489 2498 2557 2824 3128 6056 
5 2492 2628 2916 3188 5671 
5 2493 2509 2730 2897 4317 
5 2500 2529 2715 2966 3551 
6 2501 2502 2626 2796 3208 8880 
6 2511 2512 2577 2891 3278 7079 
5 2516 2527 2635 2907 4263 
4 2523 2543 2706 3169 
5 2525 2533 2665 2977 4319 
5 2530 2535 2677 2937 4334 
5 2536 2538 2691 2967 4268 
5 2541 2547 2655 2957 4794 
5 2544 2574 2709 3012 3965 
5 2545 2681 2924 3287 9559 
4 2548 2727 3086 4419 
6 2549 2551 2636 2822 3235 8719 
5 2552 2597 2752 3135 4509 
5 2555 2600 2795 2943 4207 
4 2560 2652 2818 4881 
5 2562 2590 2833 2969 4559 
4 2563 2693 2877 4232 
5 2566 2694 2932 3222 4815 
5 2582 2703 2935 3242 7036 
5 2584 2639 2876 3308 7831 
5 2592 2663 2723 3030 4503 
4 2593 2815 3043 4218 
4 2596 2699 2858 3200 
5 2599 2611 2899 3364 9503 
5 2601 2641 2729 3063 4399 
5 2603 2684 2896 3467 4925 
4 2604 2660 2963 3244 
4 2608 2672 3026 4579 
5 2613 2614 2685 3027 4349 
5 2615 2705 2940 3395 7420 
6 2619 2622 2662 2949 3267 4529 
6 2620 2643 2785 3079 3473 5477 
5 2621 2673 2840 3127 4589 
6 2623 2718 2845 3154 3806 8047 
6 2624 2675 2804 2863 3216 4390 
4 2632 2674 2975 3478 
5 2633 2744 2986 3295 5444 
6 2638 2642 2754 2968 3425 9729 
6 2644 2653 2849 2994 3486 6337 
6 2645 2657 2765 3085 3417 4769 
4 2659 2724 3000 3484 
5 2661 2733 2873 3152 4459 
5 2664 2683 2885 3150 4614 
4 2666 2760 3095 4414 
5 2668 2736 2910 3317 4462 
6 2670 2676 2800 3081 3575 6685 
4 2682 2766 3101 3582 
6 2687 2688 2734 2982 3130 5105 
6 2690 2792 2952 3352 3679 8123 
4 2692 2855 3237 4619 
5 2695 2794 3013 3492 6527 
5 2696 2707 2859 3117 3593 
5 2710 2787 2902 3096 8049 
5 2711 2811 2926 3175 4615 
3 2712 2884 3448 
5 2719 2831 2930 3212 7072 
5 2720 2836 3016 3659 8828 
4 2722 2866 3246 4556 
5 2725 2749 3024 3331 4621 
5 2731 2872 3031 3488 5168 
4 2732 2892 3094 3723 
5 2737 2738 2878 3196 3403 
5 2739 2747 2893 3155 4705 
6 2740 2743 2837 2985 3253 5119 
6 2741 2761 2864 2997 3282 4531 
6 2750 2867 3087 3350 4733 8644 
4 2751 2881 3142 3528 
5 2755 2874 3035 3487 4843 
4 2758 2883 3151 3867 
5 2762 2901 3133 3666 6960 
5 2767 2769 2905 3191 3714 
7 2770 2784 2941 3256 3469 4420 7219 
5 2771 2868 3089 3406 4633 
5 2772 2886 3104 3416 5147 
6 2775 2903 3082 3437 3526 5617 
6 2779 2801 2913 3121 3306 3758 
6 2781 2802 2956 3203 3479 3986 
4 2782 2939 3173 3673 
7 2783 2803 2944 3057 3326 4302 8765 
5 2788 2918 3111 3325 3926 
6 2789 2820 2964 3315 3810 5765 
5 2790 2812 2945 3137 4549 
6 2791 2793 3018 3211 3725 5207 
5 2810 2823 3038 3162 3563 
6 2825 2856 2951 3138 3461 4679 
6 2826 2947 3159 3500 3788 8511 
4 2829 2953 3209 3795 
4 2834 3077 3186 3764 
5 2841 2976 3214 3893 8628 
5 2842 2853 3045 3248 3776 
6 2846 2860 3039 3238 3761 9483 
5 2847 2936 3164 3541 5988 
4 2852 3047 3258 3732 
5 2857 3049 3224 3497 4845 
5 2861 3054 3319 3733 5124 
5 2865 3167 3514 4606 7011 
5 2870 3074 3344 3746 5596 
5 2879 2889 3091 3426 4708 
5 2880 2981 3170 3524 5200 
6 2882 2895 2991 3182 3557 4938 
5 2887 3197 3547 4611 8679 
6 2890 2906 3114 3318 3785 8299 
6 2898 2999 3207 3366 3889 5300 
6 2900 3002 3230 3408 3650 9655 
6 2904 2915 3115 3261 3783 5970 
4 2908 2919 3163 3251 
5 2911 3040 3241 3558 4947 
5 2912 3055 3223 3570 4981 
4 2914 2974 3269 6009 
6 2917 3053 3245 3567 4642 8475 
5 2920 3177 3266 3878 4997 
5 2921 3060 3277 3533 5363 
4 2922 3206 3288 3898 
4 2923 3019 3231 5104 
5 2925 3194 3294 3608 5183 
4 2931 3071 3250 5375 
6 2933 2938 3199 3381 3948 5276 
5 2942 3064 3351 3584 5162 
6 2946 2948 3125 3377 3793 5839 
6 2950 2992 3168 3281 3932 9157 
5 2954 3023 3225 3498 3973 
6 2960 3004 3073 3270 3697 4800 
5 2971 3069 3265 3588 5313 
6 2972 3093 3387 3633 4478 6276 
4 2980 3124 3304 3938 
6 2984 3005 3236 3396 3397 5014 
5 2990 3006 3249 3291 4314 
5 2993 3147 3356 3680 5321 
5 3001 3097 3271 3597 4889 
5 3003 3007 3260 3518 3971 
5 3008 3247 3410 3963 8196 
3 3009 3274 3929 
6 3011 3161 3376 3630 5237 8693 
5 3022 3268 3411 3698 5070 
5 3025 3183 3394 3612 5320 
4 3032 3286 3546 4008 
5 3033 3156 3399 4012 9904 
4 3034 3179 3292 3850 
4 3036 3042 3300 3453 
5 3041 3160 3369 3601 5532 
5 3048 3110 3324 3537 4022 
5 3051 3187 3303 3468 4088 
4 3052 3218 3418 5659 
5 3056 3193 3401 3664 5408 
5 3058 3280 3375 3649 5591 
5 3059 3136 3415 3718 5306 
6 3065 3112 3332 3542 4076 6134 
6 3067 3146 3335 3496 4084 7709 
6 3075 3116 3297 3435 3736 5489 
6 3080 3217 3462 3738 4685 5623 
5 3084 3149 3347 3535 4065 
6 3088 3120 3349 3561 4126 8891 
4 3092 3243 3370 4138 
6 3099 3178 3337 3556 4068 7017 
6 3100 3102 3228 3339 3752 5586 
5 3105 3139 3263 3503 4081 
4 3132 3226 3421 4254 
5 3140 3293 3457 3967 4982 
5 3143 3285 3452 3701 5801 
5 3145 3202 3365 3569 3811 
7 3165 3204 3358 3577 4139 5246 9281 
5 3171 3299 3465 3737 5528 
4 3172 3316 3515 4565 
6 3174 3184 3328 3472 3833 4458 
6 3181 3192 3372 3576 4112 7550 
6 3189 3205 3386 3586 4260 8386 
6 3190 3213 3404 3580 4137 6486 
6 3195 3210 3385 3646 4338 6339 
5 3201 3323 3490 4149 5677 
6 3220 3234 3374 3606 3772 6041 
5 3221 3348 3545 3756 5559 
6 3229 3380 3508 3629 4083 5599 
5 3232 3255 3414 3530 4204 
5 3239 3359 3538 3775 5612 
5 3240 3363 3587 3789 5814 
5 3252 3257 3427 3620 5811 
5 3254 3262 3451 3625 4271 
5 3259 3264 3456 3591 4348 
5 3272 3389 3522 3857 4672 
4 3273 3444 3662 4219 
6 3275 3296 3391 3814 4307 6770 
7 3276 3314 3471 3743 4004 4670 8471 
6 3279 3321 3464 3686 4282 7599 
5 3283 3400 3595 3847 5692 
5 3290 3420 3598 3870 5828 
4 3298 3393 3610 4051 
5 3301 3423 3651 4301 8915 
5 3302 3438 3611 3794 5772 
4 3307 3445 3749 6955 
4 3311 3474 3627 4428 
5 3312 3322 3505 3766 4433 
6 3320 3341 3494 3623 3906 5939 
5 3327 3482 3675 4214 5958 
5 3330 3475 3628 3816 5849 
6 3333 3477 3647 3992 5478 8000 
5 3334 3340 3506 3856 4443 
6 3336 3338 3512 3862 4876 6969 
6 3343 3373 3527 3864 4398 9293 
5 3345 3565 3760 4601 7429 
6 3353 3422 3525 3639 3883 5015 
6 3354 3371 3511 3626 3942 5789 
6 3357 3367 3516 3721 4236 5894 
5 3360 3519 3705 3877 6285 
4 3361 3534 3866 5882 
6 3362 3441 3579 3616 4857 8232 
6 3368 3489 3539 3663 4002 6286 
5 3378 3543 3702 3987 5791 
5 3379 3495 3583 3826 6073 
5 3382 3460 3574 3872 4341 
5 3383 3507 3592 3875 4482 
3 3388 3573 3687 
5 3392 3589 3886 4518 8255 
5 3402 3604 3994 4799 9189 
5 3405 3517 3617 3896 4339 
5 3407 3523 3704 3997 6060 
6 3428 3521 3590 3665 3667 6080 
5 3431 3613 3715 4281 5878 
4 3433 3578 3923 5948 
5 3434 3603 3706 4061 6229 
7 3440 3502 3605 3728 4027 5905 6614 
5 3446 3624 3910 4472 8183 
5 3447 3607 3767 4054 4659 
5 3449 3622 3634 4025 5847 
5 3450 3520 3637 4026 5822 
5 3455 3540 3641 3822 4688 
6 3470 3532 3688 3911 4637 6236 
5 3476 3536 3669 4289 9191 
5 3481 3655 3720 4067 6082 
6 3483 3555 3684 3959 4133 5214 
5 3491 3648 3711 3943 4967 
6 3504 3559 3695 3900 4508 9529 
6 3510 3531 3657 3750 4087 6297 
5 3544 3638 3724 4015 4389 
5 3550 3618 3748 4100 5969 
5 3553 3636 3726 4045 4485 
5 3566 3656 3757 4114 5525 
5 3568 3660 3765 4116 6363 
5 3572 3671 3796 4147 6436 
5 3581 3672 3798 4062 4528 
5 3609 3642 3763 4117 6411 
5 3614 3674 3770 4123 6047 
7 3615 3645 3690 3782 4199 4796 7164 
6 3621 3693 3805 4118 4904 9052 
5 3631 3685 3731 3961 4535 
5 3632 3691 3797 4190 6128 
3 3640 3836 4239 
5 3643 3692 3838 4221 6271 
5 3644 3696 3848 4293 6470 
5 3652 3716 3882 4320 6417 
4 3653 3710 4006 4504 
5 3654 3670 3774 4066 4618 
5 3661 3719 3832 4227 4958 
6 3668 3676 3729 3863 4270 6678 
5 3677 3717 3734 4086 4588 
5 3681 3722 3755 4095 4450 
5 3682 3708 3730 3912 4498 
6 3683 3759 3842 3966 4628 6585 
5 3689 3745 3916 4326 6343 
5 3694 3778 4130 4793 7549 
5 3699 3735 3803 4247 6356 
5 3703 3739 3815 4036 4777 
6 3707 3744 3853 4229 5346 6586 
4 3709 3747 3939 5279 
5 3712 3741 3773 4162 6605 
5 3727 3751 3804 4158 4643 
6 3740 3762 3855 4029 4756 6757 
4 3742 3780 4107 4533 
5 3754 3777 3831 4309 6505 
5 3768 3801 3956 4354 5964 
4 3769 3837 4090 4647 
5 3779 3807 3937 4352 6457 
5 3781 3809 3979 4537 7002 
4 3786 3841 4143 4548 
6 3787 3813 3955 4321 5955 8705 
5 3800 3819 4038 4332 5551 
4 3812 3823 3981 4645 
5 3817 3824 3902 4285 6745 
4 3818 3845 4245 4608 
5 3820 3846 3858 4099 4718 
4 3821 3852 4223 5020 
4 3827 3892 4216 4758 
6 3828 3860 3894 4215 4707 9410 
6 3830 3834 3919 4176 4599 9607 
4 3839 3897 4337 6722 
5 3840 3868 3920 4561 7062 
5 3843 3854 3930 4315 4957 
5 3844 3861 3901 4311 6959 
5 3851 3922 3988 4347 6458 
5 3865 3885 3934 4355 6704 
5 3871 3881 3940 4370 6323 
6 3874 3904 3954 4233 4872 6788 
5 3884 3905 4044 4511 6568 
4 3887 3975 4384 6631 
5 3888 3924 4055 4403 6730 
5 3890 3907 4034 4473 6764 
4 3891 3941 4246 4888 
5 3895 3927 4189 4386 6537 
5 3899 3985 4448 6017 8319 
5 3903 3933 3995 4636 6919 
5 3908 3984 4356 4784 7729 
5 3913 3936 4075 4507 6676 
4 3914 3968 4421 4956 
6 3917 3944 4111 5176 5264 7755 
5 3921 3999 4625 6795 8617 
5 3925 3947 3998 4231 4987 
5 3931 3951 4078 4658 6748 
5 3945 3969 4102 4696 6857 
5 3949 3996 4047 4575 7105 
6 3950 3962 4041 4249 5115 7819 
5 3953 3964 4010 4264 5029 
5 3957 3982 4024 4323 4744 
5 3958 3972 4031 4387 4932 
3 3960 4009 4567 
5 3970 4013 4105 4550 5058 
6 3974 4007 4060 4434 5298 9229 
4 3976 4049 4342 4763 
6 3977 3978 4035 4103 4674 6949 
5 3980 4037 4360 4912 8241 
5 3983 4053 4120 4536 5087 
4 3989 4069 4365 5167 
5 3990 4020 4039 4272 6016 
4 3991 4074 4404 4762 
5 3993 4042 4187 4663 5567 
4 4000 4050 4259 4574 
5 4001 4056 4079 4683 7094 
5 4005 4052 4082 4377 5315 
5 4011 4094 4161 4767 7111 
6 4014 4063 4104 4436 5230 6879 
5 4016 4072 4169 4646 7189 
6 4018 4043 4098 4278 5268 9151 
7 4019 4059 4077 4220 4475 5075 8890 
5 4021 4119 4125 4641 6769 
4 4023 4096 4376 6571 
6 4028 4040 4091 4275 4748 7149 
6 4030 4092 4124 4456 5251 8064 
5 4033 4097 4335 4822 7366 
4 4057 4101 4358 5286 
5 4058 4109 4327 4677 7321 
4 4064 4153 4620 6415 
5 4070 4113 4185 4623 7192 
5 4080 4115 4157 4753 6780 
