100 100 1000 5000 58 200
37 41 2 43 81 119
37 2 37 39 41 79
37 43 13 32 83 119
34 80 11 93 122 159
6 66 16 39 161 199
29 23 33 56 161 199
31 43 39 14 161 199
42 34 75 38 81 119
43 33 78 31 161 199
1 38 8 8 41 79
68 34 43 45 122 159
0 2 27 12 2 39
6 34 17 9 42 79
47 18 66 36 121 159
28 13 58 6 41 79
55 19 41 42 81 119
1 1 10 29 2 39
0 3 16 23 3 39
57 40 82 29 162 199
8 27 30 41 82 119
58 20 35 34 161 199
71 39 78 9 161 199
13 9 40 19 161 199
17 38 9 66 162 199
59 38 47 63 121 159
74 41 46 32 121 159
15 55 15 92 161 199
40 42 8 47 161 199
49 64 53 97 121 159
3 1 18 21 4 39
42 2 20 16 122 159
0 2 0 39 2 39
89 25 55 28 161 199
31 10 14 30 121 159
40 14 18 29 81 119
11 30 27 9 41 79
12 30 7 61 42 79
34 34 31 68 161 199
65 13 54 39 81 119
21 20 19 55 41 79
0 2 30 9 2 39
43 38 68 48 123 159
26 52 59 56 161 199
35 30 25 57 121 159
31 6 65 9 41 79
0 2 27 12 2 39
27 54 60 58 121 159
34 3 2 8 41 79
16 64 34 45 161 199
72 26 65 56 161 199
9 32 35 21 41 79
35 5 5 12 161 199
49 19 72 33 161 199
39 72 53 95 121 159
91 51 80 25 161 199
3 31 37 34 161 199
58 36 58 73 161 199
21 20 33 45 41 79
56 29 75 11 121 159
25 64 48 77 162 199
74 75 68 45 162 199
49 56 47 91 121 159
7 38 19 63 121 159
33 41 28 9 81 119
42 48 63 64 161 199
43 31 63 47 122 159
1 1 20 19 2 39
49 5 54 37 81 119
2 34 32 40 42 79
81 10 92 35 162 199
9 72 32 60 123 159
55 17 69 40 81 119
42 37 68 47 82 119
13 29 25 53 42 79
32 46 65 50 81 119
10 99 17 69 121 159
36 6 23 29 42 79
24 13 38 36 41 79
14 16 46 21 81 119
51 22 73 8 82 119
27 43 22 75 81 119
25 13 25 50 161 199
33 17 18 39 81 119
17 20 40 6 41 79
29 13 29 50 161 199
54 50 64 77 161 199
23 18 17 49 41 79
2 1 25 14 3 39
67 65 90 79 161 199
1 1 33 6 2 39
29 7 50 23 161 199
46 28 39 0 83 119
35 15 5 8 161 199
8 27 10 60 43 79
29 6 51 20 162 199
0 2 20 19 2 39
5 32 16 6 41 79
16 3 2 25 82 119
79 39 47 36 163 199
31 41 20 15 81 119
32 11 2 16 43 79
37 53 73 54 161 199
0 2 13 26 2 39
41 2 56 24 121 159
51 17 87 18 161 199
29 50 4 39 82 119
9 31 0 4 42 79
65 12 43 26 82 119
16 24 2 2 42 79
25 56 55 50 162 199
41 34 8 37 82 119
21 40 10 66 121 159
64 14 60 45 163 199
18 22 50 26 42 79
45 68 44 32 121 159
11 64 23 40 82 119
22 28 21 63 122 159
58 37 60 2 121 159
16 22 43 13 42 79
3 49 19 30 83 119
24 17 59 19 41 79
3 67 3 30 161 199
0 3 13 26 3 39
13 63 29 82 83 119
1 40 30 34 43 79
14 25 49 23 41 79
37 45 22 25 83 119
5 50 2 18 123 159
0 2 12 27 2 39
43 68 63 52 162 199
51 5 76 17 81 119
23 18 14 46 41 79
2 1 0 35 3 39
30 9 63 12 82 119
14 28 46 32 42 79
28 17 50 32 121 159
63 53 80 34 122 159
26 17 35 43 43 79
10 31 36 42 41 79
53 28 43 54 162 199
23 32 14 4 121 159
11 30 39 39 41 79
35 3 8 12 42 79
0 2 22 17 2 39
0 3 34 1 3 39
0 2 19 20 2 39
18 19 9 47 41 79
33 37 12 21 81 119
1 1 21 18 2 39
23 5 56 9 81 119
32 10 36 42 42 79
9 39 19 66 81 119
62 53 36 42 121 159
10 29 29 11 121 159
73 31 71 66 161 199
1 3 25 14 4 39
29 33 6 45 163 199
58 19 32 9 82 119
50 28 21 20 81 119
15 54 48 58 121 159
50 10 34 31 161 199
8 29 11 63 41 79
2 2 29 10 4 39
11 50 37 60 162 199
71 16 60 42 121 159
23 20 48 30 43 79
7 35 21 13 42 79
38 2 24 25 161 199
30 15 66 14 121 159
0 2 29 10 2 39
39 38 26 62 121 159
31 46 26 15 82 119
2 16 2 52 122 159
3 3 28 13 83 119
11 11 10 47 81 119
43 29 49 60 161 199
2 41 37 39 121 159
18 58 5 82 81 119
34 6 1 3 42 79
27 87 26 52 122 159
0 2 32 7 2 39
1 2 31 8 3 39
31 7 4 17 81 119
2 1 24 15 3 39
40 24 56 43 83 119
1 1 2 37 2 39
37 40 57 56 82 119
3 1 9 30 4 39
0 4 31 0 4 39
46 69 77 75 121 159
54 39 88 42 121 159
1 2 19 20 3 39
39 61 55 82 161 199
5 59 21 38 81 119
9 70 27 52 82 119
49 25 59 52 81 119
62 6 66 39 161 199
1 1 10 29 2 39
68 3 68 40 121 159
0 2 20 19 2 39
0 5 10 31 82 119
62 12 27 14 81 119
1 1 34 5 2 39
90 30 84 61 161 199
43 68 16 60 123 159
37 22 68 17 162 199
4 61 27 48 82 119
14 7 38 20 121 159
0 2 4 35 2 39
34 43 64 37 162 199
10 10 38 1 81 119
73 38 44 32 123 159
27 49 25 84 81 119
22 28 35 5 122 159
5 34 19 57 41 79
1 1 36 3 2 39
52 47 48 80 121 159
40 69 38 34 121 159
21 20 38 2 43 79
0 3 32 7 3 39
0 2 29 10 2 39
19 30 49 37 121 159
0 2 36 3 2 39
1 1 26 13 2 39
12 51 23 76 162 199
5 41 8 8 122 159
0 2 34 5 2 39
14 27 40 16 41 79
10 40 38 49 81 119
41 16 53 40 162 199
9 28 43 25 41 79
9 28 31 13 41 79
0 6 28 15 81 119
45 22 17 14 162 199
0 3 19 20 3 39
14 26 42 18 122 159
44 77 29 98 162 199
1 1 33 6 2 39
2 78 29 88 81 119
21 59 45 46 81 119
2 43 16 66 121 159
11 31 39 23 42 79
39 15 25 38 161 199
24 47 20 79 82 119
48 50 48 87 161 199
26 42 16 17 83 119
0 2 7 32 2 39
0 2 33 6 2 39
35 77 20 56 122 159
28 27 63 28 162 199
17 53 5 29 122 159
0 2 4 35 2 39
45 27 51 57 122 159
10 27 10 64 41 79
97 11 94 45 161 199
1 1 15 24 2 39
25 5 44 23 81 119
26 56 28 89 83 119
25 15 14 40 42 79
1 1 5 34 2 39
13 25 39 35 42 79
27 15 59 19 42 79
2 53 38 54 121 159
60 17 90 24 121 159
26 17 20 48 121 159
41 25 40 61 161 199
35 2 14 18 41 79
29 35 7 20 161 199
2 2 9 30 4 39
96 30 82 9 163 199
22 14 45 1 42 79
2 1 4 35 3 39
1 40 26 52 41 79
1 1 24 15 2 39
34 37 3 42 82 119
63 6 58 38 121 159
30 13 3 5 43 79
13 29 15 62 83 119
25 16 40 37 82 119
60 33 87 23 121 159
33 15 19 37 122 159
44 69 14 76 121 159
13 61 46 57 81 119
0 3 11 28 3 39
98 49 69 42 162 199
0 2 12 27 2 39
2 1 16 23 3 39
15 59 40 71 81 119
9 9 32 23 81 119
6 30 34 38 42 79
55 15 75 32 81 119
1 34 10 8 43 79
28 30 37 2 161 199
35 3 47 28 161 199
33 29 56 15 81 119
17 20 22 52 41 79
20 58 54 61 81 119
25 15 10 37 81 119
34 68 35 32 161 199
4 39 32 30 121 159
49 48 80 42 121 159
12 27 40 18 41 79
1 1 18 21 2 39
23 26 0 39 82 119
23 30 22 65 162 199
1 1 29 10 2 39
60 5 92 0 121 159
2 1 10 29 3 39
21 4 27 35 121 159
3 34 21 15 41 79
37 1 11 11 42 79
0 3 10 29 3 39
0 2 24 15 2 39
51 60 63 85 121 159
47 85 81 82 161 199
6 31 19 7 41 79
39 38 29 12 162 199
58 52 55 18 161 199
3 1 7 32 4 39
30 8 33 41 42 79
81 66 58 79 162 199
52 49 87 51 121 159
57 54 22 56 121 159
15 28 30 8 43 79
50 27 64 4 121 159
35 41 4 35 81 119
0 2 14 25 2 39
1 2 7 32 3 39
21 20 37 41 41 79
34 42 53 58 163 199
4 33 14 60 41 79
1 1 29 10 2 39
27 12 17 39 41 79
52 34 20 30 122 159
1 2 12 27 3 39
28 15 51 29 121 159
65 7 62 41 81 119
49 14 40 41 82 119
78 62 52 73 161 199
56 18 21 16 81 119
14 23 50 24 41 79
52 95 35 76 162 199
15 55 42 65 81 119
58 20 81 6 81 119
15 61 31 40 161 199
2 2 24 17 81 119
4 37 1 3 41 79
55 42 76 26 121 159
29 13 3 3 42 79
42 31 64 45 162 199
37 58 55 76 162 199
33 8 20 32 41 79
0 3 10 29 3 39
23 52 52 45 82 119
0 2 16 23 2 39
0 3 16 23 3 39
27 12 56 20 41 79
30 10 0 4 42 79
33 66 68 68 121 159
46 23 35 49 121 159
19 39 19 2 161 199
29 12 32 46 41 79
22 47 21 82 82 119
1 2 3 36 3 39
33 55 10 43 163 199
34 53 21 29 121 159
29 5 11 24 81 119
5 29 36 35 81 119
40 76 40 41 163 199
12 24 0 48 42 79
1 1 20 19 2 39
14 24 24 50 42 79
2 34 33 29 42 79
55 52 42 28 121 159
1 2 8 31 3 39
39 41 53 64 81 119
18 19 52 20 43 79
18 22 33 43 122 159
0 2 27 12 2 39
40 35 35 4 82 119
32 5 64 10 41 79
36 38 51 60 81 119
6 25 36 19 82 119
0 2 1 38 2 39
35 49 71 48 161 199
28 8 59 3 42 79
26 10 61 9 42 79
21 24 52 29 82 119
13 29 41 37 42 79
5 52 37 48 82 119
0 2 12 27 2 39
11 39 46 41 81 119
34 44 49 66 81 119
0 3 21 18 3 39
60 35 29 30 162 199
1 1 25 14 2 39
36 36 67 42 81 119
14 23 40 12 41 79
64 58 58 27 161 199
32 7 64 2 41 79
1 1 12 27 2 39
13 25 33 9 42 79
34 42 30 9 161 199
5 75 41 76 81 119
1 2 24 15 3 39
20 21 16 54 121 159
62 11 50 35 82 119
28 52 22 83 161 199
33 21 27 52 81 119
0 2 25 14 2 39
0 4 3 36 4 39
0 2 20 19 2 39
33 7 39 37 42 79
62 10 60 44 122 159
1 1 33 6 2 39
16 62 36 45 81 119
1 1 9 30 2 39
86 66 71 88 161 199
9 28 43 25 41 79
37 2 9 11 41 79
62 51 94 46 121 159
87 55 88 91 161 199
25 48 38 71 82 119
0 2 5 34 2 39
1 2 19 20 3 39
7 34 17 7 41 79
12 37 40 46 121 159
3 54 35 50 82 119
53 77 67 54 161 199
39 74 51 49 121 159
27 22 8 39 162 199
23 13 19 45 42 79
52 51 42 24 121 159
64 52 94 57 163 199
54 14 48 45 161 199
1 1 17 22 2 39
71 36 40 30 121 159
62 8 59 42 81 119
2 2 29 10 4 39
29 57 61 52 161 199
3 35 4 0 42 79
80 27 54 16 121 159
89 55 56 51 161 199
27 11 50 24 42 79
2 1 32 7 3 39
81 15 71 41 122 159
15 61 11 28 81 119
26 54 7 36 81 119
0 2 18 21 2 39
24 16 58 18 42 79
0 2 8 31 2 39
37 84 57 68 162 199
33 45 25 74 81 119
33 12 22 38 121 159
44 67 11 69 123 159
50 47 60 20 121 159
64 0 29 2 81 119
67 46 44 59 162 199
68 35 80 60 121 159
11 65 11 28 81 119
16 25 3 49 41 79
0 2 23 16 2 39
0 2 32 7 2 39
1 3 12 27 4 39
2 2 33 6 4 39
1 1 27 12 2 39
8 15 2 45 162 199
1 1 21 18 2 39
22 20 50 12 42 79
0 2 9 30 2 39
29 42 1 51 121 159
30 12 40 38 42 79
8 34 25 53 42 79
13 24 6 54 41 79
36 48 57 32 161 199
53 40 41 65 121 159
78 41 51 32 162 199
96 44 90 75 161 199
62 7 34 16 121 159
19 20 29 47 41 79
0 4 31 0 4 39
1 2 6 33 3 39
55 11 77 25 122 159
53 20 38 41 162 199
30 48 65 50 81 119
4 26 12 55 81 119
37 1 46 28 42 79
39 38 39 74 82 119
80 27 52 18 121 159
15 42 34 24 121 159
52 24 41 50 161 199
1 1 27 12 2 39
92 45 96 13 162 199
3 1 20 19 4 39
17 94 35 75 121 159
1 1 35 4 2 39
31 10 8 24 41 79
10 27 17 57 41 79
49 52 26 66 121 159
0 3 35 2 3 39
62 41 46 61 162 199
0 4 28 11 4 39
23 5 47 18 81 119
1 45 18 65 81 119
34 42 59 32 163 199
63 17 67 50 161 199
6 35 14 6 41 79
20 22 43 9 42 79
0 3 18 21 3 39
0 2 31 8 2 39
3 38 29 47 43 79
0 2 32 7 2 39
30 23 38 51 82 119
73 81 71 46 161 199
32 24 40 53 161 199
51 61 18 57 161 199
10 27 40 34 41 79
2 1 6 33 3 39
32 4 23 31 42 79
15 37 46 43 161 199
1 2 20 19 3 39
20 17 16 50 41 79
15 51 23 80 81 119
0 3 2 37 3 39
1 1 6 33 2 39
1 3 17 22 4 39
25 17 55 11 42 79
21 65 30 93 161 199
48 20 59 46 81 119
18 18 24 48 42 79
0 3 8 31 3 39
57 25 80 12 122 159
34 40 58 51 83 119
57 50 68 24 121 159
67 23 98 17 161 199
0 2 20 19 2 39
1 2 36 3 3 39
6 33 40 30 41 79
48 9 35 33 121 159
38 46 42 79 161 199
0 2 29 10 2 39
1 36 25 49 41 79
35 72 63 64 162 199
30 21 61 27 121 159
20 36 48 29 83 119
2 2 13 26 4 39
52 18 74 3 81 119
10 34 5 66 161 199
33 29 19 7 122 159
6 44 24 25 81 119
27 20 29 55 121 159
10 57 38 66 121 159
16 25 39 11 41 79
12 25 7 57 41 79
47 91 50 57 161 199
50 30 76 19 161 199
59 67 28 73 161 199
5 1 15 28 81 119
16 17 5 43 121 159
1 16 35 14 162 199
5 46 33 54 162 199
37 35 9 26 81 119
59 13 39 28 83 119
23 34 58 36 121 159
22 48 32 23 83 119
27 15 50 27 163 199
4 7 29 19 121 159
25 3 58 7 81 119
2 1 12 27 3 39
30 38 2 31 163 199
8 63 4 95 82 119
11 26 37 37 41 79
22 18 34 42 42 79
1 1 23 16 2 39
36 5 6 12 41 79
24 26 41 8 163 199
49 33 16 36 122 159
42 32 59 50 83 119
0 3 7 32 3 39
25 16 31 47 41 79
4 36 27 49 42 79
36 6 35 41 42 79
42 13 60 31 162 199
1 2 14 25 3 39
1 2 3 36 3 39
42 25 36 55 162 199
14 97 47 93 121 159
12 63 20 35 162 199
30 26 65 24 81 119
14 44 36 29 81 119
55 60 34 44 121 159
4 9 20 30 121 159
3 2 3 38 82 119
57 41 35 26 161 199
1 1 9 30 2 39
27 10 27 47 41 79
2 30 26 18 122 159
28 61 9 79 121 159
16 45 18 11 162 199
52 20 30 34 122 159
1 1 21 18 2 39
40 33 67 24 82 119
17 22 43 33 41 79
5 37 24 20 42 79
17 50 49 54 82 119
1 1 36 3 2 39
38 34 58 51 161 199
0 2 8 31 2 39
43 15 69 4 81 119
19 4 45 14 162 199
39 40 43 71 123 159
19 22 19 59 41 79
18 22 37 5 42 79
4 53 33 45 121 159
25 16 32 46 41 79
82 35 53 27 121 159
30 3 2 11 162 199
2 2 11 28 4 39
19 22 18 58 41 79
63 15 96 11 161 199
57 23 34 10 122 159
1 39 6 8 42 79
2 1 8 31 3 39
37 39 3 36 81 119
1 2 24 15 3 39
0 3 25 14 3 39
35 44 45 17 121 159
36 14 66 9 163 199
53 1 76 15 81 119
68 12 97 20 161 199
0 3 6 33 3 39
58 22 41 42 81 119
11 30 29 49 41 79
64 30 67 64 161 199
88 65 67 80 162 199
0 2 27 12 2 39
3 1 19 20 4 39
37 37 69 42 81 119
0 2 15 24 2 39
7 19 21 42 81 119
2 35 13 9 41 79
2 1 34 5 3 39
57 15 67 42 81 119
53 60 67 83 121 159
11 22 10 58 121 159
1 1 11 28 2 39
33 4 26 34 41 79
0 2 33 6 2 39
38 38 71 42 81 119
74 18 83 46 161 199
31 13 67 14 81 119
2 1 16 23 3 39
6 35 36 28 41 79
19 18 52 22 41 79
8 27 40 32 121 159
0 2 4 35 2 39
3 1 18 21 4 39
25 18 55 13 43 79
64 16 28 15 161 199
30 51 25 81 123 159
47 27 38 55 81 119
6 33 8 68 41 79
11 65 39 56 81 119
72 23 67 55 121 159
67 52 90 39 162 199
41 34 21 18 82 119
68 6 80 31 81 119
74 36 43 42 161 199
11 3 24 27 81 119
15 45 48 41 81 119
2 1 32 7 3 39
46 42 29 62 161 199
28 11 42 34 41 79
40 74 34 43 161 199
56 22 44 47 161 199
47 7 44 41 81 119
0 2 24 15 2 39
13 41 43 48 81 119
1 1 16 23 2 39
34 43 7 34 162 199
17 35 17 72 161 199
31 8 41 35 121 159
11 43 33 28 81 119
23 52 54 57 82 119
0 2 25 14 2 39
0 41 12 16 41 79
1 1 37 0 2 39
48 4 17 9 122 159
6 48 13 76 163 199
57 18 91 20 162 199
0 3 26 13 3 39
14 27 38 14 41 79
25 12 10 34 41 79
22 34 32 60 122 159
6 62 36 55 81 119
41 32 22 49 82 119
26 15 30 48 41 79
14 65 41 57 123 159
53 11 57 43 122 159
2 39 33 35 43 79
12 26 14 60 42 79
6 36 41 35 42 79
28 54 40 29 161 199
50 29 31 47 121 159
53 23 87 26 161 199
0 2 32 7 2 39
16 23 44 14 41 79
45 28 29 8 82 119
0 2 2 37 2 39
0 2 23 16 2 39
18 44 46 36 122 159
1 1 18 21 2 39
69 32 97 39 123 159
26 11 40 32 123 159
40 29 48 1 162 199
2 1 28 11 3 39
5 49 23 68 81 119
1 1 9 30 2 39
10 33 44 34 123 159
31 34 63 30 82 119
2 1 5 34 3 39
19 87 45 97 122 159
3 67 26 81 81 119
28 80 57 73 122 159
43 43 59 23 122 159
1 1 10 29 2 39
23 15 37 37 42 79
1 1 11 28 2 39
25 5 57 2 83 119
34 33 67 29 121 159
1 2 23 16 3 39
0 2 18 21 2 39
21 16 27 47 41 79
5 33 25 17 122 159
21 15 2 33 81 119
1 1 15 24 2 39
20 21 54 24 121 159
17 19 44 28 42 79
26 20 46 37 161 199
49 29 64 49 163 199
39 65 31 94 161 199
0 3 33 0 3 39
42 67 34 96 121 159
44 44 33 70 161 199
18 55 47 48 82 119
0 2 11 28 2 39
2 1 11 28 3 39
9 32 40 28 43 79
9 23 4 55 81 119
19 23 14 54 42 79
9 10 10 45 162 199
30 25 36 56 121 159
0 2 11 28 2 39
35 37 36 71 83 119
10 40 11 4 81 119
84 31 65 49 121 159
32 27 15 8 82 119
13 52 43 58 162 199
37 39 36 3 81 119
15 32 22 61 82 119
1 1 31 8 2 39
18 12 47 20 81 119
24 52 29 20 81 119
57 33 45 9 122 159
24 47 45 32 82 119
7 30 20 54 41 79
43 74 59 95 121 159
56 10 32 23 81 119
53 58 65 33 121 159
1 2 5 34 3 39
9 28 23 5 41 79
12 33 7 65 121 159
30 11 30 48 41 79
50 22 42 51 81 119
49 27 72 13 81 119
1 1 36 3 2 39
84 27 59 39 121 159
25 55 57 60 81 119
38 46 18 61 163 199
1 1 35 4 2 39
17 20 44 30 41 79
24 14 41 33 42 79
3 36 7 69 121 159
82 33 60 18 121 159
36 35 57 19 121 159
6 6 16 33 81 119
60 4 29 10 81 119
6 52 0 83 81 119
0 57 28 48 121 159
7 36 40 39 162 199
1 1 27 12 2 39
13 24 42 16 41 79
21 20 21 57 41 79
19 17 54 15 161 199
64 1 98 3 162 199
2 1 37 0 3 39
41 3 24 23 81 119
25 49 11 27 122 159
1 1 4 35 2 39
61 46 42 63 162 199
2 2 29 12 161 199
24 12 3 27 42 79
4 26 15 0 81 119
37 15 19 34 161 199
31 31 58 41 161 199
1 2 6 33 3 39
36 1 52 21 82 119
45 43 32 67 161 199
16 16 12 49 81 119
70 38 58 63 161 199
29 7 13 27 42 79
36 19 45 47 121 159
29 12 33 45 121 159
20 17 55 16 82 119
0 38 29 32 83 119
0 3 30 9 3 39
17 22 5 47 121 159
45 19 56 45 161 199
38 36 43 68 161 199
54 63 68 42 123 159
28 7 58 0 121 159
10 68 0 95 81 119
2 1 19 20 3 39
53 18 35 36 82 119
55 87 51 54 161 199
38 69 26 94 121 159
50 28 50 65 81 119
0 2 8 31 2 39
23 13 27 45 42 79
29 42 22 13 162 199
0 2 8 31 2 39
0 2 13 26 2 39
39 31 74 29 81 119
49 5 66 25 161 199
15 38 39 50 162 199
20 61 8 37 82 119
26 15 5 31 41 79
14 60 38 73 81 119
29 22 5 10 162 199
93 13 90 47 161 199
1 1 24 15 2 39
7 54 28 38 121 159
43 31 7 32 81 119
6 33 36 40 121 159
52 59 25 69 121 159
96 34 75 50 161 199
55 23 45 48 163 199
30 7 54 20 41 79
4 33 17 57 41 79
0 2 0 39 2 39
51 29 67 49 122 159
37 3 20 22 42 79
17 24 0 44 41 79
57 23 72 45 81 119
2 2 35 0 4 39
0 2 35 0 2 39
17 39 3 18 83 119
61 9 90 1 81 119
2 27 12 54 121 159
41 13 39 47 122 159
1 40 15 63 41 79
0 2 30 9 2 39
53 36 30 50 121 159
12 35 46 37 82 119
4 35 25 19 41 79
0 4 34 5 4 39
33 35 29 2 161 199
6 2 12 33 81 119
1 1 1 38 2 39
19 47 25 16 161 199
28 9 2 20 41 79
10 31 23 7 41 79
22 6 22 43 81 119
31 6 41 33 41 79
37 22 62 33 82 119
18 27 46 18 121 159
15 24 14 60 41 79
1 78 16 58 123 159
2 35 35 39 41 79
15 48 45 54 162 199
1 1 36 3 2 39
14 27 1 3 41 79
38 12 45 42 81 119
54 48 56 15 163 199
25 61 23 26 161 199
26 27 51 38 162 199
25 12 43 31 41 79
34 1 61 11 41 79
2 1 19 20 3 39
49 55 26 69 161 199
2 1 32 7 3 39
35 49 58 35 161 199
0 2 30 9 2 39
27 8 26 42 43 79
10 55 32 41 162 199
0 2 22 17 2 39
21 18 50 26 41 79
49 28 30 45 82 119
30 47 65 49 121 159
6 35 25 53 121 159
26 15 6 30 43 79
34 45 1 42 82 119
20 42 26 73 161 199
65 40 63 5 121 159
35 97 21 74 161 199
18 19 33 41 41 79
51 25 71 42 81 119
50 26 84 29 161 199
0 3 16 23 3 39
49 16 18 21 162 199
30 45 59 53 121 159
23 13 15 41 42 79
23 16 50 6 41 79
18 99 5 75 121 159
2 30 5 62 163 199
0 2 2 37 2 39
11 39 35 52 81 119
10 60 0 87 161 199
11 10 30 27 82 119
12 92 32 75 161 199
64 27 63 63 121 159
49 26 72 13 82 119
7 30 38 36 41 79
1 2 34 5 3 39
1 2 28 11 3 39
1 1 16 23 2 39
79 26 68 2 123 159
17 51 32 30 122 159
73 39 43 32 161 199
0 2 6 33 2 39
25 16 58 12 41 79
0 2 28 11 2 39
19 16 49 9 121 159
3 37 29 47 42 79
0 3 25 14 3 39
6 19 16 45 82 119
51 51 73 36 161 199
24 15 50 4 41 79
41 45 16 56 122 159
59 35 43 15 122 159
3 1 23 16 4 39
16 26 12 58 42 79
0 2 21 18 2 39
44 24 18 35 81 119
24 18 36 42 42 79
2 1 30 9 3 39
22 43 38 23 82 119
36 34 50 57 161 199
0 39 6 70 41 79
14 6 30 27 161 199
0 2 18 21 2 39
33 41 22 15 81 119
48 11 59 37 121 159
90 43 60 37 162 199
21 46 53 49 123 159
0 2 18 21 2 39
19 41 16 7 161 199
54 20 47 50 81 119
19 21 51 25 42 79
22 18 32 44 42 79
9 32 28 14 121 159
0 2 9 30 2 39
21 18 2 1 162 199
39 45 47 74 161 199
72 11 79 41 121 159
1 1 14 25 2 39
0 2 0 39 2 39
36 3 60 16 41 79
21 18 48 8 41 79
67 83 89 98 161 199
2 1 33 6 3 39
1 1 13 26 2 39
10 18 40 25 81 119
15 35 26 61 81 119
2 55 11 27 121 159
3 34 33 27 41 79
0 3 35 2 3 39
1 5 28 15 81 119
46 59 33 35 121 159
38 34 3 36 81 119
2 1 0 35 3 39
1 34 29 43 41 79
27 44 25 10 82 119
11 30 7 63 41 79
39 41 21 60 161 199
1 1 13 26 2 39
1 36 28 28 43 79
0 2 36 3 2 39
89 31 85 64 161 199
13 24 44 30 121 159
44 24 32 1 163 199
78 17 90 42 121 159
19 30 23 62 82 119
4 37 18 58 43 79
31 83 6 95 161 199
24 36 59 35 122 159
3 38 14 64 121 159
48 63 30 82 121 159
44 69 15 77 121 159
75 19 56 1 161 199
23 45 33 18 161 199
1 3 22 17 4 39
36 5 20 26 41 79
24 48 32 77 81 119
12 30 46 28 42 79
10 40 30 56 122 159
8 94 20 69 161 199
11 43 33 29 122 159
44 36 24 19 81 119
71 53 95 66 161 199
0 2 3 36 2 39
12 14 45 18 161 199
0 2 35 4 2 39
28 9 39 35 41 79
36 42 41 10 81 119
42 39 45 6 82 119
18 22 24 52 42 79
31 49 38 79 81 119
38 1 3 3 41 79
14 92 46 87 161 199
30 46 8 31 81 119
74 68 71 34 161 199
38 58 74 59 161 199
16 19 40 8 43 79
0 2 10 29 2 39
50 33 28 18 121 159
9 35 31 48 83 119
20 21 41 5 41 79
31 10 29 45 41 79
65 12 74 39 82 119
17 58 44 67 82 119
33 4 66 8 41 79
2 35 34 30 41 79
1 1 4 35 2 39
21 21 17 53 42 79
2 66 32 59 161 199
31 10 33 45 41 79
29 52 62 55 162 199
0 2 1 38 2 39
23 27 5 8 81 119
24 57 15 29 121 159
0 41 24 28 41 79
0 2 5 34 2 39
1 33 3 67 122 159
30 48 61 54 81 119
1 1 30 9 2 39
20 82 52 78 122 159
48 29 52 61 82 119
0 74 34 77 81 119
37 37 24 61 81 119
1 2 3 36 3 39
0 2 0 39 2 39
2 35 17 13 41 79
15 6 3 29 123 159
24 29 5 47 121 159
56 27 42 5 162 199
22 65 51 72 162 199
49 31 61 56 81 119
29 78 36 49 162 199
12 24 13 59 42 79
0 2 13 26 2 39
76 14 51 25 122 159
29 26 6 12 121 159
0 2 29 10 2 39
0 4 33 2 4 39
38 25 16 40 121 159
29 14 50 28 43 79
25 53 7 72 161 199
1 1 6 33 2 39
56 16 23 12 81 119
2 1 21 18 3 39
1 1 11 28 81 119
29 13 42 36 42 79
8 31 11 65 41 79
24 38 22 5 163 199
61 13 28 17 81 119
58 16 27 20 83 119
40 44 44 75 163 199
54 53 74 70 121 159
42 65 48 34 121 159
25 56 15 29 121 159
2 1 22 17 3 39
1 2 12 27 3 39
70 31 60 4 121 159
62 15 41 0 82 119
8 28 33 17 42 79
68 4 91 18 161 199
26 24 3 38 161 199
24 58 53 51 122 159
52 18 24 27 81 119
1 3 28 11 4 39
35 0 14 14 43 79
31 3 37 33 42 79
41 41 51 14 161 199
66 12 57 40 161 199
7 67 15 96 81 119
35 6 16 24 41 79
1 40 23 25 41 79
20 21 20 58 41 79
19 23 45 34 161 199
36 38 53 57 122 159
40 28 70 21 161 199
1 37 17 17 42 79
3 1 35 4 4 39
2 1 10 29 3 39
20 22 41 37 42 79
44 42 12 47 161 199
9 31 9 67 42 79
34 5 62 14 41 79
25 38 40 16 121 159
20 19 56 18 41 79
31 5 36 36 42 79
18 20 23 52 161 199
21 21 38 40 42 79
36 6 36 42 42 79
3 39 9 9 42 79
20 19 56 20 41 79
0 2 11 28 2 39
51 27 38 51 161 199
3 1 28 11 4 39
1 1 24 15 2 39
4 34 17 57 42 79
31 16 52 31 82 119
19 23 44 34 42 79
39 56 72 53 162 199
23 17 49 7 42 79
1 2 6 33 3 39
20 21 44 8 41 79
17 18 51 19 43 79
67 8 38 1 162 199
0 3 24 15 3 39
40 31 49 5 123 159
0 2 30 9 2 39
73 8 93 25 121 159
52 31 64 6 121 159
47 29 53 60 81 119
12 29 44 34 41 79
1 1 17 22 2 39
29 30 14 8 121 159
36 32 37 67 122 159
1 1 10 29 2 39
7 31 25 49 42 79
0 3 25 14 3 39
18 23 21 57 41 79
47 28 14 32 121 159
13 20 0 44 121 159
58 44 80 29 161 199
0 4 23 16 4 39
1 2 24 15 3 39
25 39 51 49 122 159
81 30 95 53 121 159
80 71 56 59 162 199
39 79 45 48 161 199
4 37 13 65 41 79
38 39 4 41 82 119
1 54 5 22 162 199
59 11 26 15 81 119
97 28 76 13 162 199
32 30 16 51 81 119
64 49 60 80 123 159
0 2 19 20 2 39
68 44 76 15 161 199
0 2 26 13 2 39
6 14 8 49 81 119
10 29 33 15 41 79
52 88 36 69 163 199
14 48 9 16 161 199
58 74 58 37 161 199
0 2 6 33 2 39
20 58 53 62 161 199
0 2 35 0 2 39
25 33 59 30 81 119
75 53 86 27 161 199
93 3 73 20 161 199
11 25 36 14 42 79
0 3 30 9 3 39
3 1 23 16 4 39
21 20 3 39 41 79
55 22 56 57 82 119
0 41 19 23 41 79
52 19 87 17 121 159
35 41 61 52 81 119
0 3 6 33 3 39
6 36 15 63 42 79
37 41 64 31 81 119
0 2 27 12 2 39
30 31 51 46 82 119
35 48 37 13 121 159
33 22 43 49 121 159
35 4 40 36 121 159
0 2 9 30 2 39
34 47 16 66 121 159
17 22 46 29 82 119
40 34 38 68 122 159
1 1 5 34 2 39
65 37 32 33 161 199
22 15 4 34 41 79
3 40 23 25 43 79
72 26 69 60 161 199
13 15 7 44 163 199
48 51 23 61 123 159
31 9 15 29 42 79
6 72 23 53 122 159
14 26 29 47 42 79
5 34 33 43 41 79
28 14 13 34 163 199
31 7 33 42 81 119
19 59 1 40 81 119
8 31 37 23 41 79
0 3 18 21 3 39
16 25 34 6 41 79
56 20 23 16 161 199
29 14 56 23 82 119
28 76 60 81 161 199
4 37 24 54 41 79
1 1 36 3 2 39
37 2 64 12 41 79
35 2 23 27 41 79
63 53 41 39 122 159
22 27 44 13 82 119
67 12 35 7 121 159
0 2 1 38 2 39
0 4 26 13 4 39
1 1 30 9 2 39
51 23 50 57 83 119
2 40 33 35 42 79
44 34 56 59 81 119
27 65 45 48 163 199
14 58 27 82 81 119
24 85 50 74 121 159
1 1 6 33 2 39
39 9 4 7 81 119
0 2 14 25 2 39
0 3 1 38 3 39
21 15 12 43 161 199
34 61 7 52 162 199
0 2 30 9 2 39
76 64 73 98 161 199
6 47 0 18 123 159
36 8 0 9 81 119
12 27 40 18 41 79
59 34 61 0 162 199
18 21 41 35 41 79
49 30 69 13 121 159
21 79 36 57 161 199
0 2 6 33 2 39
12 24 27 45 42 79
23 68 12 43 162 199
12 27 7 59 41 79
29 10 64 12 41 79
47 50 21 61 121 159
32 42 17 64 161 199
15 21 35 4 81 119
39 44 39 81 121 159
17 93 8 65 161 199
8 92 20 67 161 199
0 2 33 6 2 39
41 68 32 40 121 159
51 38 70 55 162 199
10 10 15 42 161 199
0 2 6 33 2 39
1 1 2 37 2 39
1 1 7 32 2 39
8 29 2 60 121 159
2 1 0 35 3 39
23 57 57 54 161 199
55 26 89 29 121 159
20 40 6 63 161 199
15 22 48 18 41 79
71 31 80 3 161 199
12 25 25 49 41 79
21 50 27 20 162 199
64 17 83 34 82 119
5 15 39 18 81 119
43 29 57 50 163 199
22 20 37 41 42 79
7 29 28 44 42 79
2 1 5 34 3 39
25 54 56 49 162 199
77 32 54 18 121 159
30 7 40 34 121 159
12 25 45 29 41 79
34 11 42 40 121 159
42 29 77 28 162 199
0 2 7 32 2 39
3 38 37 39 43 79
26 16 53 26 161 199
31 46 2 53 82 119
26 13 12 36 41 79
0 3 26 13 3 39
2 1 30 9 3 39
16 76 43 66 161 199
17 33 5 8 81 119
7 8 33 19 121 159
69 43 39 49 122 159
1 2 2 37 3 39
0 38 33 41 42 79
10 30 23 7 42 79
7 44 27 61 121 159
42 18 30 43 81 119
18 21 49 17 123 159
58 23 56 57 162 199
50 21 70 5 82 119
28 14 36 43 161 199
58 27 51 57 121 159
1 1 29 10 2 39
35 54 33 20 162 199
52 66 69 86 161 199
50 15 71 30 162 199
38 46 40 11 161 199
6 31 25 49 41 79
8 68 38 73 83 119
0 2 7 32 2 39
50 39 25 51 121 159
13 26 17 59 41 79
37 28 15 13 121 159
32 5 41 31 43 79
1 2 20 19 3 39
18 73 4 51 162 199
13 6 45 2 82 119
1 34 12 60 41 79
10 31 36 42 41 79
30 50 63 46 161 199
25 70 54 62 121 159
10 38 43 42 81 119
2 23 0 57 82 119
34 48 51 28 161 199
14 34 33 50 163 199
21 16 8 40 41 79
11 69 10 33 161 199
46 30 72 19 81 119
23 14 53 7 41 79
29 38 49 54 82 119
1 1 12 27 2 39
1 2 20 19 3 39
1 1 9 30 2 39
1 1 14 25 2 39
26 50 60 53 81 119
12 78 44 74 122 159
47 72 35 47 121 159
30 7 26 40 41 79
61 35 57 2 161 199
49 19 37 43 122 159
25 16 46 32 41 79
12 24 43 28 83 119
28 11 22 42 41 79
28 6 59 0 161 199
57 19 50 47 83 119
51 16 29 1 121 159
25 71 28 37 161 199
1 69 15 46 81 119
27 12 40 36 41 79
39 39 51 62 83 119
1 2 23 16 3 39
49 23 26 10 122 159
20 17 56 18 41 79
0 3 14 25 3 39
0 2 3 36 2 39
21 88 26 56 121 159
32 97 36 65 162 199
1 1 14 25 2 39
9 32 20 6 121 159
49 40 57 11 121 159
29 78 55 89 121 159
5 72 25 56 162 199
30 53 27 87 121 159
1 1 27 12 2 39
22 11 55 13 123 159
67 35 70 69 161 199
19 72 6 49 162 199
1 1 19 20 2 39
47 33 25 18 81 119
16 80 12 47 161 199
34 61 49 82 162 199
3 43 28 32 122 159
0 3 33 6 3 39
1 2 26 13 3 39
3 1 20 19 4 39
45 25 64 7 81 119
33 39 47 18 83 119
41 48 58 30 123 159
1 1 29 10 2 39
69 39 97 48 161 199
20 17 0 34 41 79
30 9 27 43 121 159
26 15 11 37 41 79
1 1 19 20 2 39
2 2 24 15 4 39
28 8 30 42 122 159
12 63 8 31 162 199
3 1 36 3 4 39
35 1 10 12 42 79
40 39 33 68 82 119
57 17 44 41 81 119
25 33 31 64 161 199
35 28 16 46 121 159
24 82 13 56 161 199
92 2 93 38 161 199
33 27 18 49 161 199
36 36 69 32 81 119
10 62 31 78 81 119
1 2 26 13 3 39
4 26 0 59 161 199
13 39 46 43 81 119
58 12 93 14 161 199
0 3 5 34 3 39
1 92 20 74 121 159
48 13 43 44 82 119
8 35 8 0 43 79
48 58 48 21 161 199
12 48 19 77 122 159
57 49 57 85 122 159
26 47 57 52 82 119
15 24 15 59 43 79
19 40 28 12 121 159
36 37 52 57 82 119
28 11 28 48 41 79
28 46 7 30 81 119
52 14 55 48 81 119
72 49 46 58 123 159
12 29 40 20 41 79
0 2 30 9 2 39
0 2 13 26 2 39
1 13 3 48 161 199
48 65 55 35 121 159
0 2 22 17 2 39
38 43 7 48 82 119
15 64 8 94 121 159
7 35 19 58 83 119
55 88 31 76 162 199
58 32 30 23 161 199
75 75 99 62 161 199
46 65 26 48 121 159
52 41 18 42 123 159
40 3 14 14 121 159
27 32 10 13 162 199
21 19 42 4 42 79
50 55 52 21 162 199
29 11 49 27 42 79
38 19 66 12 123 159
71 36 98 46 121 159
52 27 52 64 121 159
29 63 51 48 161 199
1 1 13 26 2 39
33 59 63 52 161 199
29 10 49 27 41 79
24 22 49 34 81 119
0 35 7 6 82 119
38 75 60 90 121 159
25 30 57 25 121 159
1 1 22 17 2 39
22 14 11 39 42 79
5 36 13 65 121 159
5 8 18 31 162 199
6 35 4 0 41 79
0 2 35 0 2 39
71 12 40 18 121 159
4 12 11 42 161 199
2 37 6 4 41 79
54 58 28 68 122 159
0 3 29 10 3 39
21 16 0 32 41 79
3 32 0 66 121 159
49 67 74 78 122 159
0 4 11 28 4 39
2 2 15 24 4 39
10 68 45 70 81 119
28 52 19 80 81 119
80 68 63 48 161 199
10 44 11 8 81 119
36 42 13 56 81 119
39 39 6 35 161 199
34 7 54 24 41 79
3 2 4 37 82 119
11 25 31 9 42 79
64 16 55 44 81 119
13 50 35 36 162 199
37 41 50 18 122 159
29 7 25 39 42 79
36 16 41 48 81 119
16 63 49 67 121 159
35 4 57 19 41 79
1 3 0 37 4 39
35 19 24 44 122 159
56 12 77 28 161 199
6 29 20 51 82 119
13 28 45 33 41 79
9 67 43 70 81 119
34 57 11 70 162 199
38 52 13 63 122 159
0 3 12 27 3 39
1 38 19 57 121 159
25 53 1 40 161 199
5 49 24 31 81 119
84 33 86 68 121 159
1 1 35 4 2 39
25 49 42 30 122 159
25 27 48 41 81 119
1 1 27 12 2 39
65 35 39 24 161 199
1 1 4 35 2 39
30 7 0 0 41 79
0 2 26 13 2 39
73 3 84 29 81 119
2 1 23 16 3 39
31 11 51 27 42 79
33 8 44 34 41 79
16 13 51 12 162 199
1 2 16 23 3 39
34 13 64 7 82 119
58 47 61 80 162 199
33 47 44 73 81 119
11 59 27 38 81 119
41 21 49 50 81 119
1 2 14 25 3 39
45 94 36 67 162 199
0 3 21 18 3 39
15 17 8 47 161 199
7 32 15 3 121 159
23 18 53 11 41 79
15 26 40 14 41 79
6 34 19 57 42 79
35 24 7 16 82 119
28 38 58 31 161 199
0 2 25 14 2 39
1 1 20 19 2 39
34 70 59 82 161 199
0 4 13 26 4 39
43 18 58 39 162 199
3 17 37 20 81 119
5 36 29 49 41 79
41 29 8 33 81 119
37 37 17 54 161 199
47 26 35 50 82 119
22 17 58 16 121 159
0 3 32 7 3 39
34 7 17 27 41 79
52 59 23 67 121 159
2 1 24 15 3 39
0 3 26 13 3 39
29 35 38 7 81 119
1 37 8 8 42 79
0 2 33 6 2 39
42 36 8 33 81 119
43 9 58 31 81 119
35 2 32 36 41 79
1 1 32 7 2 39
50 24 68 7 83 119
0 3 19 20 3 39
16 26 29 3 42 79
34 42 35 6 81 119
34 1 58 14 41 79
30 9 49 27 41 79
2 1 36 3 3 39
52 53 19 50 162 199
45 35 48 3 163 199
58 44 90 40 122 159
35 0 6 8 41 79
13 15 48 17 81 119
44 0 49 32 161 199
38 30 25 54 161 199
65 44 51 67 121 159
51 12 30 27 82 119
0 2 1 38 2 39
34 45 15 62 82 119
11 24 32 10 43 79
5 6 26 21 162 199
33 3 27 33 42 79
1 1 4 35 2 39
46 96 58 71 161 199
35 6 8 16 41 79
25 12 34 38 123 159
67 24 37 30 162 199
29 73 28 39 163 199
0 2 9 30 2 39
18 52 0 69 83 119
43 42 55 17 121 159
40 66 49 38 161 199
21 20 5 39 123 159
32 39 36 7 82 119
52 20 39 42 83 119
37 77 14 90 122 159
4 33 32 42 41 79
1 1 21 18 2 39
67 2 43 14 82 119
68 32 58 5 161 199
14 27 50 26 41 79
48 47 26 32 121 159
1 1 3 36 2 39
12 67 33 52 82 119
21 36 47 26 82 119
14 28 41 37 42 79
39 35 14 47 161 199
43 37 51 64 83 119
2 5 36 3 82 119
0 2 21 18 2 39
24 40 23 76 161 199
13 32 39 43 121 159
26 46 52 57 81 119
9 49 25 69 122 159
5 57 16 82 122 159
1 2 10 29 3 39
1 1 11 28 2 39
43 35 20 49 81 119
58 30 58 67 161 199
0 37 15 59 41 79
23 18 0 32 41 79
0 2 22 17 2 39
46 3 17 10 82 119
31 22 17 44 162 199
1 2 3 36 3 39
34 6 48 28 42 79
58 67 28 73 162 199
7 61 42 59 81 119
42 32 11 38 81 119
1 1 25 14 2 39
2 1 27 12 3 39
6 33 40 36 41 79
0 3 14 25 3 39
0 2 24 15 2 39
51 31 54 63 83 119
27 9 44 28 42 79
19 5 39 22 81 119
43 60 35 89 121 159
0 2 7 32 2 39
47 31 64 51 161 199
1 1 20 19 2 39
41 3 45 36 81 119
66 9 72 40 121 159
26 13 4 28 41 79
42 61 54 86 121 159
17 25 22 56 42 79
0 4 11 28 4 39
28 29 15 51 123 159
0 35 25 23 41 79
50 28 16 31 81 119
33 9 11 23 42 79
34 48 49 27 122 159
31 8 67 7 41 79
56 88 34 73 161 199
58 51 71 75 121 159
55 21 45 48 81 119
1 1 34 5 2 39
61 86 34 95 162 199
23 35 32 9 83 119
45 29 56 55 81 119
27 10 7 27 41 79
27 12 56 20 41 79
6 33 40 36 41 79
3 5 6 37 83 119
1 1 16 23 2 39
0 42 5 73 42 79
34 42 61 32 81 119
39 35 26 11 81 119
1 1 35 4 2 39
2 2 15 24 4 39
16 23 47 29 41 79
74 53 59 32 162 199
3 38 30 48 41 79
6 36 39 33 42 79
32 9 27 40 162 199
35 6 37 41 41 79
14 27 25 1 41 79
69 2 74 34 121 159
81 10 75 40 162 199
2 1 23 16 3 39
28 14 57 21 42 79
17 58 15 24 82 119
35 59 67 54 161 199
24 13 13 39 41 79
1 1 14 25 2 39
34 8 23 33 42 79
23 6 16 36 121 159
39 24 48 50 123 159
30 25 40 52 121 159
2 1 25 14 3 39
2 38 8 7 81 119
0 2 2 37 2 39
14 28 41 20 163 199
9 67 11 32 161 199
21 18 23 53 121 159
54 14 67 38 161 199
74 41 99 29 121 159
35 39 42 11 83 119
22 19 2 36 41 79
34 2 58 14 42 79
2 1 2 37 3 39
5 97 27 83 122 159
22 43 51 36 82 119
2 28 6 61 81 119
29 52 61 48 82 119
28 11 47 29 41 79
14 46 30 27 83 119
38 18 63 8 83 119
49 27 59 2 163 199
38 4 64 13 163 199
31 46 20 71 162 199
1 1 10 29 2 39
29 8 51 23 41 79
65 13 54 39 161 199
5 37 7 71 122 159
1 2 25 14 3 39
42 37 60 18 121 159
34 44 34 7 81 119
56 39 73 19 121 159
0 2 2 37 2 39
0 2 24 15 2 39
1 1 28 11 2 39
32 75 60 66 121 159
20 54 49 48 83 119
27 77 7 62 163 199
18 23 46 32 41 79
1 1 30 9 2 39
30 84 19 60 163 199
27 49 53 60 81 119
1 1 26 13 2 39
25 13 32 42 42 79
17 51 52 49 81 119
65 12 63 46 82 119
54 66 57 34 163 199
26 52 39 75 122 159
53 22 68 1 82 119
5 33 16 8 42 79
19 18 37 37 41 79
80 12 96 32 122 159
1 1 23 16 2 39
13 26 21 55 41 79
25 71 39 48 161 199
52 23 73 8 82 119
70 41 91 25 121 159
1 1 24 15 2 39
4 31 25 15 121 159
30 50 46 71 81 119
2 39 11 11 41 79
11 44 31 60 162 199
9 59 33 46 81 119
40 12 36 44 122 159
0 67 23 81 121 159
2 0 14 25 81 119
55 9 27 2 163 199
77 5 50 15 161 199
40 21 71 27 121 159
40 29 24 49 82 119
1 2 10 29 3 39
6 35 2 68 41 79
12 30 28 50 42 79
51 29 43 1 122 159
41 35 47 66 81 119
58 69 82 57 162 199
35 6 49 29 41 79
1 1 9 30 2 39
0 2 5 34 2 39
33 4 19 25 43 79
72 11 75 45 121 159
2 37 33 41 43 79
0 2 15 24 2 39
16 48 32 28 122 159
0 2 30 9 2 39
13 7 25 32 81 119
1 1 35 4 2 39
1 54 23 39 121 159
48 33 83 34 82 119
0 2 25 14 2 39
63 3 43 20 81 119
29 8 35 39 41 79
1 1 18 21 2 39
66 9 62 41 82 119
1 1 24 15 2 39
1 5 30 13 81 119
15 19 45 25 122 159
0 3 21 18 3 39
43 35 19 48 161 199
0 2 17 22 2 39
26 35 53 44 162 199
12 14 19 44 81 119
1 1 27 12 2 39
26 11 52 0 41 79
12 49 36 62 121 159
10 31 30 48 41 79
32 7 66 10 41 79
58 29 53 60 162 199
31 7 65 9 42 79
38 25 58 42 121 159
7 94 24 74 121 159
2 70 23 86 161 199
1 1 12 27 2 39
13 28 46 32 41 79
14 58 4 31 81 119
1 1 26 13 2 39
6 30 31 41 42 79
0 4 11 28 4 39
27 11 42 33 161 199
68 1 38 7 162 199
2 1 1 36 3 39
36 6 19 25 42 79
27 43 57 50 81 119
66 8 66 45 81 119
40 33 15 44 82 119
4 32 19 11 42 79
3 1 7 32 4 39
12 25 29 45 41 79
26 13 5 29 41 79
18 18 18 54 42 79
56 58 56 22 122 159
17 59 52 61 81 119
27 15 10 34 42 79
0 3 33 0 3 39
32 5 26 36 41 79
24 52 21 18 81 119
2 25 19 44 162 199
20 17 42 32 41 79
36 6 45 33 42 79
33 37 67 34 81 119
32 45 5 54 82 119
0 2 34 5 2 39
85 28 88 62 121 159
48 35 58 8 121 159
1 1 18 21 2 39
22 45 21 81 121 159
54 34 20 37 161 199
3 1 28 11 4 39
51 42 19 37 121 159
26 13 2 0 41 79
0 3 28 11 3 39
31 7 10 22 42 79
1 1 13 26 2 39
14 25 31 5 41 79
20 13 13 43 121 159
52 66 52 30 122 159
1 1 6 33 2 39
31 1 31 36 83 119
1 1 12 27 2 39
51 29 40 55 81 119
18 41 7 17 123 159
1 1 24 15 2 39
36 3 27 30 82 119
34 2 60 12 42 79
11 20 19 48 82 119
63 15 89 26 161 199
1 1 1 38 2 39
0 3 12 27 3 39
13 3 34 19 161 199
58 20 31 30 81 119
12 24 25 1 42 79
2 46 29 56 161 199
1 1 13 26 2 39
3 39 27 51 42 79
2 1 37 0 3 39
33 8 33 45 121 159
78 28 51 38 161 199
44 14 50 43 83 119
2 1 36 3 3 39
40 20 60 37 81 119
27 20 55 11 121 159
12 54 27 76 81 119
18 56 19 20 81 119
33 35 30 2 122 159
44 34 30 11 161 199
0 2 34 5 2 39
41 7 41 44 81 119
33 78 27 49 123 159
0 2 28 11 2 39
1 1 17 22 2 39
12 65 43 71 121 159
27 49 39 24 161 199
7 70 39 66 162 199
57 92 22 93 162 199
10 31 2 2 41 79
11 21 11 58 81 119
0 2 23 16 2 39
10 8 35 20 81 119
0 2 23 16 2 39
54 82 39 60 161 199
0 2 35 4 2 39
39 36 73 34 162 199
25 53 11 30 81 119
45 30 19 19 121 159
50 30 25 42 81 119
52 22 54 57 81 119
17 76 49 71 121 159
20 21 40 4 41 79
17 24 9 51 43 79
36 46 40 13 161 199
47 40 63 19 121 159
30 77 24 47 162 199
54 51 77 63 123 159
35 6 69 9 41 79
44 30 57 52 83 119
25 72 14 98 121 159
93 55 59 58 161 199
40 57 29 83 121 159
18 17 32 38 123 159
35 35 14 19 161 199
0 2 20 19 2 39
1 1 29 10 2 39
35 45 54 63 161 199
26 10 31 41 42 79
0 2 33 6 2 39
72 9 89 29 121 159
0 2 32 7 2 39
53 17 81 8 81 119
7 54 24 35 82 119
2 1 26 13 3 39
45 29 62 9 81 119
33 19 61 27 122 159
8 64 31 52 83 119
48 6 80 2 122 159
1 1 29 10 2 39
2 1 1 36 3 39
1 1 37 0 2 39
44 44 28 64 122 159
43 22 43 59 121 159
3 1 14 25 4 39
87 2 60 12 121 159
1 1 4 35 2 39
44 37 64 21 162 199
1 1 20 19 2 39
50 24 74 35 163 199
25 28 37 3 121 159
11 26 3 55 41 79
21 29 7 7 122 159
2 1 22 17 3 39
54 59 59 27 121 159
33 3 9 15 42 79
39 41 16 27 81 119
1 2 18 21 3 39
50 60 31 44 163 199
20 17 22 52 41 79
26 15 2 28 41 79
50 26 29 42 161 199
16 22 34 3 161 199
32 10 21 35 42 79
3 1 3 36 4 39
36 10 19 29 122 159
31 8 45 31 41 79
37 4 53 25 41 79
25 15 13 39 42 79
24 17 49 29 41 79
56 41 78 56 121 159
18 27 38 44 121 159
20 17 28 46 41 79
1 1 37 2 2 39
32 8 46 31 81 119
1 1 27 12 2 39
25 18 34 45 82 119
1 1 15 24 2 39
16 26 21 57 42 79
25 17 59 19 42 79
43 46 63 29 121 159
39 36 34 67 82 119
25 12 60 14 41 79
1 40 27 51 41 79
34 22 70 23 161 199
3 45 10 15 81 119
8 28 8 64 42 79
20 17 43 31 121 159
11 35 31 52 81 119
20 54 2 35 161 199
59 15 85 4 81 119
15 63 18 97 81 119
7 56 32 45 162 199
70 33 45 44 162 199
0 3 0 39 3 39
50 49 70 66 121 159
6 30 18 54 42 79
2 1 14 25 3 39
60 35 47 11 121 159
36 2 4 6 42 79
21 55 27 86 161 199
23 32 7 11 121 159
16 21 41 31 43 79
36 6 12 18 42 79
12 15 18 45 82 119
17 44 38 28 121 159
19 27 35 47 122 159
38 16 13 28 81 119
31 5 52 20 42 79
37 41 50 17 81 119
36 50 6 43 161 199
51 56 47 89 121 159
18 18 37 1 42 79
34 44 69 46 161 199
37 31 55 12 81 119
55 10 73 29 121 159
18 58 43 48 83 119
1 1 19 20 2 39
21 55 45 42 81 119
8 28 9 63 42 79
34 37 70 36 121 159
0 2 22 17 2 39
1 1 30 9 2 39
13 24 31 5 121 159
13 33 49 32 81 119
37 48 59 63 121 159
37 29 60 43 161 199
0 2 9 30 2 39
32 9 66 6 41 79
4 35 34 42 41 79
55 38 33 23 121 159
50 56 44 27 163 199
0 2 4 35 2 39
49 25 29 8 81 119
24 50 56 55 81 119
51 23 83 18 161 199
8 35 34 24 121 159
32 10 23 37 42 79
20 16 50 22 42 79
26 51 53 42 82 119
10 29 5 61 41 79
33 7 68 5 81 119
62 39 91 47 121 159
2 36 30 28 42 79
21 23 44 37 81 119
2 42 15 19 122 159
18 54 10 27 83 119
7 30 6 66 41 79
9 33 18 60 42 79
1 1 13 26 2 39
55 48 91 49 121 159
1 2 22 17 3 39
6 3 31 14 82 119
2 1 19 20 3 39
45 76 35 50 162 199
0 2 26 13 2 39
1 3 4 35 4 39
1 1 9 30 2 39
32 35 28 67 82 119
0 2 24 15 2 39
0 2 3 36 2 39
25 43 60 45 81 119
39 52 53 31 123 159
2 1 26 13 3 39
18 24 41 37 42 79
87 43 80 73 161 199
1 1 28 11 2 39
2 2 29 10 4 39
43 13 72 21 81 119
24 80 2 65 161 199
18 39 37 57 121 159
41 34 39 0 162 199
50 42 57 71 122 159
36 3 45 31 41 79
37 47 37 10 161 199
44 49 18 58 123 159
60 26 61 62 161 199
3 77 36 73 161 199
35 62 11 49 121 159
32 3 9 17 121 159
59 46 79 29 121 159
23 20 46 32 43 79
31 41 38 71 81 119
6 30 7 65 42 79
18 23 29 49 41 79
42 5 13 13 121 159
47 95 69 80 161 199
1 2 3 36 3 39
65 13 54 38 122 159
9 9 22 33 81 119
19 18 47 11 43 79
18 23 27 51 41 79
1 1 3 36 2 39
36 40 35 4 81 119
36 19 54 37 82 119
12 12 8 45 161 199
26 11 59 13 43 79
0 46 10 73 161 199
79 25 99 8 161 199
74 12 72 47 161 199
76 39 41 41 121 159
25 20 31 50 162 199
40 26 21 8 81 119
12 27 46 24 41 79
53 17 32 1 161 199
18 21 45 11 41 79
35 4 51 23 43 79
8 66 33 54 81 119
41 71 22 53 161 199
36 24 56 41 81 119
5 32 38 28 41 79
1 1 1 38 2 39
42 30 19 18 83 119
20 19 42 34 41 79
27 51 1 40 161 199
15 62 18 95 82 119
80 38 84 5 161 199
76 28 54 13 161 199
25 14 11 37 41 79
38 31 48 5 162 199
1 1 7 32 2 39
24 60 6 42 122 159
1 1 30 9 2 39
44 32 69 44 81 119
55 21 82 11 81 119
59 37 81 22 161 199
55 16 43 40 162 199
3 1 15 24 4 39
60 37 85 48 162 199
9 53 12 21 83 119
8 12 35 2 161 199
1 1 20 19 2 39
68 46 70 12 122 159
8 8 42 10 122 159
0 2 27 12 2 39
19 28 5 51 121 159
7 11 42 9 81 119
30 92 26 59 161 199
13 31 39 20 81 119
40 34 44 67 81 119
37 5 34 38 42 79
9 28 7 63 41 79
33 43 53 60 81 119
15 26 4 1 82 119
5 37 32 47 161 199
39 2 41 35 43 79
22 41 56 43 162 199
45 77 79 76 163 199
5 31 39 33 42 79
87 25 54 21 161 199
20 19 14 50 121 159
6 30 20 52 42 79
2 35 11 7 41 79
69 40 61 11 121 159
4 72 32 81 81 119
11 30 44 26 41 79
33 46 15 64 162 199
1 1 7 32 2 39
45 37 77 42 161 199
38 13 4 14 123 159
1 1 36 3 2 39
59 32 41 50 162 199
30 60 8 75 161 199
1 35 16 56 42 79
0 2 23 16 2 39
52 63 52 26 121 159
50 26 36 3 81 119
38 69 41 36 162 199
0 2 0 39 2 39
49 16 71 30 82 119
49 48 45 16 162 199
48 70 27 86 161 199
36 1 11 13 41 79
33 9 48 30 42 79
14 42 11 10 83 119
1 1 20 19 2 39
41 27 75 25 122 159
0 3 7 32 3 39
19 92 42 78 121 159
17 9 17 46 81 119
8 29 35 39 41 79
88 4 74 27 161 199
28 4 53 15 122 159
35 3 64 10 42 79
1 1 3 36 2 39
32 35 37 4 162 199
59 66 92 63 162 199
1 1 25 14 2 39
57 58 55 93 121 159
34 14 22 39 81 119
5 36 29 47 43 79
1 1 22 17 2 39
0 3 29 10 3 39
33 4 49 25 41 79
47 26 47 62 82 119
14 64 46 69 161 199
72 17 70 52 121 159
14 29 30 8 121 159
0 2 32 7 2 39
14 20 33 38 81 119
0 3 4 35 3 39
1 1 17 22 2 39
29 47 58 39 81 119
30 1 0 8 41 79
25 25 41 4 81 119
19 16 41 31 121 159
71 41 62 14 122 159
18 54 39 70 81 119
56 14 70 37 81 119
65 11 60 43 81 119
32 38 38 9 83 119
48 33 74 43 82 119
60 54 53 83 122 159
33 7 6 16 42 79
18 23 25 53 41 79
14 46 39 35 122 159
39 77 60 62 122 159
36 47 58 32 121 159
27 27 10 7 161 199
45 62 44 26 121 159
25 16 56 22 41 79
14 29 14 64 43 79
0 2 1 38 2 39
23 51 55 46 161 199
9 32 43 29 41 79
58 44 94 45 161 199
50 25 38 49 82 119
16 56 15 20 161 199
9 30 5 63 41 79
41 32 71 25 121 159
20 34 50 28 122 159
9 29 11 63 42 79
35 85 49 62 161 199
1 2 5 34 3 39
69 4 56 27 82 119
8 29 41 25 41 79
18 72 29 96 163 199
39 32 31 61 121 159
24 17 4 34 41 79
59 39 52 69 161 199
5 32 2 66 41 79
53 48 44 74 123 159
27 59 25 94 161 199
14 31 35 45 123 159
20 22 30 48 42 79
14 61 15 97 121 159
0 2 9 30 2 39
64 60 85 44 161 199
6 35 34 44 41 79
6 29 6 64 43 79
40 60 36 29 163 199
24 17 58 14 41 79
1 3 6 33 4 39
30 6 17 29 42 79
20 17 41 33 41 79
22 66 45 78 163 199
0 28 18 47 81 119
22 14 56 16 42 79
29 14 57 22 162 199
2 2 22 17 4 39
59 9 63 40 83 119
59 2 71 26 162 199
19 61 36 43 163 199
29 10 18 36 41 79
2 1 14 25 3 39
1 1 26 13 2 39
52 57 50 22 121 159
1 1 11 28 2 39
5 2 30 13 82 119
34 56 45 30 161 199
37 37 19 20 83 119
45 28 21 16 82 119
17 79 42 91 161 199
11 28 32 12 41 79
24 27 16 55 82 119
21 20 38 40 41 79
48 19 34 42 121 159
15 42 37 27 121 159
21 21 51 15 42 79
51 17 86 19 81 119
15 33 7 4 161 199
22 17 42 34 41 79
0 2 7 32 2 39
36 42 37 6 81 119
36 28 35 64 81 119
2 1 16 23 3 39
37 32 19 50 162 199
0 2 16 23 2 39
39 1 72 4 42 79
9 48 25 27 121 159
45 4 27 23 121 159
56 12 45 38 161 199
1 1 16 23 2 39
40 36 40 73 81 119
39 13 31 42 161 199
24 15 3 31 41 79
37 78 18 95 162 199
2 1 31 8 3 39
0 2 30 9 2 39
18 20 25 50 81 119
0 4 4 35 4 39
1 2 0 37 3 39
21 60 16 28 121 159
31 10 22 38 41 79
11 47 15 80 161 199
33 48 64 43 162 199
23 15 12 40 42 79
1 2 23 16 3 39
29 50 59 44 82 119
15 55 44 63 81 119
40 47 61 33 123 159
16 25 40 12 41 79
21 7 13 36 81 119
10 27 32 12 41 79
1 2 12 27 3 39
94 3 59 4 162 199
0 2 24 15 2 39
11 31 42 26 42 79
15 26 19 59 41 79
16 23 29 47 41 79
77 58 89 82 162 199
23 13 53 19 42 79
11 34 0 60 121 159
42 34 73 40 81 119
1 1 22 17 2 39
67 38 88 54 121 159
71 34 36 35 162 199
48 45 22 56 121 159
0 2 7 32 2 39
28 48 38 75 81 119
7 9 30 23 81 119
48 7 78 13 162 199
1 1 7 32 2 39
25 16 2 30 41 79
25 12 0 24 41 79
44 32 14 25 81 119
26 10 26 46 42 79
13 17 36 31 81 119
0 4 15 24 4 39
5 27 20 5 81 119
25 48 55 42 82 119
1 2 31 8 3 39
59 22 64 53 162 199
0 2 26 13 2 39
41 15 22 33 81 119
0 2 4 35 2 39
53 22 73 38 82 119
16 24 16 60 42 79
13 28 36 42 41 79
61 44 38 30 121 159
15 58 42 67 162 199
14 27 0 50 41 79
3 34 29 23 41 79
1 1 34 5 2 39
71 52 95 64 162 199
22 50 16 20 122 159
15 20 23 49 121 159
5 60 12 30 121 159
51 50 15 51 121 159
1 1 7 32 2 39
0 2 32 7 2 39
4 35 6 0 41 79
44 36 52 9 83 119
41 57 48 86 122 159
17 15 38 31 81 119
11 56 29 37 121 159
37 44 31 14 82 119
50 48 24 37 161 199
20 50 48 59 81 119
4 27 21 46 82 119
40 27 38 62 121 159
46 36 27 19 122 159
30 50 8 65 81 119
39 51 17 36 161 199
26 28 3 40 83 119
36 38 58 53 161 199
11 25 38 15 161 199
22 60 13 88 161 199
69 42 55 65 121 159
1 1 18 21 2 39
51 47 24 37 161 199
90 21 73 39 123 159
17 56 3 34 82 119
1 1 33 6 2 39
1 1 15 24 2 39
0 2 28 11 2 39
0 2 33 6 2 39
0 2 0 39 2 39
23 37 54 43 161 199
28 8 49 23 42 79
53 50 56 16 121 159
55 44 71 23 121 159
1 1 33 6 2 39
17 26 40 40 121 159
18 12 45 2 81 119
30 20 51 36 161 199
33 4 9 17 41 79
31 11 15 32 81 119
0 2 18 21 2 39
44 35 28 15 162 199
5 37 13 9 42 79
34 13 36 47 82 119
18 25 50 22 123 159
1 1 22 17 2 39
58 4 25 2 83 119
25 5 51 15 122 159
0 81 1 45 121 159
1 3 0 37 4 39
1 1 5 34 2 39
18 52 51 48 81 119
37 43 32 73 163 199
76 26 88 2 122 159
2 50 8 79 83 119
49 56 22 46 121 159
18 24 52 22 42 79
45 50 77 46 162 199
17 41 22 73 161 199
42 40 73 35 122 159
1 36 17 57 41 79
6 16 34 25 161 199
26 16 56 22 42 79
30 73 1 80 162 199
2 1 34 5 3 39
0 22 0 57 163 199
0 2 30 9 2 39
44 32 57 10 83 119
40 47 30 74 121 159
26 16 60 14 42 79
1 1 8 31 2 39
1 1 32 7 2 39
47 32 55 60 162 199
1 1 36 3 2 39
63 53 34 46 122 159
32 46 17 24 161 199
1 7 17 28 81 119
21 51 17 82 163 199
16 25 16 61 82 119
0 4 12 27 4 39
4 61 31 70 82 119
27 65 17 39 122 159
16 58 0 37 81 119
25 51 30 19 81 119
13 25 5 53 42 79
1 34 13 9 41 79
12 76 39 84 163 199
1 1 36 3 2 39
77 71 43 74 161 199
50 23 54 55 82 119
23 20 33 45 123 159
21 15 4 34 42 79
2 40 8 10 42 79
56 12 56 49 81 119
28 19 23 50 82 119
1 3 20 19 4 39
2 2 17 22 4 39
23 30 17 61 121 159
0 2 23 16 2 39
8 29 44 30 41 79
1 34 37 35 41 79
30 46 7 60 81 119
27 18 25 53 121 159
61 81 34 71 161 199
50 65 76 76 121 159
23 67 56 64 122 159
11 26 45 23 41 79
43 33 55 58 81 119
65 6 60 37 82 119
0 4 11 28 4 39
10 81 41 76 162 199
43 24 18 35 82 119
18 7 42 19 162 199
0 3 28 11 3 39
65 26 79 49 121 159
8 34 35 25 42 79
59 19 58 55 81 119
42 49 76 52 121 159
86 44 53 40 161 199
2 1 10 29 3 39
10 27 26 6 41 79
1 1 25 14 2 39
17 25 6 51 81 119
50 30 85 32 81 119
21 76 6 54 121 159
55 38 58 72 121 159
17 11 21 44 161 199
0 2 12 27 2 39
8 68 22 91 161 199
19 23 42 10 42 79
63 3 71 32 81 119
46 26 26 9 81 119
42 10 13 18 81 119
21 77 20 43 163 199
25 12 35 39 41 79
57 41 81 54 161 199
0 3 7 32 3 39
15 23 35 40 81 119
65 9 51 30 163 199
25 47 54 55 161 199
1 27 31 22 83 119
53 24 84 29 82 119
2 22 14 47 161 199
33 51 56 63 163 199
0 2 13 26 2 39
0 3 29 10 3 39
28 13 62 16 41 79
12 25 38 36 121 159
39 9 22 29 161 199
62 47 79 67 121 159
8 34 26 52 42 79
56 55 20 56 121 159
4 34 23 51 42 79
3 1 32 7 4 39
14 24 32 42 42 79
41 37 38 71 81 119
0 2 0 39 2 39
25 17 56 12 42 79
1 1 16 23 2 39
1 1 0 37 2 39
25 16 1 3 41 79
70 43 61 70 162 199
62 54 26 55 161 199
30 7 31 43 41 79
34 41 14 57 82 119
34 3 50 24 41 79
37 0 7 7 41 79
38 40 56 21 81 119
0 2 4 35 2 39
14 26 43 18 161 199
13 27 43 21 42 79
25 12 2 26 41 79
1 3 18 21 4 39
11 27 34 40 42 79
49 23 42 53 161 199
39 14 46 43 162 199
42 4 13 12 81 119
13 8 31 25 123 159
30 22 7 10 163 199
43 39 72 31 161 199
13 28 29 49 41 79
31 40 27 8 162 199
59 65 50 37 161 199
2 2 15 24 4 39
1 3 8 31 4 39
40 55 22 73 162 199
6 62 0 93 161 199
9 27 42 24 42 79
8 71 40 76 121 159
50 60 19 65 122 159
21 20 37 41 41 79
0 3 8 31 3 39
0 2 17 22 2 39
35 2 56 18 41 79
0 2 2 37 2 39
14 25 39 13 41 79
27 9 29 43 42 79
26 16 16 42 122 159
34 8 5 15 42 79
38 51 55 31 121 159
21 66 48 75 162 199
18 24 49 19 42 79
31 63 39 91 122 159
37 33 25 8 161 199
0 2 30 9 2 39
13 26 40 16 41 79
8 50 18 23 81 119
31 8 2 0 41 79
2 1 12 27 3 39
26 30 33 0 161 199
17 85 32 64 122 159
34 42 63 50 81 119
63 52 34 60 121 159
1 1 33 6 2 39
60 2 88 11 161 199
21 18 37 39 41 79
27 39 32 7 81 119
19 22 0 4 41 79
22 15 39 35 41 79
49 25 62 49 81 119
44 44 79 45 122 159
42 12 13 4 81 119
66 44 54 20 122 159
57 16 27 22 82 119
35 8 8 18 121 159
22 18 45 31 42 79
21 17 10 42 42 79
1 2 10 29 3 39
26 58 61 57 122 159
1 2 30 9 3 39
66 58 87 74 161 199
4 38 12 10 42 79
18 30 40 15 81 119
0 2 8 31 2 39
10 27 40 20 41 79
22 36 21 1 122 159
19 26 47 34 162 199
0 2 34 5 2 39
2 1 19 20 3 39
19 14 21 49 121 159
17 24 0 4 41 79
8 29 32 42 41 79
43 36 58 57 82 119
53 69 89 68 161 199
49 66 46 32 121 159
0 37 20 20 121 159
62 52 33 60 161 199
39 41 7 44 83 119
20 19 55 21 41 79
26 26 42 47 81 119
19 23 41 37 42 79
40 36 21 18 81 119
1 2 32 7 3 39
52 14 55 48 161 199
8 13 37 20 82 119
36 5 71 7 41 79
38 36 46 65 161 199
35 7 20 28 42 79
61 17 35 6 161 199
32 37 57 49 121 159
32 5 65 9 41 79
0 2 12 27 2 39
1 1 22 17 2 39
39 73 37 38 161 199
1 2 18 21 3 39
1 1 33 6 2 39
43 77 79 76 161 199
65 39 51 16 161 199
8 2 31 16 81 119
41 35 36 3 81 119
21 44 56 42 121 159
54 25 55 60 82 119
1 40 34 36 41 79
3 40 21 59 121 159
34 36 66 41 81 119
2 31 25 18 82 119
1 1 13 26 2 39
16 28 24 57 161 199
25 33 25 69 122 159
1 1 1 38 2 39
21 63 48 73 161 199
79 40 64 18 121 159
39 19 56 39 161 199
28 13 22 44 41 79
9 32 21 57 41 79
1 17 22 1 161 199
0 4 16 23 4 39
22 11 57 13 121 159
1 1 21 18 2 39
1 3 13 26 4 39
15 26 28 50 41 79
17 11 17 48 81 119
4 72 3 36 81 119
11 59 25 36 81 119
35 23 48 47 161 199
4 37 18 60 41 79
40 2 41 37 122 159
23 14 44 30 121 159
39 19 55 40 161 199
0 2 26 13 2 39
21 55 19 90 81 119
58 94 86 85 161 199
21 30 53 26 82 119
31 57 65 60 161 199
30 25 4 36 121 159
0 2 3 36 2 39
3 1 19 20 4 39
33 45 46 69 161 199
50 30 30 15 83 119
31 38 50 56 121 159
12 27 33 43 41 79
27 29 47 46 81 119
4 51 19 73 121 159
25 11 15 37 42 79
58 16 58 53 161 199
26 23 61 24 162 199
41 15 63 0 161 199
43 57 72 65 161 199
36 49 36 86 121 159
5 9 24 27 81 119
41 35 6 37 81 119
45 67 15 74 161 199
45 5 70 15 163 199
8 49 1 19 121 159
60 10 49 36 81 119
41 79 73 83 122 159
56 20 42 43 81 119
26 80 46 63 161 199
90 48 93 82 161 199
23 55 49 44 161 199
36 30 49 54 81 119
1 1 16 23 2 39
4 36 27 22 81 119
19 14 2 33 82 119
33 6 43 33 121 159
32 62 15 42 161 199
39 22 15 34 82 119
0 3 8 31 3 39
38 38 71 35 122 159
27 9 55 17 42 79
40 43 66 53 162 199
14 74 39 86 161 199
4 53 37 56 162 199
37 43 30 13 161 199
16 21 52 20 41 79
20 23 36 42 43 79
39 33 61 48 81 119
27 10 2 22 41 79
29 13 24 45 161 199
9 41 38 49 81 119
28 9 32 42 41 79
3 26 6 60 121 159
7 80 26 62 121 159
26 43 54 34 121 159
1 1 36 3 2 39
36 6 23 29 42 79
74 8 73 42 83 119
1 1 37 2 2 39
1 2 11 28 3 39
0 2 25 14 2 39
65 30 69 61 123 159
0 2 19 20 2 39
11 23 5 54 81 119
34 46 6 55 161 199
0 3 22 17 3 39
29 12 65 13 41 79
53 30 31 44 162 199
33 36 13 52 82 119
10 27 2 56 41 79
25 53 54 45 81 119
6 63 17 89 121 159
20 32 34 55 161 199
35 36 52 54 123 159
5 36 10 68 41 79
0 2 27 12 2 39
6 33 19 57 41 79
22 54 49 64 81 119
55 8 58 42 121 159
47 39 25 54 161 199
2 1 24 15 3 39
75 37 52 50 122 159
45 31 40 63 81 119
0 37 14 14 41 79
10 39 8 73 82 119
4 37 38 40 41 79
72 31 48 18 121 159
35 37 42 7 81 119
42 4 20 18 122 159
14 62 5 34 81 119
0 2 3 36 2 39
36 40 30 9 81 119
41 20 29 44 82 119
4 2 21 22 81 119
23 18 18 50 41 79
17 41 14 75 161 199
1 1 25 14 2 39
46 31 14 27 82 119
52 61 30 76 121 159
20 23 34 45 82 119
0 2 8 31 2 39
15 20 46 24 43 79
61 16 34 7 82 119
89 27 65 38 163 199
0 2 21 18 2 39
0 2 7 32 2 39
1 1 28 11 2 39
1 1 22 17 2 39
36 35 14 50 121 159
30 19 41 44 162 199
29 12 33 45 41 79
21 3 19 38 161 199
57 18 75 0 82 119
42 57 35 87 121 159
40 36 69 28 81 119
1 1 34 5 2 39
26 39 43 20 82 119
3 5 8 37 81 119
9 38 44 36 121 159
15 16 39 29 121 159
4 37 40 36 41 79
69 30 37 35 121 159
39 13 27 38 81 119
47 46 81 49 121 159
1 1 32 7 2 39
63 50 36 60 121 159
1 56 18 76 121 159
27 49 4 35 81 119
16 20 21 51 42 79
40 54 34 23 161 199
21 67 56 68 122 159
32 17 33 53 121 159
5 52 14 80 121 159
38 68 49 94 161 199
42 21 55 44 162 199
15 5 31 26 161 199
21 75 23 40 161 199
22 15 58 14 41 79
14 2 19 32 83 119
43 7 32 31 163 199
55 33 19 32 161 199
21 20 47 9 41 79
14 18 39 28 163 199
1 1 34 5 2 39
76 50 88 75 161 199
31 11 50 29 81 119
27 15 42 36 42 79
1 3 6 33 4 39
38 65 17 81 121 159
25 22 35 49 121 159
66 7 66 43 162 199
54 59 29 47 121 159
30 81 8 96 121 159
27 49 30 15 161 199
86 14 62 25 163 199
68 9 55 33 121 159
21 21 52 15 161 199
16 50 20 17 81 119
26 75 15 49 121 159
2 35 16 58 121 159
15 61 40 49 161 199
68 5 33 6 82 119
0 2 32 7 2 39
57 25 51 54 163 199
64 51 64 14 121 159
18 45 32 22 121 159
16 25 9 55 41 79
10 27 35 39 121 159
8 21 16 49 82 119
12 27 34 12 41 79
1 1 19 20 2 39
19 25 54 26 122 159
0 1 3 34 82 119
60 4 85 16 161 199
22 19 25 53 41 79
69 43 36 46 122 159
5 32 22 52 41 79
0 2 33 6 2 39
45 34 26 16 121 159
27 17 19 46 161 199
35 50 37 16 162 199
18 40 30 15 81 119
13 24 31 43 121 159
70 7 56 30 121 159
80 32 53 22 161 199
30 7 53 21 121 159
24 16 50 6 122 159
41 10 39 45 121 159
27 14 60 10 41 79
78 40 97 58 161 199
1 1 12 27 2 39
29 11 19 37 42 79
35 2 55 17 43 79
40 71 38 36 121 159
2 1 16 23 3 39
27 14 18 42 41 79
36 5 38 40 41 79
21 20 3 1 41 79
22 70 51 63 122 159
0 2 36 3 2 39
15 59 37 74 81 119
43 72 79 73 121 159
2 45 36 48 121 159
1 40 29 49 121 159
38 92 63 80 161 199
2 69 14 45 82 119
2 1 31 8 3 39
15 26 51 27 41 79
0 4 13 26 4 39
12 65 0 41 82 119
26 40 57 34 81 119
20 58 34 81 81 119
16 58 51 56 161 199
41 33 36 1 81 119
2 1 0 35 3 39
24 53 44 70 121 159
14 27 19 59 41 79
19 56 25 86 82 119
50 30 28 45 161 199
18 25 35 43 43 79
12 38 27 16 81 119
1 3 9 30 4 39
42 68 34 96 122 159
65 38 82 18 121 159
13 25 28 4 122 159
0 2 1 38 2 39
65 11 71 42 81 119
1 23 30 31 81 119
48 28 13 30 81 119
27 47 41 70 81 119
59 37 75 58 161 199
8 32 34 22 42 79
1 37 35 35 42 79
60 39 44 58 123 159
1 1 28 11 2 39
0 2 15 24 2 39
0 2 21 18 2 39
1 2 17 22 3 39
2 1 4 35 3 39
10 24 18 53 81 119
1 2 14 25 3 39
37 2 59 17 41 79
39 76 17 91 121 159
16 61 27 36 162 199
0 2 6 33 2 39
32 3 32 38 43 79
0 2 0 39 81 119
7 7 27 22 83 119
27 55 30 22 122 159
9 45 29 62 81 119
1 1 14 25 2 39
18 56 38 73 81 119
11 29 21 2 161 199
1 1 14 25 2 39
32 10 24 38 122 159
32 46 27 78 161 199
1 1 3 36 2 39
21 53 17 20 81 119
33 59 43 33 122 159
24 13 53 21 41 79
0 2 11 28 2 39
1 1 34 5 2 39
23 17 50 27 81 119
44 57 13 51 121 159
12 27 23 53 41 79
51 25 41 52 81 119
0 35 0 70 43 79
1 2 17 22 3 39
0 2 29 10 2 39
2 55 37 54 162 199
17 47 43 57 122 159
5 33 12 62 42 79
27 39 7 56 81 119
7 59 33 69 122 159
4 44 6 9 81 119
56 59 35 75 121 159
11 27 41 33 42 79
2 39 1 75 41 79
21 15 37 35 42 79
8 5 34 16 121 159
38 73 41 39 121 159
22 19 47 7 41 79
31 31 29 66 161 199
63 45 63 82 161 199
65 52 90 64 121 159
1 1 30 9 2 39
1 1 13 26 2 39
62 48 31 52 163 199
37 2 12 14 121 159
75 76 66 49 162 199
34 5 31 39 41 79
67 44 36 48 123 159
0 3 25 14 3 39
8 31 3 63 41 79
31 19 44 42 122 159
0 2 34 5 2 39
6 70 29 56 161 199
8 65 24 85 82 119
1 44 35 47 121 159
35 46 61 56 162 199
12 29 37 17 41 79
27 47 26 11 81 119
26 81 3 93 123 159
2 2 24 15 4 39
5 72 5 36 82 119
56 96 45 70 161 199
0 3 34 1 3 39
1 1 18 21 2 39
57 13 23 16 81 119
3 36 36 40 41 79
1 2 14 25 3 39
21 45 1 62 81 119
46 30 49 64 161 199
25 11 43 29 42 79
13 15 18 47 81 119
41 42 25 21 121 159
39 35 25 58 81 119
85 2 99 25 121 159
67 44 33 47 121 159
31 55 21 81 122 159
8 31 29 15 41 79
0 3 13 26 3 39
30 77 13 97 121 159
59 34 37 19 121 159
12 25 3 53 41 79
1 1 33 6 2 39
38 12 26 37 81 119
21 59 54 55 81 119
25 64 32 36 123 159
9 32 41 27 41 79
32 10 60 2 42 79
9 7 45 6 81 119
25 10 18 39 162 199
76 77 42 75 162 199
13 61 42 53 161 199
26 84 38 60 122 159
58 21 44 43 82 119
38 53 25 29 121 159
47 60 34 36 121 159
1 1 14 25 2 39
57 3 92 2 122 159
36 12 41 44 81 119
20 22 34 44 42 79
33 43 39 12 161 199
56 10 60 43 81 119
0 4 16 23 4 39
72 41 60 66 121 159
23 18 31 47 41 79
37 8 39 43 121 159
0 2 9 30 2 39
21 16 47 5 41 79
49 79 69 96 161 199
16 30 52 31 81 119
56 18 72 38 122 159
33 5 52 22 122 159
29 8 58 0 41 79
2 2 25 14 4 39
0 2 8 31 2 39
0 3 19 20 3 39
2 58 25 72 161 199
0 2 25 14 2 39
27 10 61 7 41 79
2 1 20 19 3 39
45 80 32 57 162 199
28 13 5 27 41 79
28 88 23 57 122 159
29 52 26 85 82 119
0 3 14 25 3 39
1 3 17 22 4 39
14 25 35 41 41 79
78 26 64 3 161 199
37 41 60 55 161 199
16 30 31 51 122 159
8 68 26 87 81 119
70 64 34 63 161 199
9 30 39 37 41 79
61 19 89 28 161 199
18 16 49 20 83 119
1 2 23 16 3 39
25 28 36 2 121 159
2 1 9 30 3 39
39 31 39 68 81 119
26 8 11 29 122 159
11 40 13 5 121 159
59 49 36 36 122 159
13 57 41 48 81 119
42 18 24 37 81 119
66 20 67 56 161 199
2 1 23 16 3 39
14 48 33 32 163 199
52 24 70 5 81 119
6 35 11 3 41 79
21 15 36 36 42 79
1 2 11 28 3 39
14 93 40 82 121 159
30 44 40 71 161 199
77 14 65 38 162 199
24 42 57 38 81 119
60 55 26 52 121 159
25 10 52 20 121 159
31 8 50 26 41 79
22 19 19 51 43 79
23 13 31 41 42 79
41 35 53 10 81 119
1 1 14 25 2 39
27 45 34 15 161 199
37 41 20 23 83 119
0 2 11 28 2 39
3 32 24 48 121 159
23 37 25 72 81 119
0 3 31 8 3 39
38 42 7 48 161 199
5 51 34 59 81 119
39 11 41 46 81 119
56 39 87 45 121 159
1 1 12 27 2 39
93 18 78 39 162 199
6 36 3 69 122 159
62 10 77 30 83 119
3 32 30 24 43 79
45 14 59 36 82 119
1 3 32 7 4 39
51 60 78 70 121 159
1 1 30 9 2 39
16 24 8 52 42 79
13 28 21 57 41 79
15 24 35 41 41 79
36 7 43 35 123 159
31 5 4 14 42 79
1 3 23 16 4 39
1 1 11 28 2 39
30 5 44 26 43 79
5 45 15 72 161 199
63 5 50 28 122 159
58 12 61 46 161 199
25 32 12 9 162 199
36 40 59 26 81 119
28 76 22 45 161 199
31 46 29 11 121 159
7 58 35 49 121 159
10 26 13 59 42 79
16 60 48 55 81 119
42 45 46 13 162 199
2 2 14 25 4 39
40 45 12 37 162 199
0 2 25 14 2 39
66 4 77 28 83 119
35 41 36 76 122 159
42 9 37 41 121 159
24 13 36 38 41 79
44 2 74 9 81 119
19 55 34 75 83 119
42 75 20 61 162 199
11 26 15 59 121 159
42 3 49 32 82 119
8 29 43 31 41 79
53 47 77 34 161 199
38 34 55 16 163 199
16 21 48 16 41 79
1 1 33 6 2 39
41 88 10 93 162 199
6 1 31 13 121 159
17 24 2 2 41 79
40 54 19 69 122 159
1 1 5 34 2 39
60 64 86 75 161 199
28 66 7 82 161 199
33 44 20 20 121 159
58 40 52 10 122 159
1 9 20 27 161 199
16 15 10 45 82 119
36 79 24 55 162 199
22 15 35 39 41 79
71 44 40 50 121 159
42 51 33 78 162 199
1 1 1 38 2 39
8 29 35 39 41 79
27 11 2 0 122 159
0 3 35 2 3 39
41 81 30 55 161 199
0 3 32 7 3 39
31 6 7 19 41 79
0 2 24 15 2 39
24 48 38 71 81 119
30 37 38 65 162 199
0 2 29 10 2 39
0 4 0 39 4 39
1 1 11 28 2 39
8 33 32 44 43 79
6 2 19 25 122 159
33 9 52 26 42 79
14 27 50 28 41 79
54 65 47 95 121 159
26 41 47 57 121 159
19 23 18 58 42 79
47 33 47 69 122 159
41 46 63 59 123 159
25 37 20 6 122 159
35 39 22 63 81 119
51 25 87 26 81 119
1 1 13 26 2 39
1 1 7 32 2 39
60 34 35 22 161 199
3 3 11 32 161 199
17 22 5 47 41 79
43 27 13 22 83 119
18 36 50 41 161 199
56 26 47 54 161 199
23 14 56 10 41 79
12 31 42 36 43 79
31 23 51 40 81 119
7 4 18 29 162 199
3 5 14 30 122 159
26 58 27 94 161 199
59 17 74 39 81 119
10 31 36 42 41 79
27 35 57 42 81 119
44 21 43 57 121 159
16 25 40 38 41 79
62 56 75 32 161 199
33 21 27 51 122 159
4 34 18 12 42 79
31 45 65 42 81 119
64 64 42 49 161 199
49 66 25 54 162 199
58 14 59 50 81 119
20 17 11 45 41 79
0 2 9 30 2 39
26 37 0 26 121 159
10 25 31 39 43 79
1 2 34 5 3 39
27 12 24 46 41 79
0 2 19 20 2 39
25 55 10 33 161 199
17 32 44 40 123 159
0 2 35 4 2 39
52 21 83 16 82 119
22 42 43 27 122 159
50 23 73 10 82 119
73 37 56 57 161 199
61 17 53 46 81 119
35 7 46 32 42 79
31 42 65 40 82 119
36 50 19 70 161 199
27 11 50 24 42 79
2 1 8 31 3 39
7 30 24 50 41 79
31 8 38 38 41 79
3 32 34 26 121 159
30 46 61 52 81 119
1 1 32 7 2 39
39 13 39 50 81 119
32 5 2 12 41 79
41 42 44 75 162 199
0 3 6 33 3 39
5 32 15 59 41 79
16 26 6 0 42 79
52 28 78 19 83 119
6 31 39 35 41 79
2 1 6 33 3 39
0 2 35 4 2 39
11 21 4 50 122 159
50 27 63 50 162 199
61 63 27 66 161 199
1 1 37 2 2 39
20 34 36 13 81 119
1 2 11 28 3 39
2 2 26 13 4 39
36 5 8 14 121 159
27 15 23 46 163 199
16 21 15 57 41 79
30 5 21 31 43 79
9 61 10 97 81 119
34 55 65 61 121 159
23 12 20 44 43 79
12 31 31 49 121 159
16 46 32 67 81 119
0 32 29 38 83 119
14 27 10 60 41 79
19 48 0 31 162 199
2 2 12 27 4 39
3 38 10 8 41 79
16 22 38 7 161 199
0 42 3 75 122 159
1 1 0 37 2 39
66 30 66 66 122 159
29 50 31 84 162 199
4 40 6 6 122 159
0 2 25 14 2 39
0 2 6 33 2 39
25 72 20 41 162 199
42 33 13 26 82 119
38 36 51 58 83 119
2 1 22 17 3 39
14 55 29 33 121 159
42 30 77 28 81 119
2 1 20 19 3 39
24 59 49 47 121 159
43 32 35 4 82 119
36 5 25 31 41 79
2 1 26 13 3 39
25 12 54 6 43 79
1 1 24 15 2 39
28 40 45 59 122 159
32 5 11 21 41 79
31 44 28 77 82 119
75 30 93 11 121 159
30 42 53 56 81 119
10 12 16 42 122 159
14 23 38 36 41 79
1 1 19 20 2 39
37 3 40 37 81 119
43 73 75 68 161 199
15 94 10 63 162 199
8 35 22 58 121 159
24 14 15 41 122 159
23 16 9 39 41 79
0 2 23 16 2 39
49 24 56 53 82 119
12 35 44 30 121 159
7 30 34 20 41 79
29 47 0 55 81 119
33 40 12 55 82 119
81 28 71 55 121 159
8 67 41 63 121 159
9 9 6 43 81 119
26 49 41 27 121 159
51 48 29 63 121 159
11 63 42 69 81 119
14 24 39 13 42 79
1 2 27 12 3 39
28 11 64 10 41 79
59 50 39 33 121 159
48 30 60 7 163 199
71 29 94 43 161 199
1 1 31 8 2 39
6 13 0 43 82 119
28 48 61 52 81 119
1 1 29 10 2 39
1 2 36 1 3 39
1 1 30 9 2 39
16 21 17 57 41 79
46 1 58 24 123 159
87 28 65 13 121 159
33 42 2 37 82 119
0 2 0 39 2 39
34 0 10 12 122 159
80 44 92 69 161 199
38 72 34 40 122 159
29 6 35 36 82 119
1 2 35 0 3 39
14 23 3 49 41 79
36 3 32 36 41 79
33 0 39 31 121 159
46 35 15 29 121 159
15 23 5 48 163 199
51 21 17 24 161 199
12 29 45 33 41 79
67 3 39 11 122 159
55 37 26 43 163 199
0 2 9 30 2 39
35 3 17 21 42 79
1 3 11 28 4 39
2 1 20 19 3 39
61 59 57 92 161 199
10 27 11 63 41 79
5 11 36 17 161 199
32 43 11 28 82 119
0 2 8 31 2 39
43 48 57 26 162 199
1 1 36 3 2 39
59 5 92 1 161 199
14 58 50 57 81 119
0 2 36 1 2 39
12 46 30 28 122 159
23 53 22 89 81 119
28 20 47 2 161 199
57 83 91 80 161 199
1 1 37 2 81 119
30 14 30 51 161 199
12 63 47 64 82 119
43 33 49 64 81 119
18 24 38 41 81 119
31 49 42 75 81 119
11 6 39 15 121 159
41 35 44 69 161 199
7 34 7 71 41 79
1 1 5 34 2 39
26 90 57 95 122 159
20 78 42 93 161 199
0 3 25 14 3 39
33 4 32 40 41 79
40 45 56 24 121 159
34 71 38 39 162 199
8 14 33 2 81 119
8 33 29 17 41 79
32 3 28 36 41 79
28 9 59 15 41 79
44 23 67 10 82 119
38 66 23 44 161 199
1 2 16 23 3 39
59 48 32 58 121 159
51 26 51 62 82 119
35 44 63 53 121 159
69 59 59 32 161 199
38 3 60 18 121 159
23 53 30 24 122 159
1 2 7 32 3 39
33 24 67 27 121 159
0 1 4 33 82 119
32 47 42 73 82 119
0 2 3 36 2 39
36 40 22 17 81 119
39 37 65 26 81 119
2 1 37 0 3 39
1 2 23 16 3 39
7 19 0 49 161 199
24 46 41 66 161 199
24 17 48 30 41 79
5 34 38 31 162 199
65 57 48 77 161 199
1 3 27 12 4 39
33 8 59 19 41 79
1 1 21 18 2 39
0 2 16 23 2 39
7 37 8 73 161 199
0 3 28 11 3 39
35 2 4 6 43 79
31 5 46 26 42 79
73 41 68 10 122 159
54 18 89 20 161 199
1 59 15 82 161 199
18 48 52 47 163 199
0 2 24 15 2 39
27 9 54 18 42 79
80 50 77 84 161 199
3 38 9 69 41 79
24 17 31 47 41 79
55 55 75 40 163 199
42 34 44 69 81 119
0 3 5 34 3 39
5 35 20 56 42 79
41 33 49 4 81 119
11 27 23 3 42 79
0 2 17 22 2 39
74 3 40 1 82 119
1 83 27 94 161 199
3 1 10 29 4 39
0 2 13 26 2 39
86 16 55 11 122 159
21 26 48 16 121 159
24 14 26 48 42 79
25 22 57 26 82 119
32 10 9 23 42 79
48 32 46 67 161 199
2 1 31 8 3 39
4 36 10 6 42 79
44 25 61 5 121 159
16 14 13 48 81 119
60 26 61 62 161 199
21 40 8 64 121 159
46 28 68 43 81 119
20 53 36 73 82 119
28 9 25 43 41 79
46 43 72 54 121 159
33 41 21 66 81 119
87 28 95 57 121 159
47 5 80 9 81 119
46 61 69 48 162 199
27 16 59 21 121 159
57 16 70 39 82 119
32 48 36 15 161 199
35 41 50 63 81 119
0 2 16 23 2 39
8 34 18 8 42 79
1 1 8 31 2 39
24 14 43 31 42 79
15 22 15 59 121 159
27 15 28 50 42 79
0 2 0 39 2 39
38 4 48 30 42 79
7 31 31 19 122 159
13 54 47 57 121 159
15 29 49 27 122 159
60 30 53 58 163 199
28 73 0 82 121 159
29 42 63 43 123 159
30 11 65 9 41 79
36 5 1 7 41 79
15 57 33 75 122 159
12 23 48 22 121 159
35 2 68 6 41 79
24 12 40 32 42 79
18 79 7 53 121 159
27 40 8 58 121 159
1 1 17 22 2 39
47 35 24 49 161 199
61 15 67 44 163 199
16 21 29 45 121 159
29 42 14 63 162 199
0 2 26 13 2 39
33 8 8 20 41 79
48 68 20 76 122 159
69 21 62 50 122 159
41 13 20 29 81 119
1 1 10 29 2 39
9 27 42 30 42 79
14 94 27 72 163 199
24 52 8 32 122 159
25 41 1 28 81 119
37 0 18 18 121 159
9 28 11 63 41 79
11 65 27 44 81 119
22 82 31 54 161 199
54 37 89 36 162 199
0 2 22 17 2 39
39 33 62 19 161 199
0 2 6 33 2 39
44 76 55 51 122 159
24 17 25 53 121 159
0 2 29 10 2 39
2 1 9 30 3 39
22 43 22 80 121 159
29 13 2 23 81 119
28 46 4 33 161 199
53 44 31 29 121 159
30 13 43 37 121 159
1 1 14 25 2 39
45 13 34 39 81 119
58 14 92 17 81 119
1 2 18 21 3 39
1 1 16 23 2 39
17 63 51 60 161 199
15 56 23 84 82 119
43 39 18 49 83 119
44 23 20 35 82 119
25 14 19 43 123 159
13 64 16 98 121 159
24 26 10 5 163 199
15 21 15 57 42 79
1 1 10 29 2 39
41 27 14 19 83 119
35 43 51 22 81 119
30 11 63 15 41 79
41 37 59 56 81 119
1 2 35 0 3 39
38 73 66 82 121 159
0 2 32 7 2 39
34 54 13 68 163 199
2 2 34 5 4 39
1 1 10 29 2 39
0 69 31 74 162 199
25 2 22 36 121 159
33 6 54 22 41 79
2 1 13 26 3 39
9 27 39 33 42 79
18 55 42 42 121 159
36 10 17 28 81 119
2 60 5 27 122 159
11 30 33 15 41 79
1 3 31 8 4 39
11 46 32 31 162 199
29 7 8 22 42 79
2 37 10 8 41 79
37 2 25 27 41 79
37 63 7 69 122 159
1 1 25 14 2 39
5 41 22 59 83 119
35 43 1 46 81 119
15 22 15 59 41 79
49 71 50 35 161 199
72 40 59 63 122 159
19 55 30 79 83 119
53 75 50 41 161 199
42 32 27 10 81 119
18 18 41 5 42 79
17 24 40 38 41 79
66 14 50 35 161 199
21 16 44 2 41 79
33 26 53 43 121 159
64 10 80 31 81 119
9 27 14 58 42 79
35 1 26 28 42 79
5 32 30 44 41 79
52 96 28 83 161 199
3 1 2 35 4 39
49 12 19 18 162 199
48 30 82 27 81 119
95 24 63 20 162 199
48 30 33 52 81 119
1 1 20 19 2 39
31 1 45 24 161 199
0 3 19 20 3 39
30 10 59 18 81 119
34 5 0 8 41 79
0 2 30 9 2 39
31 7 24 36 42 79
51 62 73 77 121 159
46 63 56 90 121 159
12 25 44 30 41 79
1 1 28 11 2 39
13 24 19 55 41 79
20 12 6 34 122 159
37 39 59 54 161 199
60 6 60 43 161 199
76 46 50 35 161 199
0 3 10 29 3 39
18 10 38 27 81 119
31 39 12 21 81 119
9 29 19 55 122 159
56 21 78 6 121 159
3 3 8 35 81 119
8 13 40 17 162 199
1 1 34 5 2 39
17 34 40 20 121 159
0 3 27 12 3 39
40 28 71 34 81 119
22 40 32 13 81 119
8 33 41 37 41 79
1 1 20 19 2 39
14 25 39 37 41 79
3 1 5 34 4 39
26 10 13 33 42 79
30 15 33 49 121 159
16 73 36 56 121 159
1 2 30 9 3 39
36 17 30 48 121 159
54 34 26 27 163 199
19 18 13 49 41 79
13 28 49 27 41 79
17 47 29 72 81 119
38 38 34 71 161 199
22 14 47 3 42 79
23 19 5 37 42 79
12 61 45 64 82 119
80 0 95 22 161 199
39 47 24 25 161 199
19 19 47 10 161 199
22 18 10 42 42 79
53 56 35 37 121 159
63 3 27 2 81 119
18 23 10 52 41 79
23 84 0 70 121 159
22 84 37 64 163 199
31 42 47 62 82 119
65 51 86 67 161 199
17 57 49 52 161 199
63 65 98 63 161 199
18 33 39 17 121 159
19 30 14 61 82 119
61 43 25 44 161 199
24 52 59 50 81 119
45 29 26 13 83 119
54 47 39 69 121 159
63 14 85 28 82 119
2 1 20 19 3 39
43 27 19 40 81 119
50 55 36 32 121 159
18 10 17 46 81 119
46 64 62 85 161 199
2 1 14 25 3 39
1 1 7 32 2 39
36 44 9 52 163 199
4 36 13 64 81 119
17 22 27 49 41 79
23 49 30 21 83 119
29 10 61 15 41 79
44 36 43 72 81 119
21 24 31 51 121 159
19 76 54 74 121 159
0 3 10 29 3 39
7 13 23 34 81 119
0 4 27 12 4 39
23 82 35 57 121 159
50 30 85 28 161 199
0 2 12 27 2 39
1 1 14 25 2 39
11 30 30 12 41 79
7 32 43 33 41 79
0 2 22 17 2 39
1 1 14 25 2 39
15 27 37 13 42 79
1 2 33 6 3 39
26 7 38 32 121 159
23 20 52 27 162 199
33 10 13 26 162 199
28 38 44 59 81 119
2 12 12 39 161 199
3 1 4 35 4 39
41 29 7 32 161 199
20 74 9 49 122 159
6 35 39 39 121 159
55 15 79 26 83 119
31 20 51 37 121 159
11 13 26 35 81 119
36 61 68 65 162 199
54 35 86 39 162 199
1 1 36 3 2 39
83 4 80 36 123 159
29 45 17 70 81 119
37 5 41 37 122 159
54 92 65 66 161 199
29 12 10 28 43 79
46 64 79 67 122 159
30 0 20 27 161 199
51 64 17 61 121 159
17 13 33 34 81 119
1 3 9 30 4 39
10 26 20 52 42 79
32 6 6 16 42 79
60 37 89 44 162 199
19 18 45 29 41 79
30 5 56 14 43 79
13 30 47 29 43 79
25 47 16 19 81 119
1 1 7 32 2 39
79 33 58 18 122 159
30 44 52 31 83 119
25 26 5 9 121 159
5 7 12 37 161 199
17 25 40 38 122 159
0 2 12 27 2 39
56 57 40 78 121 159
3 34 10 64 41 79
67 63 42 73 163 199
0 3 6 33 3 39
7 34 34 44 41 79
1 1 17 22 2 39
10 29 44 26 41 79
49 17 63 40 161 199
7 63 0 93 81 119
12 5 12 42 121 159
42 33 47 64 82 119
59 28 66 57 162 199
0 2 3 36 2 39
75 2 56 20 121 159
0 2 6 33 2 39
22 82 15 52 161 199
3 34 30 24 41 79
1 1 6 33 2 39
50 24 32 43 81 119
67 49 32 47 161 199
34 7 10 20 41 79
17 26 16 62 121 159
15 48 26 74 121 159
25 16 6 34 41 79
35 29 42 59 81 119
1 2 35 0 3 39
98 22 92 51 163 199
0 37 15 15 41 79
0 2 0 39 2 39
1 1 9 30 2 39
60 15 47 38 162 199
22 74 13 48 163 199
15 91 25 66 163 199
13 24 42 16 41 79
39 41 71 36 81 119
1 1 17 22 2 39
34 2 9 13 122 159
42 22 7 20 161 199
2 1 30 9 3 39
51 58 43 87 121 159
41 45 52 70 122 159
82 28 95 5 122 159
59 13 29 6 81 119
25 29 57 34 161 199
2 1 22 17 3 39
52 23 41 48 82 119
5 84 32 74 121 159
2 2 5 34 4 39
6 33 38 28 41 79
1 1 18 21 2 39
3 36 22 20 123 159
49 52 49 87 123 159
42 73 27 51 121 159
7 34 26 16 41 79
3 38 23 55 41 79
8 54 22 31 81 119
25 19 51 29 122 159
47 75 79 72 163 199
41 33 74 37 81 119
13 25 24 51 81 119
1 1 17 22 2 39
0 92 19 76 163 199
33 39 69 38 161 199
7 39 4 6 122 159
11 30 39 39 41 79
26 15 56 8 41 79
17 44 38 59 82 119
43 22 79 23 121 159
25 21 23 55 122 159
48 52 38 25 161 199
18 23 45 15 43 79
41 95 13 86 161 199
34 38 56 53 81 119
54 66 65 40 161 199
0 2 30 9 2 39
57 71 62 39 161 199
0 43 25 31 121 159
37 34 64 43 82 119
1 1 24 15 2 39
76 78 71 46 161 199
58 14 58 51 81 119
21 19 41 35 42 79
20 16 15 47 42 79
1 2 23 16 3 39
33 4 16 24 41 79
28 6 55 14 83 119
1 1 20 19 2 39
0 3 12 27 3 39
27 11 1 21 122 159
21 20 49 29 121 159
2 1 5 34 3 39
30 49 62 54 121 159
53 53 74 69 161 199
1 1 17 22 2 39
21 18 25 51 41 79
15 24 43 33 41 79
35 91 62 81 161 199
22 15 17 47 41 79
64 14 64 51 81 119
3 34 7 1 121 159
4 47 21 28 82 119
2 1 33 6 3 39
29 29 34 60 122 159
21 43 33 18 81 119
7 41 21 64 161 199
32 9 51 27 41 79
1 1 36 3 2 39
48 13 42 43 82 119
9 22 5 54 82 119
45 74 73 83 121 159
40 7 39 43 121 159
20 15 7 39 121 159
5 35 6 71 81 119
54 57 22 62 121 159
40 65 29 91 121 159
2 1 7 32 3 39
21 30 55 33 121 159
90 66 64 77 161 199
27 49 6 65 81 119
10 29 41 23 41 79
38 57 33 88 162 199
41 34 18 20 121 159
0 3 21 18 3 39
14 48 8 79 161 199
0 2 20 19 2 39
45 44 66 60 121 159
60 18 42 35 83 119
25 17 23 52 81 119
45 8 30 30 121 159
1 1 25 14 2 39
12 68 12 31 161 199
41 72 55 95 121 159
6 36 26 20 42 79
48 70 77 63 122 159
48 39 34 62 121 159
95 49 91 82 161 199
4 32 33 25 42 79
0 2 27 12 2 39
32 9 38 40 41 79
31 33 15 54 81 119
1 13 35 16 81 119
58 55 74 76 121 159
50 47 78 38 121 159
32 19 62 14 123 159
38 11 59 25 123 159
76 13 50 24 121 159
11 31 31 48 161 199
49 25 18 21 163 199
28 8 9 25 42 79
28 26 7 42 81 119
42 28 26 49 81 119
1 1 22 17 2 39
33 50 56 63 162 199
0 4 2 37 4 39
1 1 1 38 2 39
24 54 19 24 83 119
97 37 92 69 161 199
35 37 22 13 81 119
0 2 9 30 2 39
1 2 25 14 3 39
41 37 54 13 161 199
8 56 43 54 161 199
22 19 50 10 41 79
45 32 38 61 162 199
1 1 19 20 2 39
56 12 77 28 161 199
0 2 24 15 2 39
78 40 95 60 161 199
40 38 37 4 161 199
72 39 81 13 123 159
12 64 20 35 81 119
61 12 30 17 162 199
35 27 61 38 161 199
56 15 59 49 121 159
0 2 6 33 2 39
22 46 47 34 81 119
30 61 65 63 121 159
30 11 17 35 41 79
52 35 74 49 162 199
0 2 28 11 2 39
0 2 35 0 2 39
29 21 4 33 81 119
1 1 35 4 2 39
0 2 22 17 2 39
28 11 50 24 123 159
0 3 5 34 3 39
0 3 16 23 3 39
46 29 64 11 162 199
62 42 55 12 161 199
33 48 2 53 162 199
35 23 43 52 161 199
43 3 40 36 122 159
3 1 35 4 4 39
0 2 0 39 2 39
0 41 12 66 41 79
10 65 2 93 82 119
3 37 31 29 42 79
65 11 39 22 81 119
34 45 16 63 82 119
39 72 33 41 121 159
39 1 65 11 42 79
2 37 32 32 43 79
8 33 34 44 41 79
30 11 13 31 41 79
55 35 21 38 161 199
37 33 61 20 161 199
1 1 25 14 2 39
1 1 28 11 2 39
0 3 7 32 3 39
17 20 31 41 43 79
28 46 63 44 81 119
64 46 48 26 122 159
27 10 16 36 121 159
14 22 6 50 42 79
47 66 41 97 121 159
15 27 44 20 42 79
1 3 20 19 4 39
17 19 1 40 161 199
56 20 92 21 161 199
5 1 14 27 83 119
62 16 87 28 81 119
33 55 22 80 122 159
2 2 28 11 4 39
3 19 20 38 122 159
23 14 41 33 41 79
18 21 31 45 41 79
33 8 17 29 41 79
2 33 16 10 121 159
1 1 7 32 2 39
18 56 33 34 81 119
15 27 12 61 161 199
41 31 51 58 81 119
27 81 36 53 161 199
31 10 62 4 41 79
29 45 62 49 81 119
30 50 55 62 161 199
81 19 60 35 161 199
60 9 68 37 162 199
74 82 40 79 161 199
3 34 24 18 41 79
23 3 59 4 81 119
28 9 39 35 41 79
37 39 72 37 81 119
2 1 8 31 3 39
36 41 62 51 82 119
36 38 15 54 81 119
28 76 36 47 161 199
0 2 32 7 2 39
14 36 8 7 83 119
20 17 40 34 41 79
29 47 13 66 83 119
18 54 50 51 83 119
8 3 41 0 82 119
10 91 25 71 123 159
1 1 35 4 2 39
1 1 26 13 2 39
1 1 8 31 2 39
1 1 28 11 2 39
0 3 34 5 3 39
33 43 67 40 81 119
16 21 43 11 41 79
18 53 48 59 162 199
45 30 45 65 123 159
36 16 35 51 122 159
29 5 60 0 122 159
32 9 43 35 41 79
28 9 28 46 41 79
1 55 15 32 161 199
69 11 78 39 81 119
15 31 27 6 161 199
43 68 39 36 162 199
33 10 26 40 121 159
26 43 40 65 162 199
1 2 4 35 3 39
8 24 27 7 122 159
14 97 49 98 162 199
32 45 28 12 121 159
66 49 96 42 121 159
40 38 36 5 161 199
0 2 7 32 2 39
55 19 88 23 81 119
2 2 17 22 4 39
23 14 37 37 41 79
37 35 29 64 81 119
36 6 16 22 42 79
68 46 93 57 122 159
33 33 55 19 122 159
21 48 48 57 82 119
1 1 33 6 2 39
1 1 21 18 2 39
5 36 17 11 41 79
94 52 88 21 161 199
11 30 42 36 41 79
3 35 15 10 161 199
2 1 19 20 3 39
20 2 9 28 81 119
41 43 48 72 122 159
6 56 19 34 163 199
1 1 12 27 2 39
25 45 1 58 161 199
0 2 23 16 2 39
17 21 6 46 42 79
13 28 28 50 41 79
1 1 5 34 2 39
9 27 37 35 42 79
0 2 25 14 2 39
52 9 30 24 121 159
0 2 34 5 2 39
33 82 37 49 121 159
0 3 2 37 3 39
30 13 20 40 121 159
58 8 50 37 81 119
48 34 23 23 122 159
38 3 73 1 41 79
11 54 35 67 121 159
1 1 35 4 2 39
35 2 12 16 41 79
1 1 26 13 2 39
59 97 66 67 161 199
13 25 8 56 42 79
45 17 17 8 161 199
31 45 2 53 81 119
91 16 80 42 121 159
19 4 50 9 162 199
24 18 42 36 42 79
8 33 43 31 41 79
38 7 5 10 82 119
16 42 9 72 161 199
6 33 26 16 41 79
1 1 1 38 2 39
34 7 70 6 41 79
0 2 32 7 2 39
39 79 13 68 161 199
1 1 36 3 2 39
2 1 28 11 3 39
6 32 20 54 42 79
33 45 9 58 81 119
0 2 18 21 2 39
20 22 4 42 42 79
0 2 5 34 2 39
51 10 45 41 121 159
13 32 11 67 121 159
44 56 66 71 161 199
35 28 50 50 121 159
37 5 29 33 42 79
24 18 14 44 42 79
39 70 46 40 121 159
47 10 38 37 82 119
21 84 33 59 121 159
9 6 26 25 162 199
26 46 17 74 81 119
31 5 30 40 42 79
9 30 2 60 41 79
0 2 35 0 2 39
1 1 23 16 2 39
15 25 37 11 42 79
48 30 66 11 81 119
34 40 5 32 161 199
1 1 4 35 2 39
25 3 1 15 122 159
24 21 0 8 121 159
51 21 67 0 81 119
24 30 19 62 81 119
67 9 44 23 81 119
95 55 63 60 161 199
12 9 9 42 82 119
9 30 27 11 41 79
49 67 46 99 163 199
1 2 21 18 3 39
32 30 21 4 161 199
24 15 57 19 41 79
43 47 11 42 161 199
0 2 7 32 2 39
0 2 6 33 2 39
1 1 14 25 2 39
1 2 33 6 3 39
35 41 18 21 81 119
76 78 58 95 163 199
0 37 20 20 41 79
15 22 28 46 41 79
54 8 42 33 81 119
18 68 26 96 122 159
21 51 15 21 122 159
13 7 13 43 122 159
0 2 10 29 2 39
35 39 70 37 161 199
0 32 7 3 42 79
73 42 60 18 121 159
30 12 35 43 42 79
39 38 41 4 82 119
1 1 21 18 2 39
1 1 28 11 2 39
11 32 42 28 123 159
1 2 9 30 3 39
23 54 21 20 162 199
32 27 9 14 82 119
8 15 32 2 121 159
17 63 8 90 122 159
8 6 25 26 81 119
44 47 52 18 121 159
40 36 48 7 81 119
27 14 61 11 41 79
9 33 11 68 161 199
39 71 46 42 122 159
76 29 97 13 121 159
2 4 34 9 81 119
25 12 58 16 41 79
34 61 48 84 121 159
29 8 49 25 41 79
39 37 71 42 81 119
12 28 33 43 42 79
43 20 64 4 121 159
21 18 21 54 162 199
1 2 13 26 3 39
17 22 37 5 41 79
31 72 48 92 121 159
49 27 48 63 161 199
67 27 84 7 161 199
66 84 66 47 161 199
1 10 37 11 121 159
34 50 42 79 161 199
26 23 10 44 121 159
10 42 14 9 161 199
38 75 42 42 121 159
46 29 67 44 82 119
18 58 13 90 81 119
41 31 11 38 81 119
10 64 14 31 81 119
1 1 33 6 2 39
29 10 64 12 121 159
0 3 18 21 3 39
7 26 31 13 121 159
86 22 86 59 161 199
1 2 1 38 3 39
1 40 35 43 41 79
9 60 1 32 82 119
39 53 48 26 122 159
37 30 57 13 121 159
0 2 1 38 2 39
1 35 5 2 81 119
34 45 55 30 82 119
2 1 8 31 3 39
45 27 27 8 161 199
57 54 55 89 121 159
1 2 6 33 3 39
18 51 35 31 121 159
36 26 36 63 161 199
51 59 36 80 122 159
2 1 16 23 3 39
12 25 30 6 41 79
1 2 18 21 3 39
15 56 45 49 121 159
0 2 20 19 2 39
1 2 26 13 3 39
0 2 2 37 2 39
0 3 0 39 3 39
27 10 37 37 41 79
0 3 9 30 3 39
17 37 15 72 161 199
8 28 22 6 42 79
42 71 64 56 121 159
22 37 30 65 162 199
47 39 81 42 161 199
49 30 58 3 162 199
7 30 27 47 41 79
35 42 7 34 82 119
39 60 70 54 121 159
59 7 59 44 161 199
8 21 6 55 162 199
6 31 41 29 41 79
1 1 7 32 2 39
0 3 1 38 3 39
25 67 18 37 161 199
1 1 25 14 2 39
40 35 11 43 121 159
30 35 9 20 162 199
1 1 31 8 2 39
0 2 3 36 2 39
14 27 33 45 41 79
53 19 35 0 161 199
19 16 11 43 123 159
34 29 0 31 162 199
16 96 6 69 161 199
19 18 51 23 41 79
18 19 27 47 41 79
61 93 33 86 163 199
10 50 20 77 81 119
12 40 16 73 161 199
68 2 85 21 122 159
15 38 45 43 123 159
20 53 44 40 121 159
52 41 66 18 121 159
20 57 16 24 121 159
9 62 39 56 162 199
1 7 17 28 81 119
56 47 73 27 121 159
38 36 15 50 81 119
12 98 29 78 161 199
9 31 19 57 42 79
2 35 8 66 41 79
24 47 35 22 82 119
0 2 17 22 2 39
0 2 3 36 2 39
0 2 0 39 2 39
13 55 19 24 161 199
45 33 14 28 122 159
34 38 3 32 81 119
53 56 58 25 162 199
1 2 15 24 3 39
34 40 17 20 81 119
18 11 11 40 82 119
1 1 6 33 2 39
7 59 17 86 81 119
16 72 44 63 161 199
54 9 31 21 123 159
0 2 31 8 2 39
16 23 11 55 41 79
1 1 20 19 2 39
0 2 25 14 2 39
46 90 80 93 161 199
24 55 48 67 82 119
61 43 95 46 161 199
60 28 41 46 161 199
1 1 34 5 2 39
9 60 37 51 121 159
1 26 24 14 123 159
57 15 79 30 81 119
48 33 52 65 82 119
62 66 43 48 161 199
0 2 16 23 2 39
45 38 33 62 162 199
1 1 0 37 2 39
37 13 11 24 161 199
3 1 21 18 4 39
1 2 12 27 3 39
48 19 71 33 121 159
51 16 64 40 121 159
23 15 51 23 42 79
41 23 51 50 81 119
8 31 4 64 41 79
12 25 26 48 41 79
33 45 4 53 81 119
46 91 37 64 162 199
25 82 39 59 121 159
54 48 34 32 122 159
47 31 17 24 81 119
22 19 56 22 121 159
43 28 33 54 162 199
1 34 5 66 82 119
2 34 1 69 42 79
20 86 31 60 161 199
1 1 37 0 2 39
73 34 39 35 123 159
36 40 8 31 81 119
61 28 70 2 123 159
30 81 1 88 162 199
55 11 74 29 81 119
13 63 47 66 161 199
80 50 64 71 161 199
17 24 2 46 41 79
28 11 18 38 41 79
43 65 15 73 122 159
28 7 62 6 43 79
66 44 74 16 122 159
0 6 2 41 81 119
41 27 44 59 83 119
0 2 28 11 2 39
42 50 48 81 161 199
70 7 93 21 121 159
48 16 54 47 161 199
34 46 43 74 81 119
2 1 27 12 3 39
4 47 22 29 82 119
0 3 8 31 3 39
0 2 9 30 2 39
29 7 12 26 42 79
42 1 13 7 123 159
20 14 51 19 122 159
0 2 21 18 2 39
21 22 32 46 43 79
22 15 12 42 41 79
11 46 35 33 121 159
28 34 62 37 161 199
38 40 74 39 81 119
19 9 10 35 83 119
0 2 33 6 2 39
76 33 79 67 121 159
28 44 19 16 81 119
1 2 20 19 3 39
34 4 31 37 122 159
2 1 32 7 3 39
20 45 18 10 121 159
39 41 37 76 161 199
29 41 46 21 81 119
53 19 73 2 161 199
26 15 12 38 41 79
24 16 41 35 42 79
5 49 11 80 161 199
1 3 35 4 4 39
0 2 33 6 2 39
40 41 66 50 123 159
9 17 2 46 122 159
28 46 20 17 81 119
55 58 53 93 121 159
38 30 37 66 81 119
48 70 83 72 161 199
31 6 12 24 41 79
9 85 44 87 161 199
44 24 58 1 81 119
0 2 3 36 2 39
0 2 0 39 2 39
16 49 34 68 121 159
30 19 56 29 162 199
30 51 11 33 121 159
17 24 40 10 41 79
41 11 33 40 81 119
34 5 63 13 41 79
1 3 23 16 4 39
6 35 20 56 43 79
64 5 50 28 121 159
13 45 32 63 161 199
22 18 54 22 42 79
39 37 18 53 81 119
14 23 15 59 41 79
18 56 49 50 161 199
41 31 19 18 83 119
32 4 65 1 42 79
29 37 6 25 83 119
22 17 17 49 41 79
20 19 38 2 43 79
25 22 25 58 82 119
25 14 33 43 41 79
44 37 79 36 162 199
1 3 22 17 4 39
11 29 13 63 42 79
0 2 35 0 2 39
34 30 53 48 161 199
5 34 37 37 123 159
61 3 81 20 81 119
51 31 61 58 161 199
57 65 21 66 161 199
18 65 48 70 123 159
37 3 24 27 81 119
0 2 31 8 2 39
1 1 1 38 2 39
22 61 53 55 121 159
72 40 42 46 122 159
96 37 77 20 162 199
4 38 16 14 42 79
1 37 16 16 42 79
9 9 30 24 122 159
60 61 27 58 162 199
42 19 32 45 82 119
72 20 73 56 161 199
0 43 2 76 43 79
1 2 22 17 3 39
28 87 64 88 121 159
0 2 26 13 2 39
0 3 5 34 3 39
32 4 21 29 42 79
33 31 48 9 81 119
15 44 44 38 123 159
8 40 23 19 122 159
1 1 11 28 2 39
4 33 9 63 43 79
17 20 51 17 41 79
31 66 67 67 121 159
80 12 65 34 161 199
42 72 9 69 122 159
7 33 25 52 81 119
32 40 1 34 81 119
80 62 56 75 161 199
30 26 40 53 161 199
1 52 27 62 82 119
31 63 14 83 161 199
57 61 75 79 122 159
0 2 23 16 2 39
18 13 38 29 82 119
36 7 7 15 121 159
31 10 34 44 41 79
34 46 65 52 81 119
44 17 22 31 82 119
2 5 26 17 82 119
37 38 40 5 82 119
59 5 69 31 122 159
11 24 38 32 43 79
30 9 51 25 41 79
66 68 78 43 161 199
2 1 2 37 3 39
0 37 33 33 41 79
1 1 21 18 2 39
44 28 11 26 163 199
2 1 8 31 3 39
2 0 33 6 81 119
1 1 13 26 2 39
2 1 1 36 3 39
0 2 25 14 2 39
24 38 59 40 81 119
1 1 37 2 2 39
36 4 13 17 42 79
42 41 70 32 121 159
69 13 36 9 161 199
52 26 39 50 81 119
16 58 16 21 81 119
19 57 33 36 163 199
51 42 28 28 121 159
37 40 66 33 82 119
89 50 81 22 162 199
7 56 7 92 82 119
0 2 11 28 2 39
3 34 34 40 41 79
61 55 83 40 161 199
36 54 37 18 161 199
56 25 72 45 162 199
34 3 33 39 41 79
1 1 29 10 2 39
48 3 67 20 82 119
0 3 18 21 3 39
23 36 57 35 123 159
2 1 0 35 3 39
75 30 94 48 121 159
1 7 16 27 83 119
1 2 13 26 3 39
51 29 87 30 81 119
20 17 24 50 41 79
59 37 51 10 163 199
2 1 24 15 3 39
33 42 64 36 121 159
0 2 29 10 2 39
34 3 67 5 43 79
1 1 32 7 2 39
1 1 11 28 2 39
26 12 45 30 81 119
12 29 17 61 121 159
27 89 7 72 161 199
25 13 58 16 42 79
26 63 14 38 121 159
6 33 40 31 82 119
2 1 0 35 3 39
2 37 12 62 43 79
49 52 26 66 121 159
89 43 62 33 161 199
19 53 25 22 81 119
0 3 12 27 3 39
15 26 14 62 121 159
3 36 10 66 41 79
72 13 42 20 121 159
53 4 31 18 82 119
36 2 10 12 42 79
53 50 39 73 121 159
63 17 67 50 81 119
57 11 55 46 81 119
29 60 40 85 162 199
29 0 4 11 162 199
60 41 44 20 121 159
1 41 34 44 42 79
0 4 1 38 4 39
22 16 54 21 81 119
17 8 17 44 162 199
0 36 27 27 42 79
7 72 12 41 162 199
56 16 51 48 81 119
0 2 12 27 2 39
34 6 29 37 122 159
20 24 51 18 81 119
18 48 52 51 81 119
5 62 29 50 82 119
59 34 27 29 121 159
22 15 0 30 41 79
4 9 32 1 82 119
1 97 15 75 122 159
13 38 47 41 121 159
0 2 25 14 2 39
14 9 43 2 82 119
73 43 71 10 163 199
5 10 38 14 121 159
30 21 50 38 121 159
51 39 59 68 161 199
30 11 37 41 41 79
30 8 62 4 42 79
16 35 47 41 121 159
4 39 11 67 43 79
1 1 28 11 2 39
14 22 25 47 42 79
32 21 8 9 162 199
21 18 4 38 41 79
2 1 24 15 3 39
42 60 29 36 161 199
38 39 9 46 162 199
17 25 37 9 42 79
59 38 33 49 121 159
16 2 43 11 122 159
14 59 30 80 121 159
1 2 25 14 3 39
20 56 20 19 81 119
31 11 64 14 42 79
2 33 31 25 121 159
1 44 21 27 121 159
1 1 20 19 2 39
56 13 54 47 162 199
4 38 26 24 42 79
30 15 3 5 121 159
5 49 15 22 161 199
15 26 40 14 41 79
21 26 47 37 121 159
2 37 38 38 41 79
73 40 81 11 121 159
19 67 33 90 161 199
61 12 61 48 82 119
26 16 38 40 42 79
51 29 85 30 163 199
2 5 5 38 82 119
61 8 86 19 162 199
68 6 60 35 81 119
53 29 70 48 122 159
24 13 26 48 41 79
11 60 33 74 82 119
2 1 15 24 3 39
5 40 38 44 121 159
13 79 43 86 161 199
7 30 29 15 41 79
24 13 23 49 41 79
1 1 29 10 2 39
0 35 27 45 41 79
6 52 10 20 122 159
24 12 56 16 42 79
60 51 68 80 121 159
33 49 63 43 122 159
63 43 31 39 122 159
17 58 34 77 82 119
53 13 35 32 81 119
0 2 13 26 2 39
51 24 73 10 162 199
62 30 48 52 122 159
19 18 43 31 41 79
11 14 28 33 82 119
62 45 37 55 123 159
20 54 39 36 81 119
2 35 26 46 43 79
37 52 26 78 121 159
12 30 40 22 42 79
37 4 14 18 121 159
21 62 48 53 162 199
2 1 32 7 3 39
54 27 76 12 121 159
1 2 20 19 3 39
19 7 25 38 161 199
40 56 29 82 161 199
2 1 29 10 3 39
13 23 5 51 42 79
61 56 86 68 121 159
1 1 34 5 2 39
0 2 17 22 2 39
21 22 51 15 121 159
23 81 26 48 122 159
10 31 42 36 41 79
85 69 53 74 161 199
53 26 21 29 123 159
42 37 67 47 123 159
2 1 13 26 3 39
52 25 36 45 162 199
36 19 37 55 121 159
24 60 21 94 161 199
25 97 46 81 161 199
21 20 51 27 41 79
8 32 9 67 42 79
45 61 21 48 161 199
23 95 0 83 163 199
4 29 24 12 121 159
2 1 10 29 3 39
23 13 25 47 42 79
32 32 17 54 161 199
32 34 24 5 81 119
1 2 21 18 3 39
4 33 19 11 41 79
14 61 19 30 82 119
17 59 47 66 161 199
34 3 49 25 121 159
1 1 15 24 2 39
0 38 4 70 42 79
33 39 36 5 81 119
1 39 3 5 122 159
51 23 34 43 81 119
50 19 26 32 121 159
6 33 30 20 41 79
17 57 15 92 81 119
58 55 73 77 121 159
74 24 51 38 161 199
42 36 29 12 81 119
68 7 60 35 82 119
1 5 29 12 83 119
29 15 46 34 122 159
46 36 79 32 161 199
13 28 19 59 41 79
28 11 14 34 41 79
32 9 3 1 41 79
39 22 26 44 123 159
39 36 57 54 162 199
21 57 51 50 81 119
34 37 27 8 162 199
32 44 2 51 81 119
26 11 58 16 41 79
70 46 53 26 161 199
0 2 24 15 2 39
3 15 8 47 81 119
22 20 35 43 42 79
0 2 14 25 2 39
31 7 31 43 42 79
53 32 48 63 162 199
2 2 33 6 4 39
20 3 49 10 82 119
3 57 15 32 81 119
17 73 45 81 122 159
1 1 1 38 2 39
29 10 61 15 41 79
2 1 7 32 3 39
21 48 50 56 121 159
55 60 21 59 123 159
0 2 21 18 2 39
27 15 62 16 42 79
1 35 27 45 42 79
67 67 37 74 161 199
41 50 29 75 121 159
1 1 6 33 2 39
2 39 4 74 41 79
31 45 39 74 161 199
1 94 6 62 121 159
42 30 41 66 81 119
33 9 35 43 42 79
17 5 6 31 161 199
64 15 84 31 82 119
30 45 35 14 82 119
1 38 26 26 121 159
9 28 21 3 41 79
28 14 57 21 42 79
4 32 35 26 81 119
13 5 5 34 81 119
27 35 49 50 81 119
0 3 23 16 3 39
11 8 3 36 82 119
26 52 6 69 81 119
1 1 22 17 2 39
64 45 55 17 121 159
1 72 22 87 162 199
30 9 61 15 41 79
1 2 29 10 3 39
27 11 28 46 42 79
80 34 76 66 122 159
31 6 47 27 41 79
60 37 95 39 121 159
13 27 6 56 42 79
16 27 41 39 121 159
37 43 15 28 81 119
64 48 48 28 122 159
23 26 2 10 121 159
94 43 71 56 162 199
1 1 16 23 2 39
0 2 0 39 2 39
55 15 25 22 161 199
10 28 36 18 42 79
60 5 25 4 82 119
13 16 13 53 121 159
0 2 19 20 2 39
26 15 51 27 41 79
14 40 48 37 81 119
4 38 7 71 122 159
1 1 24 15 2 39
26 55 61 56 162 199
6 35 22 14 41 79
34 3 39 35 41 79
1 1 30 9 2 39
23 82 35 57 121 159
1 1 20 19 2 39
0 2 14 25 2 39
1 3 26 13 4 39
0 2 7 32 2 39
30 12 57 2 161 199
40 30 69 22 161 199
18 21 27 49 41 79
23 16 9 39 41 79
10 14 0 41 81 119
13 24 43 31 41 79
12 40 27 60 163 199
62 57 43 75 121 159
12 27 28 6 41 79
24 18 57 15 42 79
25 46 20 77 82 119
43 31 10 27 161 199
36 5 35 41 41 79
15 26 36 42 121 159
23 20 36 42 43 79
27 11 36 38 42 79
2 1 5 34 3 39
27 14 58 20 41 79
2 34 34 38 42 79
23 50 26 17 82 119
36 69 2 72 121 159
14 36 23 64 161 199
46 40 58 64 122 159
40 34 55 56 81 119
18 18 49 23 42 79
1 1 12 27 2 39
0 2 10 29 2 39
5 7 38 11 161 199
12 3 46 1 162 199
17 31 38 15 81 119
2 1 21 18 3 39
26 32 13 8 81 119
53 62 27 73 121 159
35 6 36 42 41 79
54 45 77 58 162 199
35 43 54 61 81 119
14 26 15 61 42 79
0 2 29 10 2 39
3 45 29 34 161 199
50 61 28 74 123 159
81 10 60 26 121 159
25 14 38 38 41 79
0 2 3 36 2 39
41 25 70 17 81 119
26 46 12 23 81 119
1 1 11 28 2 39
42 22 73 28 161 199
1 2 25 14 3 39
2 71 24 57 82 119
27 15 25 49 42 79
13 41 46 45 81 119
43 33 30 57 161 199
42 34 38 67 81 119
18 39 18 75 82 119
0 68 24 81 81 119
11 27 31 43 42 79
12 52 31 35 122 159
7 30 40 34 41 79
34 5 68 8 41 79
5 63 29 75 122 159
0 39 16 18 41 79
15 60 31 80 162 199
34 5 53 23 41 79
45 46 45 83 121 159
77 60 74 93 162 199
2 2 10 29 4 39
43 31 46 65 81 119
36 57 24 82 121 159
62 10 80 29 81 119
8 5 38 11 162 199
49 57 61 33 122 159
46 13 76 18 123 159
1 2 17 22 3 39
56 57 30 46 121 159
1 2 30 9 3 39
16 20 48 16 42 79
35 7 51 28 81 119
29 7 63 5 42 79
25 47 29 80 81 119
48 68 69 52 161 199
26 10 60 8 42 79
1 3 9 30 4 39
19 22 54 20 41 79
2 1 17 22 3 39
51 5 86 3 81 119
1 1 35 4 2 39
1 2 3 36 3 39
4 35 22 16 41 79
42 37 13 44 162 199
51 29 87 30 81 119
85 28 55 33 123 159
3 1 24 15 4 39
18 23 39 39 41 79
38 19 16 6 123 159
1 1 25 14 2 39
27 29 34 57 163 199
26 48 8 67 81 119
60 47 88 56 121 159
90 3 97 33 121 159
33 73 64 67 161 199
5 30 23 47 43 79
0 2 24 15 2 39
1 1 3 36 2 39
45 16 57 39 123 159
55 21 41 44 161 199
32 25 58 36 121 159
80 66 82 31 161 199
15 24 31 45 41 79
0 2 14 25 2 39
27 24 18 52 121 159
26 50 54 41 81 119
0 2 3 36 2 39
1 1 36 3 2 39
29 29 60 34 122 159
2 1 32 7 3 39
26 54 14 79 81 119
82 7 54 14 123 159
60 20 39 36 161 199
29 50 16 27 162 199
20 19 30 46 41 79
56 1 47 29 121 159
0 2 27 12 2 39
51 73 72 89 161 199
4 33 8 0 41 79
25 50 54 43 82 119
70 81 44 91 162 199
71 51 93 36 161 199
4 63 28 75 162 199
0 2 13 26 2 39
47 14 47 50 82 119
82 22 95 45 122 159
48 88 13 86 161 199
16 20 4 44 42 79
14 21 26 44 43 79
0 3 3 36 3 39
26 13 62 12 41 79
23 16 50 26 41 79
34 77 17 95 123 159
33 70 9 83 121 159
55 14 44 39 162 199
21 27 37 6 161 199
42 67 43 31 121 159
0 2 32 7 2 39
49 25 14 23 81 119
40 14 65 26 81 119
9 70 42 72 123 159
26 46 17 74 81 119
23 30 15 58 82 119
29 12 1 3 41 79
22 48 45 36 83 119
18 65 16 99 162 199
25 55 51 66 161 199
24 15 34 42 41 79
36 33 48 9 162 199
50 6 30 21 83 119
46 3 41 34 82 119
6 68 41 66 81 119
42 32 42 69 81 119
4 37 3 1 41 79
0 3 9 30 3 39
31 22 9 8 162 199
0 3 18 21 3 39
9 12 34 1 82 119
73 2 86 26 121 159
0 2 31 8 2 39
29 27 23 56 83 119
43 40 35 12 162 199
52 56 17 58 161 199
32 48 33 14 83 119
79 43 76 9 161 199
16 23 26 50 41 79
22 20 40 2 42 79
10 26 18 54 42 79
27 18 38 44 121 159
0 33 14 56 121 159
16 33 35 51 121 159
16 58 2 81 81 119
20 60 33 36 161 199
21 19 5 40 161 199
23 20 24 54 43 79
33 74 55 60 162 199
24 13 49 25 41 79
1 1 36 3 2 39
16 33 32 54 121 159
34 5 52 24 41 79
39 28 14 17 82 119
15 48 18 81 162 199
6 58 33 48 81 119
22 19 26 50 43 79
64 2 77 26 161 199
59 53 45 31 122 159
46 34 25 19 122 159
1 2 27 12 3 39
19 22 48 30 41 79
37 19 21 38 163 199
57 31 27 25 122 159
55 25 45 52 161 199
3 1 37 0 4 39
0 4 11 28 4 39
42 31 46 63 162 199
51 20 23 28 82 119
2 1 35 4 3 39
0 3 8 31 3 39
20 47 44 34 121 159
19 53 52 49 81 119
26 14 22 46 42 79
1 1 13 26 2 39
30 38 32 3 161 199
19 23 0 6 42 79
34 44 2 39 81 119
30 14 14 34 122 159
13 35 35 20 161 199
63 40 35 49 121 159
40 1 64 14 121 159
6 35 12 4 41 79
18 53 21 85 123 159
32 7 28 40 41 79
53 99 32 83 161 199
1 2 30 9 3 39
35 19 51 40 81 119
39 34 24 55 82 119
32 34 66 31 161 199
30 80 13 61 122 159
46 59 81 58 162 199
42 38 52 11 81 119
0 2 3 36 2 39
44 43 15 50 162 199
1 1 30 9 2 39
7 35 27 19 42 79
25 69 57 64 161 199
0 2 17 22 2 39
13 22 38 10 121 159
1 2 20 19 3 39
8 29 38 22 41 79
1 2 35 4 3 39
1 3 0 37 4 39
22 17 34 42 41 79
1 1 14 25 2 39
70 21 97 12 162 199
32 40 17 18 81 119
34 5 46 30 121 159
27 35 60 32 122 159
16 36 24 9 83 119
51 55 54 21 161 199
59 15 76 35 81 119
51 25 81 32 81 119
14 27 50 28 41 79
1 1 7 32 2 39
8 18 8 55 81 119
18 18 52 16 42 79
1 1 32 7 2 39
27 17 16 41 83 119
20 37 0 54 121 159
0 2 23 16 2 39
29 51 53 38 81 119
13 28 22 56 41 79
29 51 45 30 161 199
34 41 38 73 82 119
14 23 25 49 41 79
1 2 18 21 3 39
27 45 21 14 81 119
1 1 10 29 2 39
1 2 15 24 3 39
55 39 85 46 161 199
14 22 45 27 42 79
37 37 55 18 161 199
15 28 46 23 162 199
38 38 57 56 81 119
6 33 35 27 43 79
35 1 64 8 42 79
1 1 4 35 2 39
9 92 43 94 162 199
0 2 12 27 2 39
9 30 42 26 41 79
3 1 13 26 4 39
0 2 31 8 81 119
16 26 10 57 161 199
27 15 48 0 42 79
54 39 62 68 121 159
45 21 19 32 81 119
42 8 19 20 83 119
3 9 22 25 83 119
67 27 67 63 122 159
23 31 52 23 81 119
0 2 35 0 2 39
87 30 57 37 121 159
43 55 29 32 161 199
31 8 26 40 41 79
37 3 26 28 42 79
31 6 66 8 41 79
42 49 74 54 121 159
1 1 11 28 2 39
1 1 15 24 2 39
68 46 98 53 161 199
74 36 52 22 122 159
8 31 18 4 41 79
0 2 15 24 2 39
42 28 42 65 81 119
31 20 19 45 121 159
55 15 30 27 161 199
1 1 31 8 2 39
43 13 27 34 161 199
39 47 43 15 122 159
23 51 19 84 81 119
8 34 1 5 42 79
33 4 15 23 41 79
35 2 15 19 41 79
1 1 23 16 2 39
46 36 19 28 83 119
36 34 46 61 81 119
8 31 26 50 41 79
45 22 59 45 121 159
33 6 68 4 41 79
7 6 25 25 121 159
54 17 68 39 82 119
25 12 22 46 41 79
76 76 86 51 163 199
17 12 27 39 121 159
24 13 14 40 41 79
6 62 22 41 81 119
2 1 21 18 3 39
1 1 28 11 2 39
0 2 18 21 2 39
19 23 51 19 42 79
21 21 16 52 42 79
20 54 52 59 81 119
44 29 48 61 162 199
55 58 39 37 121 159
20 21 42 6 41 79
2 34 9 63 42 79
93 24 59 22 162 199
20 32 55 34 161 199
14 59 3 33 121 159
46 34 47 70 81 119
5 33 17 57 42 79
4 26 31 36 81 119
15 26 35 9 121 159
0 2 10 29 2 39
30 6 4 16 42 79
70 41 55 19 121 159
12 12 1 38 81 119
17 26 47 31 43 79
0 3 6 33 3 39
6 36 4 70 42 79
46 32 33 56 81 119
1 1 13 26 2 39
1 1 23 16 2 39
0 3 14 25 3 39
33 2 13 17 43 79
41 5 31 32 81 119
36 73 11 61 121 159
26 46 42 67 81 119
27 10 22 42 41 79
59 1 43 22 81 119
72 9 79 39 121 159
35 78 32 44 121 159
6 69 37 74 162 199
73 76 52 91 162 199
11 25 15 57 42 79
0 3 27 12 3 39
38 30 23 52 161 199
11 62 40 55 82 119
0 2 14 25 2 39
16 65 42 76 121 159
40 34 54 57 81 119
0 2 26 13 2 39
18 21 44 32 41 79
32 48 32 13 163 199
64 90 56 61 161 199
37 4 3 1 41 79
1 1 5 34 2 39
2 1 31 8 3 39
1 1 14 25 2 39
7 20 23 0 162 199
8 36 28 20 122 159
38 9 72 11 82 119
33 63 39 32 161 199
