100 100 1000 5000 58 200
37 41 2 43 0 200
37 2 37 39 0 200
37 43 13 32 0 200
34 80 11 93 0 200
6 66 16 39 0 200
29 23 33 56 0 200
31 43 39 14 0 200
42 34 75 38 0 200
43 33 78 31 0 200
1 38 8 8 0 200
68 34 43 45 0 200
0 2 27 12 0 200
6 34 17 9 0 200
47 18 66 36 0 200
28 13 58 6 0 200
55 19 41 42 0 200
1 1 10 29 0 200
0 3 16 23 0 200
57 40 82 29 0 200
8 27 30 41 0 200
58 20 35 34 0 200
71 39 78 9 0 200
13 9 40 19 0 200
17 38 9 66 0 200
59 38 47 63 0 200
74 41 46 32 0 200
15 55 15 92 0 200
40 42 8 47 0 200
49 64 53 97 0 200
3 1 18 21 0 200
42 2 20 16 0 200
0 2 0 39 0 200
89 25 55 28 0 200
31 10 14 30 0 200
40 14 18 29 0 200
11 30 27 9 0 200
12 30 7 61 0 200
34 34 31 68 0 200
65 13 54 39 0 200
21 20 19 55 0 200
0 2 30 9 0 200
43 38 68 48 0 200
26 52 59 56 0 200
35 30 25 57 0 200
31 6 65 9 0 200
0 2 27 12 0 200
27 54 60 58 0 200
34 3 2 8 0 200
16 64 34 45 0 200
72 26 65 56 0 200
9 32 35 21 0 200
35 5 5 12 0 200
49 19 72 33 0 200
39 72 53 95 0 200
91 51 80 25 0 200
3 31 37 34 0 200
58 36 58 73 0 200
21 20 33 45 0 200
56 29 75 11 0 200
25 64 48 77 0 200
74 75 68 45 0 200
49 56 47 91 0 200
7 38 19 63 0 200
33 41 28 9 0 200
42 48 63 64 0 200
43 31 63 47 0 200
1 1 20 19 0 200
49 5 54 37 0 200
2 34 32 40 0 200
81 10 92 35 0 200
9 72 32 60 0 200
55 17 69 40 0 200
42 37 68 47 0 200
13 29 25 53 0 200
32 46 65 50 0 200
10 99 17 69 0 200
36 6 23 29 0 200
24 13 38 36 0 200
14 16 46 21 0 200
51 22 73 8 0 200
27 43 22 75 0 200
25 13 25 50 0 200
33 17 18 39 0 200
17 20 40 6 0 200
29 13 29 50 0 200
54 50 64 77 0 200
23 18 17 49 0 200
2 1 25 14 0 200
67 65 90 79 0 200
1 1 33 6 0 200
29 7 50 23 0 200
46 28 39 0 0 200
35 15 5 8 0 200
8 27 10 60 0 200
29 6 51 20 0 200
0 2 20 19 0 200
5 32 16 6 0 200
16 3 2 25 0 200
79 39 47 36 0 200
31 41 20 15 0 200
32 11 2 16 0 200
37 53 73 54 0 200
0 2 13 26 0 200
41 2 56 24 0 200
51 17 87 18 0 200
29 50 4 39 0 200
9 31 0 4 0 200
65 12 43 26 0 200
16 24 2 2 0 200
25 56 55 50 0 200
41 34 8 37 0 200
21 40 10 66 0 200
64 14 60 45 0 200
18 22 50 26 0 200
45 68 44 32 0 200
11 64 23 40 0 200
22 28 21 63 0 200
58 37 60 2 0 200
16 22 43 13 0 200
3 49 19 30 0 200
24 17 59 19 0 200
3 67 3 30 0 200
0 3 13 26 0 200
13 63 29 82 0 200
1 40 30 34 0 200
14 25 49 23 0 200
37 45 22 25 0 200
5 50 2 18 0 200
0 2 12 27 0 200
43 68 63 52 0 200
51 5 76 17 0 200
23 18 14 46 0 200
2 1 0 35 0 200
30 9 63 12 0 200
14 28 46 32 0 200
28 17 50 32 0 200
63 53 80 34 0 200
26 17 35 43 0 200
10 31 36 42 0 200
53 28 43 54 0 200
23 32 14 4 0 200
11 30 39 39 0 200
35 3 8 12 0 200
0 2 22 17 0 200
0 3 34 1 0 200
0 2 19 20 0 200
18 19 9 47 0 200
33 37 12 21 0 200
1 1 21 18 0 200
23 5 56 9 0 200
32 10 36 42 0 200
9 39 19 66 0 200
62 53 36 42 0 200
10 29 29 11 0 200
73 31 71 66 0 200
1 3 25 14 0 200
29 33 6 45 0 200
58 19 32 9 0 200
50 28 21 20 0 200
15 54 48 58 0 200
50 10 34 31 0 200
8 29 11 63 0 200
2 2 29 10 0 200
11 50 37 60 0 200
71 16 60 42 0 200
23 20 48 30 0 200
7 35 21 13 0 200
38 2 24 25 0 200
30 15 66 14 0 200
0 2 29 10 0 200
39 38 26 62 0 200
31 46 26 15 0 200
2 16 2 52 0 200
3 3 28 13 0 200
11 11 10 47 0 200
43 29 49 60 0 200
2 41 37 39 0 200
18 58 5 82 0 200
34 6 1 3 0 200
27 87 26 52 0 200
0 2 32 7 0 200
1 2 31 8 0 200
31 7 4 17 0 200
2 1 24 15 0 200
40 24 56 43 0 200
1 1 2 37 0 200
37 40 57 56 0 200
3 1 9 30 0 200
0 4 31 0 0 200
46 69 77 75 0 200
54 39 88 42 0 200
1 2 19 20 0 200
39 61 55 82 0 200
5 59 21 38 0 200
9 70 27 52 0 200
49 25 59 52 0 200
62 6 66 39 0 200
1 1 10 29 0 200
68 3 68 40 0 200
0 2 20 19 0 200
0 5 10 31 0 200
62 12 27 14 0 200
1 1 34 5 0 200
90 30 84 61 0 200
43 68 16 60 0 200
37 22 68 17 0 200
4 61 27 48 0 200
14 7 38 20 0 200
0 2 4 35 0 200
34 43 64 37 0 200
10 10 38 1 0 200
73 38 44 32 0 200
27 49 25 84 0 200
22 28 35 5 0 200
5 34 19 57 0 200
1 1 36 3 0 200
52 47 48 80 0 200
40 69 38 34 0 200
21 20 38 2 0 200
0 3 32 7 0 200
0 2 29 10 0 200
19 30 49 37 0 200
0 2 36 3 0 200
1 1 26 13 0 200
12 51 23 76 0 200
5 41 8 8 0 200
0 2 34 5 0 200
14 27 40 16 0 200
10 40 38 49 0 200
41 16 53 40 0 200
9 28 43 25 0 200
9 28 31 13 0 200
0 6 28 15 0 200
45 22 17 14 0 200
0 3 19 20 0 200
14 26 42 18 0 200
44 77 29 98 0 200
1 1 33 6 0 200
2 78 29 88 0 200
21 59 45 46 0 200
2 43 16 66 0 200
11 31 39 23 0 200
39 15 25 38 0 200
24 47 20 79 0 200
48 50 48 87 0 200
26 42 16 17 0 200
0 2 7 32 0 200
0 2 33 6 0 200
35 77 20 56 0 200
28 27 63 28 0 200
17 53 5 29 0 200
0 2 4 35 0 200
45 27 51 57 0 200
10 27 10 64 0 200
97 11 94 45 0 200
1 1 15 24 0 200
25 5 44 23 0 200
26 56 28 89 0 200
25 15 14 40 0 200
1 1 5 34 0 200
13 25 39 35 0 200
27 15 59 19 0 200
2 53 38 54 0 200
60 17 90 24 0 200
26 17 20 48 0 200
41 25 40 61 0 200
35 2 14 18 0 200
29 35 7 20 0 200
2 2 9 30 0 200
96 30 82 9 0 200
22 14 45 1 0 200
2 1 4 35 0 200
1 40 26 52 0 200
1 1 24 15 0 200
34 37 3 42 0 200
63 6 58 38 0 200
30 13 3 5 0 200
13 29 15 62 0 200
25 16 40 37 0 200
60 33 87 23 0 200
33 15 19 37 0 200
44 69 14 76 0 200
13 61 46 57 0 200
0 3 11 28 0 200
98 49 69 42 0 200
0 2 12 27 0 200
2 1 16 23 0 200
15 59 40 71 0 200
9 9 32 23 0 200
6 30 34 38 0 200
55 15 75 32 0 200
1 34 10 8 0 200
28 30 37 2 0 200
35 3 47 28 0 200
33 29 56 15 0 200
17 20 22 52 0 200
20 58 54 61 0 200
25 15 10 37 0 200
34 68 35 32 0 200
4 39 32 30 0 200
49 48 80 42 0 200
12 27 40 18 0 200
1 1 18 21 0 200
23 26 0 39 0 200
23 30 22 65 0 200
1 1 29 10 0 200
60 5 92 0 0 200
2 1 10 29 0 200
21 4 27 35 0 200
3 34 21 15 0 200
37 1 11 11 0 200
0 3 10 29 0 200
0 2 24 15 0 200
51 60 63 85 0 200
47 85 81 82 0 200
6 31 19 7 0 200
39 38 29 12 0 200
58 52 55 18 0 200
3 1 7 32 0 200
30 8 33 41 0 200
81 66 58 79 0 200
52 49 87 51 0 200
57 54 22 56 0 200
15 28 30 8 0 200
50 27 64 4 0 200
35 41 4 35 0 200
0 2 14 25 0 200
1 2 7 32 0 200
21 20 37 41 0 200
34 42 53 58 0 200
4 33 14 60 0 200
1 1 29 10 0 200
27 12 17 39 0 200
52 34 20 30 0 200
1 2 12 27 0 200
28 15 51 29 0 200
65 7 62 41 0 200
49 14 40 41 0 200
78 62 52 73 0 200
56 18 21 16 0 200
14 23 50 24 0 200
52 95 35 76 0 200
15 55 42 65 0 200
58 20 81 6 0 200
15 61 31 40 0 200
2 2 24 17 0 200
4 37 1 3 0 200
55 42 76 26 0 200
29 13 3 3 0 200
42 31 64 45 0 200
37 58 55 76 0 200
33 8 20 32 0 200
0 3 10 29 0 200
23 52 52 45 0 200
0 2 16 23 0 200
0 3 16 23 0 200
27 12 56 20 0 200
30 10 0 4 0 200
33 66 68 68 0 200
46 23 35 49 0 200
19 39 19 2 0 200
29 12 32 46 0 200
22 47 21 82 0 200
1 2 3 36 0 200
33 55 10 43 0 200
34 53 21 29 0 200
29 5 11 24 0 200
5 29 36 35 0 200
40 76 40 41 0 200
12 24 0 48 0 200
1 1 20 19 0 200
14 24 24 50 0 200
2 34 33 29 0 200
55 52 42 28 0 200
1 2 8 31 0 200
39 41 53 64 0 200
18 19 52 20 0 200
18 22 33 43 0 200
0 2 27 12 0 200
40 35 35 4 0 200
32 5 64 10 0 200
36 38 51 60 0 200
6 25 36 19 0 200
0 2 1 38 0 200
35 49 71 48 0 200
28 8 59 3 0 200
26 10 61 9 0 200
21 24 52 29 0 200
13 29 41 37 0 200
5 52 37 48 0 200
0 2 12 27 0 200
11 39 46 41 0 200
34 44 49 66 0 200
0 3 21 18 0 200
60 35 29 30 0 200
1 1 25 14 0 200
36 36 67 42 0 200
14 23 40 12 0 200
64 58 58 27 0 200
32 7 64 2 0 200
1 1 12 27 0 200
13 25 33 9 0 200
34 42 30 9 0 200
5 75 41 76 0 200
1 2 24 15 0 200
20 21 16 54 0 200
62 11 50 35 0 200
28 52 22 83 0 200
33 21 27 52 0 200
0 2 25 14 0 200
0 4 3 36 0 200
0 2 20 19 0 200
33 7 39 37 0 200
62 10 60 44 0 200
1 1 33 6 0 200
16 62 36 45 0 200
1 1 9 30 0 200
86 66 71 88 0 200
9 28 43 25 0 200
37 2 9 11 0 200
62 51 94 46 0 200
87 55 88 91 0 200
25 48 38 71 0 200
0 2 5 34 0 200
1 2 19 20 0 200
7 34 17 7 0 200
12 37 40 46 0 200
3 54 35 50 0 200
53 77 67 54 0 200
39 74 51 49 0 200
27 22 8 39 0 200
23 13 19 45 0 200
52 51 42 24 0 200
64 52 94 57 0 200
54 14 48 45 0 200
1 1 17 22 0 200
71 36 40 30 0 200
62 8 59 42 0 200
2 2 29 10 0 200
29 57 61 52 0 200
3 35 4 0 0 200
80 27 54 16 0 200
89 55 56 51 0 200
27 11 50 24 0 200
2 1 32 7 0 200
81 15 71 41 0 200
15 61 11 28 0 200
26 54 7 36 0 200
0 2 18 21 0 200
24 16 58 18 0 200
0 2 8 31 0 200
37 84 57 68 0 200
33 45 25 74 0 200
33 12 22 38 0 200
44 67 11 69 0 200
50 47 60 20 0 200
64 0 29 2 0 200
67 46 44 59 0 200
68 35 80 60 0 200
11 65 11 28 0 200
16 25 3 49 0 200
0 2 23 16 0 200
0 2 32 7 0 200
1 3 12 27 0 200
2 2 33 6 0 200
1 1 27 12 0 200
8 15 2 45 0 200
1 1 21 18 0 200
22 20 50 12 0 200
0 2 9 30 0 200
29 42 1 51 0 200
30 12 40 38 0 200
8 34 25 53 0 200
13 24 6 54 0 200
36 48 57 32 0 200
53 40 41 65 0 200
78 41 51 32 0 200
96 44 90 75 0 200
62 7 34 16 0 200
19 20 29 47 0 200
0 4 31 0 0 200
1 2 6 33 0 200
55 11 77 25 0 200
53 20 38 41 0 200
30 48 65 50 0 200
4 26 12 55 0 200
37 1 46 28 0 200
39 38 39 74 0 200
80 27 52 18 0 200
15 42 34 24 0 200
52 24 41 50 0 200
1 1 27 12 0 200
92 45 96 13 0 200
3 1 20 19 0 200
17 94 35 75 0 200
1 1 35 4 0 200
31 10 8 24 0 200
10 27 17 57 0 200
49 52 26 66 0 200
0 3 35 2 0 200
62 41 46 61 0 200
0 4 28 11 0 200
23 5 47 18 0 200
1 45 18 65 0 200
34 42 59 32 0 200
63 17 67 50 0 200
6 35 14 6 0 200
20 22 43 9 0 200
0 3 18 21 0 200
0 2 31 8 0 200
3 38 29 47 0 200
0 2 32 7 0 200
30 23 38 51 0 200
73 81 71 46 0 200
32 24 40 53 0 200
51 61 18 57 0 200
10 27 40 34 0 200
2 1 6 33 0 200
32 4 23 31 0 200
15 37 46 43 0 200
1 2 20 19 0 200
20 17 16 50 0 200
15 51 23 80 0 200
0 3 2 37 0 200
1 1 6 33 0 200
1 3 17 22 0 200
25 17 55 11 0 200
21 65 30 93 0 200
48 20 59 46 0 200
18 18 24 48 0 200
0 3 8 31 0 200
57 25 80 12 0 200
34 40 58 51 0 200
57 50 68 24 0 200
67 23 98 17 0 200
0 2 20 19 0 200
1 2 36 3 0 200
6 33 40 30 0 200
48 9 35 33 0 200
38 46 42 79 0 200
0 2 29 10 0 200
1 36 25 49 0 200
35 72 63 64 0 200
30 21 61 27 0 200
20 36 48 29 0 200
2 2 13 26 0 200
52 18 74 3 0 200
10 34 5 66 0 200
33 29 19 7 0 200
6 44 24 25 0 200
27 20 29 55 0 200
10 57 38 66 0 200
16 25 39 11 0 200
12 25 7 57 0 200
47 91 50 57 0 200
50 30 76 19 0 200
59 67 28 73 0 200
5 1 15 28 0 200
16 17 5 43 0 200
1 16 35 14 0 200
5 46 33 54 0 200
37 35 9 26 0 200
59 13 39 28 0 200
23 34 58 36 0 200
22 48 32 23 0 200
27 15 50 27 0 200
4 7 29 19 0 200
25 3 58 7 0 200
2 1 12 27 0 200
30 38 2 31 0 200
8 63 4 95 0 200
11 26 37 37 0 200
22 18 34 42 0 200
1 1 23 16 0 200
36 5 6 12 0 200
24 26 41 8 0 200
49 33 16 36 0 200
42 32 59 50 0 200
0 3 7 32 0 200
25 16 31 47 0 200
4 36 27 49 0 200
36 6 35 41 0 200
42 13 60 31 0 200
1 2 14 25 0 200
1 2 3 36 0 200
42 25 36 55 0 200
14 97 47 93 0 200
12 63 20 35 0 200
30 26 65 24 0 200
14 44 36 29 0 200
55 60 34 44 0 200
4 9 20 30 0 200
3 2 3 38 0 200
57 41 35 26 0 200
1 1 9 30 0 200
27 10 27 47 0 200
2 30 26 18 0 200
28 61 9 79 0 200
16 45 18 11 0 200
52 20 30 34 0 200
1 1 21 18 0 200
40 33 67 24 0 200
17 22 43 33 0 200
5 37 24 20 0 200
17 50 49 54 0 200
1 1 36 3 0 200
38 34 58 51 0 200
0 2 8 31 0 200
43 15 69 4 0 200
19 4 45 14 0 200
39 40 43 71 0 200
19 22 19 59 0 200
18 22 37 5 0 200
4 53 33 45 0 200
25 16 32 46 0 200
82 35 53 27 0 200
30 3 2 11 0 200
2 2 11 28 0 200
19 22 18 58 0 200
63 15 96 11 0 200
57 23 34 10 0 200
1 39 6 8 0 200
2 1 8 31 0 200
37 39 3 36 0 200
1 2 24 15 0 200
0 3 25 14 0 200
35 44 45 17 0 200
36 14 66 9 0 200
53 1 76 15 0 200
68 12 97 20 0 200
0 3 6 33 0 200
58 22 41 42 0 200
11 30 29 49 0 200
64 30 67 64 0 200
88 65 67 80 0 200
0 2 27 12 0 200
3 1 19 20 0 200
37 37 69 42 0 200
0 2 15 24 0 200
7 19 21 42 0 200
2 35 13 9 0 200
2 1 34 5 0 200
57 15 67 42 0 200
53 60 67 83 0 200
11 22 10 58 0 200
1 1 11 28 0 200
33 4 26 34 0 200
0 2 33 6 0 200
38 38 71 42 0 200
74 18 83 46 0 200
31 13 67 14 0 200
2 1 16 23 0 200
6 35 36 28 0 200
19 18 52 22 0 200
8 27 40 32 0 200
0 2 4 35 0 200
3 1 18 21 0 200
25 18 55 13 0 200
64 16 28 15 0 200
30 51 25 81 0 200
47 27 38 55 0 200
6 33 8 68 0 200
11 65 39 56 0 200
72 23 67 55 0 200
67 52 90 39 0 200
41 34 21 18 0 200
68 6 80 31 0 200
74 36 43 42 0 200
11 3 24 27 0 200
15 45 48 41 0 200
2 1 32 7 0 200
46 42 29 62 0 200
28 11 42 34 0 200
40 74 34 43 0 200
56 22 44 47 0 200
47 7 44 41 0 200
0 2 24 15 0 200
13 41 43 48 0 200
1 1 16 23 0 200
34 43 7 34 0 200
17 35 17 72 0 200
31 8 41 35 0 200
11 43 33 28 0 200
23 52 54 57 0 200
0 2 25 14 0 200
0 41 12 16 0 200
1 1 37 0 0 200
48 4 17 9 0 200
6 48 13 76 0 200
57 18 91 20 0 200
0 3 26 13 0 200
14 27 38 14 0 200
25 12 10 34 0 200
22 34 32 60 0 200
6 62 36 55 0 200
41 32 22 49 0 200
26 15 30 48 0 200
14 65 41 57 0 200
53 11 57 43 0 200
2 39 33 35 0 200
12 26 14 60 0 200
6 36 41 35 0 200
28 54 40 29 0 200
50 29 31 47 0 200
53 23 87 26 0 200
0 2 32 7 0 200
16 23 44 14 0 200
45 28 29 8 0 200
0 2 2 37 0 200
0 2 23 16 0 200
18 44 46 36 0 200
1 1 18 21 0 200
69 32 97 39 0 200
26 11 40 32 0 200
40 29 48 1 0 200
2 1 28 11 0 200
5 49 23 68 0 200
1 1 9 30 0 200
10 33 44 34 0 200
31 34 63 30 0 200
2 1 5 34 0 200
19 87 45 97 0 200
3 67 26 81 0 200
28 80 57 73 0 200
43 43 59 23 0 200
1 1 10 29 0 200
23 15 37 37 0 200
1 1 11 28 0 200
25 5 57 2 0 200
34 33 67 29 0 200
1 2 23 16 0 200
0 2 18 21 0 200
21 16 27 47 0 200
5 33 25 17 0 200
21 15 2 33 0 200
1 1 15 24 0 200
20 21 54 24 0 200
17 19 44 28 0 200
26 20 46 37 0 200
49 29 64 49 0 200
39 65 31 94 0 200
0 3 33 0 0 200
42 67 34 96 0 200
44 44 33 70 0 200
18 55 47 48 0 200
0 2 11 28 0 200
2 1 11 28 0 200
9 32 40 28 0 200
9 23 4 55 0 200
19 23 14 54 0 200
9 10 10 45 0 200
30 25 36 56 0 200
0 2 11 28 0 200
35 37 36 71 0 200
10 40 11 4 0 200
84 31 65 49 0 200
32 27 15 8 0 200
13 52 43 58 0 200
37 39 36 3 0 200
15 32 22 61 0 200
1 1 31 8 0 200
18 12 47 20 0 200
24 52 29 20 0 200
57 33 45 9 0 200
24 47 45 32 0 200
7 30 20 54 0 200
43 74 59 95 0 200
56 10 32 23 0 200
53 58 65 33 0 200
1 2 5 34 0 200
9 28 23 5 0 200
12 33 7 65 0 200
30 11 30 48 0 200
50 22 42 51 0 200
49 27 72 13 0 200
1 1 36 3 0 200
84 27 59 39 0 200
25 55 57 60 0 200
38 46 18 61 0 200
1 1 35 4 0 200
17 20 44 30 0 200
24 14 41 33 0 200
3 36 7 69 0 200
82 33 60 18 0 200
36 35 57 19 0 200
6 6 16 33 0 200
60 4 29 10 0 200
6 52 0 83 0 200
0 57 28 48 0 200
7 36 40 39 0 200
1 1 27 12 0 200
13 24 42 16 0 200
21 20 21 57 0 200
19 17 54 15 0 200
64 1 98 3 0 200
2 1 37 0 0 200
41 3 24 23 0 200
25 49 11 27 0 200
1 1 4 35 0 200
61 46 42 63 0 200
2 2 29 12 0 200
24 12 3 27 0 200
4 26 15 0 0 200
37 15 19 34 0 200
31 31 58 41 0 200
1 2 6 33 0 200
36 1 52 21 0 200
45 43 32 67 0 200
16 16 12 49 0 200
70 38 58 63 0 200
29 7 13 27 0 200
36 19 45 47 0 200
29 12 33 45 0 200
20 17 55 16 0 200
0 38 29 32 0 200
0 3 30 9 0 200
17 22 5 47 0 200
45 19 56 45 0 200
38 36 43 68 0 200
54 63 68 42 0 200
28 7 58 0 0 200
10 68 0 95 0 200
2 1 19 20 0 200
53 18 35 36 0 200
55 87 51 54 0 200
38 69 26 94 0 200
50 28 50 65 0 200
0 2 8 31 0 200
23 13 27 45 0 200
29 42 22 13 0 200
0 2 8 31 0 200
0 2 13 26 0 200
39 31 74 29 0 200
49 5 66 25 0 200
15 38 39 50 0 200
20 61 8 37 0 200
26 15 5 31 0 200
14 60 38 73 0 200
29 22 5 10 0 200
93 13 90 47 0 200
1 1 24 15 0 200
7 54 28 38 0 200
43 31 7 32 0 200
6 33 36 40 0 200
52 59 25 69 0 200
96 34 75 50 0 200
55 23 45 48 0 200
30 7 54 20 0 200
4 33 17 57 0 200
0 2 0 39 0 200
51 29 67 49 0 200
37 3 20 22 0 200
17 24 0 44 0 200
57 23 72 45 0 200
2 2 35 0 0 200
0 2 35 0 0 200
17 39 3 18 0 200
61 9 90 1 0 200
2 27 12 54 0 200
41 13 39 47 0 200
1 40 15 63 0 200
0 2 30 9 0 200
53 36 30 50 0 200
12 35 46 37 0 200
4 35 25 19 0 200
0 4 34 5 0 200
33 35 29 2 0 200
6 2 12 33 0 200
1 1 1 38 0 200
19 47 25 16 0 200
28 9 2 20 0 200
10 31 23 7 0 200
22 6 22 43 0 200
31 6 41 33 0 200
37 22 62 33 0 200
18 27 46 18 0 200
15 24 14 60 0 200
1 78 16 58 0 200
2 35 35 39 0 200
15 48 45 54 0 200
1 1 36 3 0 200
14 27 1 3 0 200
38 12 45 42 0 200
54 48 56 15 0 200
25 61 23 26 0 200
26 27 51 38 0 200
25 12 43 31 0 200
34 1 61 11 0 200
2 1 19 20 0 200
49 55 26 69 0 200
2 1 32 7 0 200
35 49 58 35 0 200
0 2 30 9 0 200
27 8 26 42 0 200
10 55 32 41 0 200
0 2 22 17 0 200
21 18 50 26 0 200
49 28 30 45 0 200
30 47 65 49 0 200
6 35 25 53 0 200
26 15 6 30 0 200
34 45 1 42 0 200
20 42 26 73 0 200
65 40 63 5 0 200
35 97 21 74 0 200
18 19 33 41 0 200
51 25 71 42 0 200
50 26 84 29 0 200
0 3 16 23 0 200
49 16 18 21 0 200
30 45 59 53 0 200
23 13 15 41 0 200
23 16 50 6 0 200
18 99 5 75 0 200
2 30 5 62 0 200
0 2 2 37 0 200
11 39 35 52 0 200
10 60 0 87 0 200
11 10 30 27 0 200
12 92 32 75 0 200
64 27 63 63 0 200
49 26 72 13 0 200
7 30 38 36 0 200
1 2 34 5 0 200
1 2 28 11 0 200
1 1 16 23 0 200
79 26 68 2 0 200
17 51 32 30 0 200
73 39 43 32 0 200
0 2 6 33 0 200
25 16 58 12 0 200
0 2 28 11 0 200
19 16 49 9 0 200
3 37 29 47 0 200
0 3 25 14 0 200
6 19 16 45 0 200
51 51 73 36 0 200
24 15 50 4 0 200
41 45 16 56 0 200
59 35 43 15 0 200
3 1 23 16 0 200
16 26 12 58 0 200
0 2 21 18 0 200
44 24 18 35 0 200
24 18 36 42 0 200
2 1 30 9 0 200
22 43 38 23 0 200
36 34 50 57 0 200
0 39 6 70 0 200
14 6 30 27 0 200
0 2 18 21 0 200
33 41 22 15 0 200
48 11 59 37 0 200
90 43 60 37 0 200
21 46 53 49 0 200
0 2 18 21 0 200
19 41 16 7 0 200
54 20 47 50 0 200
19 21 51 25 0 200
22 18 32 44 0 200
9 32 28 14 0 200
0 2 9 30 0 200
21 18 2 1 0 200
39 45 47 74 0 200
72 11 79 41 0 200
1 1 14 25 0 200
0 2 0 39 0 200
36 3 60 16 0 200
21 18 48 8 0 200
67 83 89 98 0 200
2 1 33 6 0 200
1 1 13 26 0 200
10 18 40 25 0 200
15 35 26 61 0 200
2 55 11 27 0 200
3 34 33 27 0 200
0 3 35 2 0 200
1 5 28 15 0 200
46 59 33 35 0 200
38 34 3 36 0 200
2 1 0 35 0 200
1 34 29 43 0 200
27 44 25 10 0 200
11 30 7 63 0 200
39 41 21 60 0 200
1 1 13 26 0 200
1 36 28 28 0 200
0 2 36 3 0 200
89 31 85 64 0 200
13 24 44 30 0 200
44 24 32 1 0 200
78 17 90 42 0 200
19 30 23 62 0 200
4 37 18 58 0 200
31 83 6 95 0 200
24 36 59 35 0 200
3 38 14 64 0 200
48 63 30 82 0 200
44 69 15 77 0 200
75 19 56 1 0 200
23 45 33 18 0 200
1 3 22 17 0 200
36 5 20 26 0 200
24 48 32 77 0 200
12 30 46 28 0 200
10 40 30 56 0 200
8 94 20 69 0 200
11 43 33 29 0 200
44 36 24 19 0 200
71 53 95 66 0 200
0 2 3 36 0 200
12 14 45 18 0 200
0 2 35 4 0 200
28 9 39 35 0 200
36 42 41 10 0 200
42 39 45 6 0 200
18 22 24 52 0 200
31 49 38 79 0 200
38 1 3 3 0 200
14 92 46 87 0 200
30 46 8 31 0 200
74 68 71 34 0 200
38 58 74 59 0 200
16 19 40 8 0 200
0 2 10 29 0 200
50 33 28 18 0 200
9 35 31 48 0 200
20 21 41 5 0 200
31 10 29 45 0 200
65 12 74 39 0 200
17 58 44 67 0 200
33 4 66 8 0 200
2 35 34 30 0 200
1 1 4 35 0 200
21 21 17 53 0 200
2 66 32 59 0 200
31 10 33 45 0 200
29 52 62 55 0 200
0 2 1 38 0 200
23 27 5 8 0 200
24 57 15 29 0 200
0 41 24 28 0 200
0 2 5 34 0 200
1 33 3 67 0 200
30 48 61 54 0 200
1 1 30 9 0 200
20 82 52 78 0 200
48 29 52 61 0 200
0 74 34 77 0 200
37 37 24 61 0 200
1 2 3 36 0 200
0 2 0 39 0 200
2 35 17 13 0 200
15 6 3 29 0 200
24 29 5 47 0 200
56 27 42 5 0 200
22 65 51 72 0 200
49 31 61 56 0 200
29 78 36 49 0 200
12 24 13 59 0 200
0 2 13 26 0 200
76 14 51 25 0 200
29 26 6 12 0 200
0 2 29 10 0 200
0 4 33 2 0 200
38 25 16 40 0 200
29 14 50 28 0 200
25 53 7 72 0 200
1 1 6 33 0 200
56 16 23 12 0 200
2 1 21 18 0 200
1 1 11 28 0 200
29 13 42 36 0 200
8 31 11 65 0 200
24 38 22 5 0 200
61 13 28 17 0 200
58 16 27 20 0 200
40 44 44 75 0 200
54 53 74 70 0 200
42 65 48 34 0 200
25 56 15 29 0 200
2 1 22 17 0 200
1 2 12 27 0 200
70 31 60 4 0 200
62 15 41 0 0 200
8 28 33 17 0 200
68 4 91 18 0 200
26 24 3 38 0 200
24 58 53 51 0 200
52 18 24 27 0 200
1 3 28 11 0 200
35 0 14 14 0 200
31 3 37 33 0 200
41 41 51 14 0 200
66 12 57 40 0 200
7 67 15 96 0 200
35 6 16 24 0 200
1 40 23 25 0 200
20 21 20 58 0 200
19 23 45 34 0 200
36 38 53 57 0 200
40 28 70 21 0 200
1 37 17 17 0 200
3 1 35 4 0 200
2 1 10 29 0 200
20 22 41 37 0 200
44 42 12 47 0 200
9 31 9 67 0 200
34 5 62 14 0 200
25 38 40 16 0 200
20 19 56 18 0 200
31 5 36 36 0 200
18 20 23 52 0 200
21 21 38 40 0 200
36 6 36 42 0 200
3 39 9 9 0 200
20 19 56 20 0 200
0 2 11 28 0 200
51 27 38 51 0 200
3 1 28 11 0 200
1 1 24 15 0 200
4 34 17 57 0 200
31 16 52 31 0 200
19 23 44 34 0 200
39 56 72 53 0 200
23 17 49 7 0 200
1 2 6 33 0 200
20 21 44 8 0 200
17 18 51 19 0 200
67 8 38 1 0 200
0 3 24 15 0 200
40 31 49 5 0 200
0 2 30 9 0 200
73 8 93 25 0 200
52 31 64 6 0 200
47 29 53 60 0 200
12 29 44 34 0 200
1 1 17 22 0 200
29 30 14 8 0 200
36 32 37 67 0 200
1 1 10 29 0 200
7 31 25 49 0 200
0 3 25 14 0 200
18 23 21 57 0 200
47 28 14 32 0 200
13 20 0 44 0 200
58 44 80 29 0 200
0 4 23 16 0 200
1 2 24 15 0 200
25 39 51 49 0 200
81 30 95 53 0 200
80 71 56 59 0 200
39 79 45 48 0 200
4 37 13 65 0 200
38 39 4 41 0 200
1 54 5 22 0 200
59 11 26 15 0 200
97 28 76 13 0 200
32 30 16 51 0 200
64 49 60 80 0 200
0 2 19 20 0 200
68 44 76 15 0 200
0 2 26 13 0 200
6 14 8 49 0 200
10 29 33 15 0 200
52 88 36 69 0 200
14 48 9 16 0 200
58 74 58 37 0 200
0 2 6 33 0 200
20 58 53 62 0 200
0 2 35 0 0 200
25 33 59 30 0 200
75 53 86 27 0 200
93 3 73 20 0 200
11 25 36 14 0 200
0 3 30 9 0 200
3 1 23 16 0 200
21 20 3 39 0 200
55 22 56 57 0 200
0 41 19 23 0 200
52 19 87 17 0 200
35 41 61 52 0 200
0 3 6 33 0 200
6 36 15 63 0 200
37 41 64 31 0 200
0 2 27 12 0 200
30 31 51 46 0 200
35 48 37 13 0 200
33 22 43 49 0 200
35 4 40 36 0 200
0 2 9 30 0 200
34 47 16 66 0 200
17 22 46 29 0 200
40 34 38 68 0 200
1 1 5 34 0 200
65 37 32 33 0 200
22 15 4 34 0 200
3 40 23 25 0 200
72 26 69 60 0 200
13 15 7 44 0 200
48 51 23 61 0 200
31 9 15 29 0 200
6 72 23 53 0 200
14 26 29 47 0 200
5 34 33 43 0 200
28 14 13 34 0 200
31 7 33 42 0 200
19 59 1 40 0 200
8 31 37 23 0 200
0 3 18 21 0 200
16 25 34 6 0 200
56 20 23 16 0 200
29 14 56 23 0 200
28 76 60 81 0 200
4 37 24 54 0 200
1 1 36 3 0 200
37 2 64 12 0 200
35 2 23 27 0 200
63 53 41 39 0 200
22 27 44 13 0 200
67 12 35 7 0 200
0 2 1 38 0 200
0 4 26 13 0 200
1 1 30 9 0 200
51 23 50 57 0 200
2 40 33 35 0 200
44 34 56 59 0 200
27 65 45 48 0 200
14 58 27 82 0 200
24 85 50 74 0 200
1 1 6 33 0 200
39 9 4 7 0 200
0 2 14 25 0 200
0 3 1 38 0 200
21 15 12 43 0 200
34 61 7 52 0 200
0 2 30 9 0 200
76 64 73 98 0 200
6 47 0 18 0 200
36 8 0 9 0 200
12 27 40 18 0 200
59 34 61 0 0 200
18 21 41 35 0 200
49 30 69 13 0 200
21 79 36 57 0 200
0 2 6 33 0 200
12 24 27 45 0 200
23 68 12 43 0 200
12 27 7 59 0 200
29 10 64 12 0 200
47 50 21 61 0 200
32 42 17 64 0 200
15 21 35 4 0 200
39 44 39 81 0 200
17 93 8 65 0 200
8 92 20 67 0 200
0 2 33 6 0 200
41 68 32 40 0 200
51 38 70 55 0 200
10 10 15 42 0 200
0 2 6 33 0 200
1 1 2 37 0 200
1 1 7 32 0 200
8 29 2 60 0 200
2 1 0 35 0 200
23 57 57 54 0 200
55 26 89 29 0 200
20 40 6 63 0 200
15 22 48 18 0 200
71 31 80 3 0 200
12 25 25 49 0 200
21 50 27 20 0 200
64 17 83 34 0 200
5 15 39 18 0 200
43 29 57 50 0 200
22 20 37 41 0 200
7 29 28 44 0 200
2 1 5 34 0 200
25 54 56 49 0 200
77 32 54 18 0 200
30 7 40 34 0 200
12 25 45 29 0 200
34 11 42 40 0 200
42 29 77 28 0 200
0 2 7 32 0 200
3 38 37 39 0 200
26 16 53 26 0 200
31 46 2 53 0 200
26 13 12 36 0 200
0 3 26 13 0 200
2 1 30 9 0 200
16 76 43 66 0 200
17 33 5 8 0 200
7 8 33 19 0 200
69 43 39 49 0 200
1 2 2 37 0 200
0 38 33 41 0 200
10 30 23 7 0 200
7 44 27 61 0 200
42 18 30 43 0 200
18 21 49 17 0 200
58 23 56 57 0 200
50 21 70 5 0 200
28 14 36 43 0 200
58 27 51 57 0 200
1 1 29 10 0 200
35 54 33 20 0 200
52 66 69 86 0 200
50 15 71 30 0 200
38 46 40 11 0 200
6 31 25 49 0 200
8 68 38 73 0 200
0 2 7 32 0 200
50 39 25 51 0 200
13 26 17 59 0 200
37 28 15 13 0 200
32 5 41 31 0 200
1 2 20 19 0 200
18 73 4 51 0 200
13 6 45 2 0 200
1 34 12 60 0 200
10 31 36 42 0 200
30 50 63 46 0 200
25 70 54 62 0 200
10 38 43 42 0 200
2 23 0 57 0 200
34 48 51 28 0 200
14 34 33 50 0 200
21 16 8 40 0 200
11 69 10 33 0 200
46 30 72 19 0 200
23 14 53 7 0 200
29 38 49 54 0 200
1 1 12 27 0 200
1 2 20 19 0 200
1 1 9 30 0 200
1 1 14 25 0 200
26 50 60 53 0 200
12 78 44 74 0 200
47 72 35 47 0 200
30 7 26 40 0 200
61 35 57 2 0 200
49 19 37 43 0 200
25 16 46 32 0 200
12 24 43 28 0 200
28 11 22 42 0 200
28 6 59 0 0 200
57 19 50 47 0 200
51 16 29 1 0 200
25 71 28 37 0 200
1 69 15 46 0 200
27 12 40 36 0 200
39 39 51 62 0 200
1 2 23 16 0 200
49 23 26 10 0 200
20 17 56 18 0 200
0 3 14 25 0 200
0 2 3 36 0 200
21 88 26 56 0 200
32 97 36 65 0 200
1 1 14 25 0 200
9 32 20 6 0 200
49 40 57 11 0 200
29 78 55 89 0 200
5 72 25 56 0 200
30 53 27 87 0 200
1 1 27 12 0 200
22 11 55 13 0 200
67 35 70 69 0 200
19 72 6 49 0 200
1 1 19 20 0 200
47 33 25 18 0 200
16 80 12 47 0 200
34 61 49 82 0 200
3 43 28 32 0 200
0 3 33 6 0 200
1 2 26 13 0 200
3 1 20 19 0 200
45 25 64 7 0 200
33 39 47 18 0 200
41 48 58 30 0 200
1 1 29 10 0 200
69 39 97 48 0 200
20 17 0 34 0 200
30 9 27 43 0 200
26 15 11 37 0 200
1 1 19 20 0 200
2 2 24 15 0 200
28 8 30 42 0 200
12 63 8 31 0 200
3 1 36 3 0 200
35 1 10 12 0 200
40 39 33 68 0 200
57 17 44 41 0 200
25 33 31 64 0 200
35 28 16 46 0 200
24 82 13 56 0 200
92 2 93 38 0 200
33 27 18 49 0 200
36 36 69 32 0 200
10 62 31 78 0 200
1 2 26 13 0 200
4 26 0 59 0 200
13 39 46 43 0 200
58 12 93 14 0 200
0 3 5 34 0 200
1 92 20 74 0 200
48 13 43 44 0 200
8 35 8 0 0 200
48 58 48 21 0 200
12 48 19 77 0 200
57 49 57 85 0 200
26 47 57 52 0 200
15 24 15 59 0 200
19 40 28 12 0 200
36 37 52 57 0 200
28 11 28 48 0 200
28 46 7 30 0 200
52 14 55 48 0 200
72 49 46 58 0 200
12 29 40 20 0 200
0 2 30 9 0 200
0 2 13 26 0 200
1 13 3 48 0 200
48 65 55 35 0 200
0 2 22 17 0 200
38 43 7 48 0 200
15 64 8 94 0 200
7 35 19 58 0 200
55 88 31 76 0 200
58 32 30 23 0 200
75 75 99 62 0 200
46 65 26 48 0 200
52 41 18 42 0 200
40 3 14 14 0 200
27 32 10 13 0 200
21 19 42 4 0 200
50 55 52 21 0 200
29 11 49 27 0 200
38 19 66 12 0 200
71 36 98 46 0 200
52 27 52 64 0 200
29 63 51 48 0 200
1 1 13 26 0 200
33 59 63 52 0 200
29 10 49 27 0 200
24 22 49 34 0 200
0 35 7 6 0 200
38 75 60 90 0 200
25 30 57 25 0 200
1 1 22 17 0 200
22 14 11 39 0 200
5 36 13 65 0 200
5 8 18 31 0 200
6 35 4 0 0 200
0 2 35 0 0 200
71 12 40 18 0 200
4 12 11 42 0 200
2 37 6 4 0 200
54 58 28 68 0 200
0 3 29 10 0 200
21 16 0 32 0 200
3 32 0 66 0 200
49 67 74 78 0 200
0 4 11 28 0 200
2 2 15 24 0 200
10 68 45 70 0 200
28 52 19 80 0 200
80 68 63 48 0 200
10 44 11 8 0 200
36 42 13 56 0 200
39 39 6 35 0 200
34 7 54 24 0 200
3 2 4 37 0 200
11 25 31 9 0 200
64 16 55 44 0 200
13 50 35 36 0 200
37 41 50 18 0 200
29 7 25 39 0 200
36 16 41 48 0 200
16 63 49 67 0 200
35 4 57 19 0 200
1 3 0 37 0 200
35 19 24 44 0 200
56 12 77 28 0 200
6 29 20 51 0 200
13 28 45 33 0 200
9 67 43 70 0 200
34 57 11 70 0 200
38 52 13 63 0 200
0 3 12 27 0 200
1 38 19 57 0 200
25 53 1 40 0 200
5 49 24 31 0 200
84 33 86 68 0 200
1 1 35 4 0 200
25 49 42 30 0 200
25 27 48 41 0 200
1 1 27 12 0 200
65 35 39 24 0 200
1 1 4 35 0 200
30 7 0 0 0 200
0 2 26 13 0 200
73 3 84 29 0 200
2 1 23 16 0 200
31 11 51 27 0 200
33 8 44 34 0 200
16 13 51 12 0 200
1 2 16 23 0 200
34 13 64 7 0 200
58 47 61 80 0 200
33 47 44 73 0 200
11 59 27 38 0 200
41 21 49 50 0 200
1 2 14 25 0 200
45 94 36 67 0 200
0 3 21 18 0 200
15 17 8 47 0 200
7 32 15 3 0 200
23 18 53 11 0 200
15 26 40 14 0 200
6 34 19 57 0 200
35 24 7 16 0 200
28 38 58 31 0 200
0 2 25 14 0 200
1 1 20 19 0 200
34 70 59 82 0 200
0 4 13 26 0 200
43 18 58 39 0 200
3 17 37 20 0 200
5 36 29 49 0 200
41 29 8 33 0 200
37 37 17 54 0 200
47 26 35 50 0 200
22 17 58 16 0 200
0 3 32 7 0 200
34 7 17 27 0 200
52 59 23 67 0 200
2 1 24 15 0 200
0 3 26 13 0 200
29 35 38 7 0 200
1 37 8 8 0 200
0 2 33 6 0 200
42 36 8 33 0 200
43 9 58 31 0 200
35 2 32 36 0 200
1 1 32 7 0 200
50 24 68 7 0 200
0 3 19 20 0 200
16 26 29 3 0 200
34 42 35 6 0 200
34 1 58 14 0 200
30 9 49 27 0 200
2 1 36 3 0 200
52 53 19 50 0 200
45 35 48 3 0 200
58 44 90 40 0 200
35 0 6 8 0 200
13 15 48 17 0 200
44 0 49 32 0 200
38 30 25 54 0 200
65 44 51 67 0 200
51 12 30 27 0 200
0 2 1 38 0 200
34 45 15 62 0 200
11 24 32 10 0 200
5 6 26 21 0 200
33 3 27 33 0 200
1 1 4 35 0 200
46 96 58 71 0 200
35 6 8 16 0 200
25 12 34 38 0 200
67 24 37 30 0 200
29 73 28 39 0 200
0 2 9 30 0 200
18 52 0 69 0 200
43 42 55 17 0 200
40 66 49 38 0 200
21 20 5 39 0 200
32 39 36 7 0 200
52 20 39 42 0 200
37 77 14 90 0 200
4 33 32 42 0 200
1 1 21 18 0 200
67 2 43 14 0 200
68 32 58 5 0 200
14 27 50 26 0 200
48 47 26 32 0 200
1 1 3 36 0 200
12 67 33 52 0 200
21 36 47 26 0 200
14 28 41 37 0 200
39 35 14 47 0 200
43 37 51 64 0 200
2 5 36 3 0 200
0 2 21 18 0 200
24 40 23 76 0 200
13 32 39 43 0 200
26 46 52 57 0 200
9 49 25 69 0 200
5 57 16 82 0 200
1 2 10 29 0 200
1 1 11 28 0 200
43 35 20 49 0 200
58 30 58 67 0 200
0 37 15 59 0 200
23 18 0 32 0 200
0 2 22 17 0 200
46 3 17 10 0 200
31 22 17 44 0 200
1 2 3 36 0 200
34 6 48 28 0 200
58 67 28 73 0 200
7 61 42 59 0 200
42 32 11 38 0 200
1 1 25 14 0 200
2 1 27 12 0 200
6 33 40 36 0 200
0 3 14 25 0 200
0 2 24 15 0 200
51 31 54 63 0 200
27 9 44 28 0 200
19 5 39 22 0 200
43 60 35 89 0 200
0 2 7 32 0 200
47 31 64 51 0 200
1 1 20 19 0 200
41 3 45 36 0 200
66 9 72 40 0 200
26 13 4 28 0 200
42 61 54 86 0 200
17 25 22 56 0 200
0 4 11 28 0 200
28 29 15 51 0 200
0 35 25 23 0 200
50 28 16 31 0 200
33 9 11 23 0 200
34 48 49 27 0 200
31 8 67 7 0 200
56 88 34 73 0 200
58 51 71 75 0 200
55 21 45 48 0 200
1 1 34 5 0 200
61 86 34 95 0 200
23 35 32 9 0 200
45 29 56 55 0 200
27 10 7 27 0 200
27 12 56 20 0 200
6 33 40 36 0 200
3 5 6 37 0 200
1 1 16 23 0 200
0 42 5 73 0 200
34 42 61 32 0 200
39 35 26 11 0 200
1 1 35 4 0 200
2 2 15 24 0 200
16 23 47 29 0 200
74 53 59 32 0 200
3 38 30 48 0 200
6 36 39 33 0 200
32 9 27 40 0 200
35 6 37 41 0 200
14 27 25 1 0 200
69 2 74 34 0 200
81 10 75 40 0 200
2 1 23 16 0 200
28 14 57 21 0 200
17 58 15 24 0 200
35 59 67 54 0 200
24 13 13 39 0 200
1 1 14 25 0 200
34 8 23 33 0 200
23 6 16 36 0 200
39 24 48 50 0 200
30 25 40 52 0 200
2 1 25 14 0 200
2 38 8 7 0 200
0 2 2 37 0 200
14 28 41 20 0 200
9 67 11 32 0 200
21 18 23 53 0 200
54 14 67 38 0 200
74 41 99 29 0 200
35 39 42 11 0 200
22 19 2 36 0 200
34 2 58 14 0 200
2 1 2 37 0 200
5 97 27 83 0 200
22 43 51 36 0 200
2 28 6 61 0 200
29 52 61 48 0 200
28 11 47 29 0 200
14 46 30 27 0 200
38 18 63 8 0 200
49 27 59 2 0 200
38 4 64 13 0 200
31 46 20 71 0 200
1 1 10 29 0 200
29 8 51 23 0 200
65 13 54 39 0 200
5 37 7 71 0 200
1 2 25 14 0 200
42 37 60 18 0 200
34 44 34 7 0 200
56 39 73 19 0 200
0 2 2 37 0 200
0 2 24 15 0 200
1 1 28 11 0 200
32 75 60 66 0 200
20 54 49 48 0 200
27 77 7 62 0 200
18 23 46 32 0 200
1 1 30 9 0 200
30 84 19 60 0 200
27 49 53 60 0 200
1 1 26 13 0 200
25 13 32 42 0 200
17 51 52 49 0 200
65 12 63 46 0 200
54 66 57 34 0 200
26 52 39 75 0 200
53 22 68 1 0 200
5 33 16 8 0 200
19 18 37 37 0 200
80 12 96 32 0 200
1 1 23 16 0 200
13 26 21 55 0 200
25 71 39 48 0 200
52 23 73 8 0 200
70 41 91 25 0 200
1 1 24 15 0 200
4 31 25 15 0 200
30 50 46 71 0 200
2 39 11 11 0 200
11 44 31 60 0 200
9 59 33 46 0 200
40 12 36 44 0 200
0 67 23 81 0 200
2 0 14 25 0 200
55 9 27 2 0 200
77 5 50 15 0 200
40 21 71 27 0 200
40 29 24 49 0 200
1 2 10 29 0 200
6 35 2 68 0 200
12 30 28 50 0 200
51 29 43 1 0 200
41 35 47 66 0 200
58 69 82 57 0 200
35 6 49 29 0 200
1 1 9 30 0 200
0 2 5 34 0 200
33 4 19 25 0 200
72 11 75 45 0 200
2 37 33 41 0 200
0 2 15 24 0 200
16 48 32 28 0 200
0 2 30 9 0 200
13 7 25 32 0 200
1 1 35 4 0 200
1 54 23 39 0 200
48 33 83 34 0 200
0 2 25 14 0 200
63 3 43 20 0 200
29 8 35 39 0 200
1 1 18 21 0 200
66 9 62 41 0 200
1 1 24 15 0 200
1 5 30 13 0 200
15 19 45 25 0 200
0 3 21 18 0 200
43 35 19 48 0 200
0 2 17 22 0 200
26 35 53 44 0 200
12 14 19 44 0 200
1 1 27 12 0 200
26 11 52 0 0 200
12 49 36 62 0 200
10 31 30 48 0 200
32 7 66 10 0 200
58 29 53 60 0 200
31 7 65 9 0 200
38 25 58 42 0 200
7 94 24 74 0 200
2 70 23 86 0 200
1 1 12 27 0 200
13 28 46 32 0 200
14 58 4 31 0 200
1 1 26 13 0 200
6 30 31 41 0 200
0 4 11 28 0 200
27 11 42 33 0 200
68 1 38 7 0 200
2 1 1 36 0 200
36 6 19 25 0 200
27 43 57 50 0 200
66 8 66 45 0 200
40 33 15 44 0 200
4 32 19 11 0 200
3 1 7 32 0 200
12 25 29 45 0 200
26 13 5 29 0 200
18 18 18 54 0 200
56 58 56 22 0 200
17 59 52 61 0 200
27 15 10 34 0 200
0 3 33 0 0 200
32 5 26 36 0 200
24 52 21 18 0 200
2 25 19 44 0 200
20 17 42 32 0 200
36 6 45 33 0 200
33 37 67 34 0 200
32 45 5 54 0 200
0 2 34 5 0 200
85 28 88 62 0 200
48 35 58 8 0 200
1 1 18 21 0 200
22 45 21 81 0 200
54 34 20 37 0 200
3 1 28 11 0 200
51 42 19 37 0 200
26 13 2 0 0 200
0 3 28 11 0 200
31 7 10 22 0 200
1 1 13 26 0 200
14 25 31 5 0 200
20 13 13 43 0 200
52 66 52 30 0 200
1 1 6 33 0 200
31 1 31 36 0 200
1 1 12 27 0 200
51 29 40 55 0 200
18 41 7 17 0 200
1 1 24 15 0 200
36 3 27 30 0 200
34 2 60 12 0 200
11 20 19 48 0 200
63 15 89 26 0 200
1 1 1 38 0 200
0 3 12 27 0 200
13 3 34 19 0 200
58 20 31 30 0 200
12 24 25 1 0 200
2 46 29 56 0 200
1 1 13 26 0 200
3 39 27 51 0 200
2 1 37 0 0 200
33 8 33 45 0 200
78 28 51 38 0 200
44 14 50 43 0 200
2 1 36 3 0 200
40 20 60 37 0 200
27 20 55 11 0 200
12 54 27 76 0 200
18 56 19 20 0 200
33 35 30 2 0 200
44 34 30 11 0 200
0 2 34 5 0 200
41 7 41 44 0 200
33 78 27 49 0 200
0 2 28 11 0 200
1 1 17 22 0 200
12 65 43 71 0 200
27 49 39 24 0 200
7 70 39 66 0 200
57 92 22 93 0 200
10 31 2 2 0 200
11 21 11 58 0 200
0 2 23 16 0 200
10 8 35 20 0 200
0 2 23 16 0 200
54 82 39 60 0 200
0 2 35 4 0 200
39 36 73 34 0 200
25 53 11 30 0 200
45 30 19 19 0 200
50 30 25 42 0 200
52 22 54 57 0 200
17 76 49 71 0 200
20 21 40 4 0 200
17 24 9 51 0 200
36 46 40 13 0 200
47 40 63 19 0 200
30 77 24 47 0 200
54 51 77 63 0 200
35 6 69 9 0 200
44 30 57 52 0 200
25 72 14 98 0 200
93 55 59 58 0 200
40 57 29 83 0 200
18 17 32 38 0 200
35 35 14 19 0 200
0 2 20 19 0 200
1 1 29 10 0 200
35 45 54 63 0 200
26 10 31 41 0 200
0 2 33 6 0 200
72 9 89 29 0 200
0 2 32 7 0 200
53 17 81 8 0 200
7 54 24 35 0 200
2 1 26 13 0 200
45 29 62 9 0 200
33 19 61 27 0 200
8 64 31 52 0 200
48 6 80 2 0 200
1 1 29 10 0 200
2 1 1 36 0 200
1 1 37 0 0 200
44 44 28 64 0 200
43 22 43 59 0 200
3 1 14 25 0 200
87 2 60 12 0 200
1 1 4 35 0 200
44 37 64 21 0 200
1 1 20 19 0 200
50 24 74 35 0 200
25 28 37 3 0 200
11 26 3 55 0 200
21 29 7 7 0 200
2 1 22 17 0 200
54 59 59 27 0 200
33 3 9 15 0 200
39 41 16 27 0 200
1 2 18 21 0 200
50 60 31 44 0 200
20 17 22 52 0 200
26 15 2 28 0 200
50 26 29 42 0 200
16 22 34 3 0 200
32 10 21 35 0 200
3 1 3 36 0 200
36 10 19 29 0 200
31 8 45 31 0 200
37 4 53 25 0 200
25 15 13 39 0 200
24 17 49 29 0 200
56 41 78 56 0 200
18 27 38 44 0 200
20 17 28 46 0 200
1 1 37 2 0 200
32 8 46 31 0 200
1 1 27 12 0 200
25 18 34 45 0 200
1 1 15 24 0 200
16 26 21 57 0 200
25 17 59 19 0 200
43 46 63 29 0 200
39 36 34 67 0 200
25 12 60 14 0 200
1 40 27 51 0 200
34 22 70 23 0 200
3 45 10 15 0 200
8 28 8 64 0 200
20 17 43 31 0 200
11 35 31 52 0 200
20 54 2 35 0 200
59 15 85 4 0 200
15 63 18 97 0 200
7 56 32 45 0 200
70 33 45 44 0 200
0 3 0 39 0 200
50 49 70 66 0 200
6 30 18 54 0 200
2 1 14 25 0 200
60 35 47 11 0 200
36 2 4 6 0 200
21 55 27 86 0 200
23 32 7 11 0 200
16 21 41 31 0 200
36 6 12 18 0 200
12 15 18 45 0 200
17 44 38 28 0 200
19 27 35 47 0 200
38 16 13 28 0 200
31 5 52 20 0 200
37 41 50 17 0 200
36 50 6 43 0 200
51 56 47 89 0 200
18 18 37 1 0 200
34 44 69 46 0 200
37 31 55 12 0 200
55 10 73 29 0 200
18 58 43 48 0 200
1 1 19 20 0 200
21 55 45 42 0 200
8 28 9 63 0 200
34 37 70 36 0 200
0 2 22 17 0 200
1 1 30 9 0 200
13 24 31 5 0 200
13 33 49 32 0 200
37 48 59 63 0 200
37 29 60 43 0 200
0 2 9 30 0 200
32 9 66 6 0 200
4 35 34 42 0 200
55 38 33 23 0 200
50 56 44 27 0 200
0 2 4 35 0 200
49 25 29 8 0 200
24 50 56 55 0 200
51 23 83 18 0 200
8 35 34 24 0 200
32 10 23 37 0 200
20 16 50 22 0 200
26 51 53 42 0 200
10 29 5 61 0 200
33 7 68 5 0 200
62 39 91 47 0 200
2 36 30 28 0 200
21 23 44 37 0 200
2 42 15 19 0 200
18 54 10 27 0 200
7 30 6 66 0 200
9 33 18 60 0 200
1 1 13 26 0 200
55 48 91 49 0 200
1 2 22 17 0 200
6 3 31 14 0 200
2 1 19 20 0 200
45 76 35 50 0 200
0 2 26 13 0 200
1 3 4 35 0 200
1 1 9 30 0 200
32 35 28 67 0 200
0 2 24 15 0 200
0 2 3 36 0 200
25 43 60 45 0 200
39 52 53 31 0 200
2 1 26 13 0 200
18 24 41 37 0 200
87 43 80 73 0 200
1 1 28 11 0 200
2 2 29 10 0 200
43 13 72 21 0 200
24 80 2 65 0 200
18 39 37 57 0 200
41 34 39 0 0 200
50 42 57 71 0 200
36 3 45 31 0 200
37 47 37 10 0 200
44 49 18 58 0 200
60 26 61 62 0 200
3 77 36 73 0 200
35 62 11 49 0 200
32 3 9 17 0 200
59 46 79 29 0 200
23 20 46 32 0 200
31 41 38 71 0 200
6 30 7 65 0 200
18 23 29 49 0 200
42 5 13 13 0 200
47 95 69 80 0 200
1 2 3 36 0 200
65 13 54 38 0 200
9 9 22 33 0 200
19 18 47 11 0 200
18 23 27 51 0 200
1 1 3 36 0 200
36 40 35 4 0 200
36 19 54 37 0 200
12 12 8 45 0 200
26 11 59 13 0 200
0 46 10 73 0 200
79 25 99 8 0 200
74 12 72 47 0 200
76 39 41 41 0 200
25 20 31 50 0 200
40 26 21 8 0 200
12 27 46 24 0 200
53 17 32 1 0 200
18 21 45 11 0 200
35 4 51 23 0 200
8 66 33 54 0 200
41 71 22 53 0 200
36 24 56 41 0 200
5 32 38 28 0 200
1 1 1 38 0 200
42 30 19 18 0 200
20 19 42 34 0 200
27 51 1 40 0 200
15 62 18 95 0 200
80 38 84 5 0 200
76 28 54 13 0 200
25 14 11 37 0 200
38 31 48 5 0 200
1 1 7 32 0 200
24 60 6 42 0 200
1 1 30 9 0 200
44 32 69 44 0 200
55 21 82 11 0 200
59 37 81 22 0 200
55 16 43 40 0 200
3 1 15 24 0 200
60 37 85 48 0 200
9 53 12 21 0 200
8 12 35 2 0 200
1 1 20 19 0 200
68 46 70 12 0 200
8 8 42 10 0 200
0 2 27 12 0 200
19 28 5 51 0 200
7 11 42 9 0 200
30 92 26 59 0 200
13 31 39 20 0 200
40 34 44 67 0 200
37 5 34 38 0 200
9 28 7 63 0 200
33 43 53 60 0 200
15 26 4 1 0 200
5 37 32 47 0 200
39 2 41 35 0 200
22 41 56 43 0 200
45 77 79 76 0 200
5 31 39 33 0 200
87 25 54 21 0 200
20 19 14 50 0 200
6 30 20 52 0 200
2 35 11 7 0 200
69 40 61 11 0 200
4 72 32 81 0 200
11 30 44 26 0 200
33 46 15 64 0 200
1 1 7 32 0 200
45 37 77 42 0 200
38 13 4 14 0 200
1 1 36 3 0 200
59 32 41 50 0 200
30 60 8 75 0 200
1 35 16 56 0 200
0 2 23 16 0 200
52 63 52 26 0 200
50 26 36 3 0 200
38 69 41 36 0 200
0 2 0 39 0 200
49 16 71 30 0 200
49 48 45 16 0 200
48 70 27 86 0 200
36 1 11 13 0 200
33 9 48 30 0 200
14 42 11 10 0 200
1 1 20 19 0 200
41 27 75 25 0 200
0 3 7 32 0 200
19 92 42 78 0 200
17 9 17 46 0 200
8 29 35 39 0 200
88 4 74 27 0 200
28 4 53 15 0 200
35 3 64 10 0 200
1 1 3 36 0 200
32 35 37 4 0 200
59 66 92 63 0 200
1 1 25 14 0 200
57 58 55 93 0 200
34 14 22 39 0 200
5 36 29 47 0 200
1 1 22 17 0 200
0 3 29 10 0 200
33 4 49 25 0 200
47 26 47 62 0 200
14 64 46 69 0 200
72 17 70 52 0 200
14 29 30 8 0 200
0 2 32 7 0 200
14 20 33 38 0 200
0 3 4 35 0 200
1 1 17 22 0 200
29 47 58 39 0 200
30 1 0 8 0 200
25 25 41 4 0 200
19 16 41 31 0 200
71 41 62 14 0 200
18 54 39 70 0 200
56 14 70 37 0 200
65 11 60 43 0 200
32 38 38 9 0 200
48 33 74 43 0 200
60 54 53 83 0 200
33 7 6 16 0 200
18 23 25 53 0 200
14 46 39 35 0 200
39 77 60 62 0 200
36 47 58 32 0 200
27 27 10 7 0 200
45 62 44 26 0 200
25 16 56 22 0 200
14 29 14 64 0 200
0 2 1 38 0 200
23 51 55 46 0 200
9 32 43 29 0 200
58 44 94 45 0 200
50 25 38 49 0 200
16 56 15 20 0 200
9 30 5 63 0 200
41 32 71 25 0 200
20 34 50 28 0 200
9 29 11 63 0 200
35 85 49 62 0 200
1 2 5 34 0 200
69 4 56 27 0 200
8 29 41 25 0 200
18 72 29 96 0 200
39 32 31 61 0 200
24 17 4 34 0 200
59 39 52 69 0 200
5 32 2 66 0 200
53 48 44 74 0 200
27 59 25 94 0 200
14 31 35 45 0 200
20 22 30 48 0 200
14 61 15 97 0 200
0 2 9 30 0 200
64 60 85 44 0 200
6 35 34 44 0 200
6 29 6 64 0 200
40 60 36 29 0 200
24 17 58 14 0 200
1 3 6 33 0 200
30 6 17 29 0 200
20 17 41 33 0 200
22 66 45 78 0 200
0 28 18 47 0 200
22 14 56 16 0 200
29 14 57 22 0 200
2 2 22 17 0 200
59 9 63 40 0 200
59 2 71 26 0 200
19 61 36 43 0 200
29 10 18 36 0 200
2 1 14 25 0 200
1 1 26 13 0 200
52 57 50 22 0 200
1 1 11 28 0 200
5 2 30 13 0 200
34 56 45 30 0 200
37 37 19 20 0 200
45 28 21 16 0 200
17 79 42 91 0 200
11 28 32 12 0 200
24 27 16 55 0 200
21 20 38 40 0 200
48 19 34 42 0 200
15 42 37 27 0 200
21 21 51 15 0 200
51 17 86 19 0 200
15 33 7 4 0 200
22 17 42 34 0 200
0 2 7 32 0 200
36 42 37 6 0 200
36 28 35 64 0 200
2 1 16 23 0 200
37 32 19 50 0 200
0 2 16 23 0 200
39 1 72 4 0 200
9 48 25 27 0 200
45 4 27 23 0 200
56 12 45 38 0 200
1 1 16 23 0 200
40 36 40 73 0 200
39 13 31 42 0 200
24 15 3 31 0 200
37 78 18 95 0 200
2 1 31 8 0 200
0 2 30 9 0 200
18 20 25 50 0 200
0 4 4 35 0 200
1 2 0 37 0 200
21 60 16 28 0 200
31 10 22 38 0 200
11 47 15 80 0 200
33 48 64 43 0 200
23 15 12 40 0 200
1 2 23 16 0 200
29 50 59 44 0 200
15 55 44 63 0 200
40 47 61 33 0 200
16 25 40 12 0 200
21 7 13 36 0 200
10 27 32 12 0 200
1 2 12 27 0 200
94 3 59 4 0 200
0 2 24 15 0 200
11 31 42 26 0 200
15 26 19 59 0 200
16 23 29 47 0 200
77 58 89 82 0 200
23 13 53 19 0 200
11 34 0 60 0 200
42 34 73 40 0 200
1 1 22 17 0 200
67 38 88 54 0 200
71 34 36 35 0 200
48 45 22 56 0 200
0 2 7 32 0 200
28 48 38 75 0 200
7 9 30 23 0 200
48 7 78 13 0 200
1 1 7 32 0 200
25 16 2 30 0 200
25 12 0 24 0 200
44 32 14 25 0 200
26 10 26 46 0 200
13 17 36 31 0 200
0 4 15 24 0 200
5 27 20 5 0 200
25 48 55 42 0 200
1 2 31 8 0 200
59 22 64 53 0 200
0 2 26 13 0 200
41 15 22 33 0 200
0 2 4 35 0 200
53 22 73 38 0 200
16 24 16 60 0 200
13 28 36 42 0 200
61 44 38 30 0 200
15 58 42 67 0 200
14 27 0 50 0 200
3 34 29 23 0 200
1 1 34 5 0 200
71 52 95 64 0 200
22 50 16 20 0 200
15 20 23 49 0 200
5 60 12 30 0 200
51 50 15 51 0 200
1 1 7 32 0 200
0 2 32 7 0 200
4 35 6 0 0 200
44 36 52 9 0 200
41 57 48 86 0 200
17 15 38 31 0 200
11 56 29 37 0 200
37 44 31 14 0 200
50 48 24 37 0 200
20 50 48 59 0 200
4 27 21 46 0 200
40 27 38 62 0 200
46 36 27 19 0 200
30 50 8 65 0 200
39 51 17 36 0 200
26 28 3 40 0 200
36 38 58 53 0 200
11 25 38 15 0 200
22 60 13 88 0 200
69 42 55 65 0 200
1 1 18 21 0 200
51 47 24 37 0 200
90 21 73 39 0 200
17 56 3 34 0 200
1 1 33 6 0 200
1 1 15 24 0 200
0 2 28 11 0 200
0 2 33 6 0 200
0 2 0 39 0 200
23 37 54 43 0 200
28 8 49 23 0 200
53 50 56 16 0 200
55 44 71 23 0 200
1 1 33 6 0 200
17 26 40 40 0 200
18 12 45 2 0 200
30 20 51 36 0 200
33 4 9 17 0 200
31 11 15 32 0 200
0 2 18 21 0 200
44 35 28 15 0 200
5 37 13 9 0 200
34 13 36 47 0 200
18 25 50 22 0 200
1 1 22 17 0 200
58 4 25 2 0 200
25 5 51 15 0 200
0 81 1 45 0 200
1 3 0 37 0 200
1 1 5 34 0 200
18 52 51 48 0 200
37 43 32 73 0 200
76 26 88 2 0 200
2 50 8 79 0 200
49 56 22 46 0 200
18 24 52 22 0 200
45 50 77 46 0 200
17 41 22 73 0 200
42 40 73 35 0 200
1 36 17 57 0 200
6 16 34 25 0 200
26 16 56 22 0 200
30 73 1 80 0 200
2 1 34 5 0 200
0 22 0 57 0 200
0 2 30 9 0 200
44 32 57 10 0 200
40 47 30 74 0 200
26 16 60 14 0 200
1 1 8 31 0 200
1 1 32 7 0 200
47 32 55 60 0 200
1 1 36 3 0 200
63 53 34 46 0 200
32 46 17 24 0 200
1 7 17 28 0 200
21 51 17 82 0 200
16 25 16 61 0 200
0 4 12 27 0 200
4 61 31 70 0 200
27 65 17 39 0 200
16 58 0 37 0 200
25 51 30 19 0 200
13 25 5 53 0 200
1 34 13 9 0 200
12 76 39 84 0 200
1 1 36 3 0 200
77 71 43 74 0 200
50 23 54 55 0 200
23 20 33 45 0 200
21 15 4 34 0 200
2 40 8 10 0 200
56 12 56 49 0 200
28 19 23 50 0 200
1 3 20 19 0 200
2 2 17 22 0 200
23 30 17 61 0 200
0 2 23 16 0 200
8 29 44 30 0 200
1 34 37 35 0 200
30 46 7 60 0 200
27 18 25 53 0 200
61 81 34 71 0 200
50 65 76 76 0 200
23 67 56 64 0 200
11 26 45 23 0 200
43 33 55 58 0 200
65 6 60 37 0 200
0 4 11 28 0 200
10 81 41 76 0 200
43 24 18 35 0 200
18 7 42 19 0 200
0 3 28 11 0 200
65 26 79 49 0 200
8 34 35 25 0 200
59 19 58 55 0 200
42 49 76 52 0 200
86 44 53 40 0 200
2 1 10 29 0 200
10 27 26 6 0 200
1 1 25 14 0 200
17 25 6 51 0 200
50 30 85 32 0 200
21 76 6 54 0 200
55 38 58 72 0 200
17 11 21 44 0 200
0 2 12 27 0 200
8 68 22 91 0 200
19 23 42 10 0 200
63 3 71 32 0 200
46 26 26 9 0 200
42 10 13 18 0 200
21 77 20 43 0 200
25 12 35 39 0 200
57 41 81 54 0 200
0 3 7 32 0 200
15 23 35 40 0 200
65 9 51 30 0 200
25 47 54 55 0 200
1 27 31 22 0 200
53 24 84 29 0 200
2 22 14 47 0 200
33 51 56 63 0 200
0 2 13 26 0 200
0 3 29 10 0 200
28 13 62 16 0 200
12 25 38 36 0 200
39 9 22 29 0 200
62 47 79 67 0 200
8 34 26 52 0 200
56 55 20 56 0 200
4 34 23 51 0 200
3 1 32 7 0 200
14 24 32 42 0 200
41 37 38 71 0 200
0 2 0 39 0 200
25 17 56 12 0 200
1 1 16 23 0 200
1 1 0 37 0 200
25 16 1 3 0 200
70 43 61 70 0 200
62 54 26 55 0 200
30 7 31 43 0 200
34 41 14 57 0 200
34 3 50 24 0 200
37 0 7 7 0 200
38 40 56 21 0 200
0 2 4 35 0 200
14 26 43 18 0 200
13 27 43 21 0 200
25 12 2 26 0 200
1 3 18 21 0 200
11 27 34 40 0 200
49 23 42 53 0 200
39 14 46 43 0 200
42 4 13 12 0 200
13 8 31 25 0 200
30 22 7 10 0 200
43 39 72 31 0 200
13 28 29 49 0 200
31 40 27 8 0 200
59 65 50 37 0 200
2 2 15 24 0 200
1 3 8 31 0 200
40 55 22 73 0 200
6 62 0 93 0 200
9 27 42 24 0 200
8 71 40 76 0 200
50 60 19 65 0 200
21 20 37 41 0 200
0 3 8 31 0 200
0 2 17 22 0 200
35 2 56 18 0 200
0 2 2 37 0 200
14 25 39 13 0 200
27 9 29 43 0 200
26 16 16 42 0 200
34 8 5 15 0 200
38 51 55 31 0 200
21 66 48 75 0 200
18 24 49 19 0 200
31 63 39 91 0 200
37 33 25 8 0 200
0 2 30 9 0 200
13 26 40 16 0 200
8 50 18 23 0 200
31 8 2 0 0 200
2 1 12 27 0 200
26 30 33 0 0 200
17 85 32 64 0 200
34 42 63 50 0 200
63 52 34 60 0 200
1 1 33 6 0 200
60 2 88 11 0 200
21 18 37 39 0 200
27 39 32 7 0 200
19 22 0 4 0 200
22 15 39 35 0 200
49 25 62 49 0 200
44 44 79 45 0 200
42 12 13 4 0 200
66 44 54 20 0 200
57 16 27 22 0 200
35 8 8 18 0 200
22 18 45 31 0 200
21 17 10 42 0 200
1 2 10 29 0 200
26 58 61 57 0 200
1 2 30 9 0 200
66 58 87 74 0 200
4 38 12 10 0 200
18 30 40 15 0 200
0 2 8 31 0 200
10 27 40 20 0 200
22 36 21 1 0 200
19 26 47 34 0 200
0 2 34 5 0 200
2 1 19 20 0 200
19 14 21 49 0 200
17 24 0 4 0 200
8 29 32 42 0 200
43 36 58 57 0 200
53 69 89 68 0 200
49 66 46 32 0 200
0 37 20 20 0 200
62 52 33 60 0 200
39 41 7 44 0 200
20 19 55 21 0 200
26 26 42 47 0 200
19 23 41 37 0 200
40 36 21 18 0 200
1 2 32 7 0 200
52 14 55 48 0 200
8 13 37 20 0 200
36 5 71 7 0 200
38 36 46 65 0 200
35 7 20 28 0 200
61 17 35 6 0 200
32 37 57 49 0 200
32 5 65 9 0 200
0 2 12 27 0 200
1 1 22 17 0 200
39 73 37 38 0 200
1 2 18 21 0 200
1 1 33 6 0 200
43 77 79 76 0 200
65 39 51 16 0 200
8 2 31 16 0 200
41 35 36 3 0 200
21 44 56 42 0 200
54 25 55 60 0 200
1 40 34 36 0 200
3 40 21 59 0 200
34 36 66 41 0 200
2 31 25 18 0 200
1 1 13 26 0 200
16 28 24 57 0 200
25 33 25 69 0 200
1 1 1 38 0 200
21 63 48 73 0 200
79 40 64 18 0 200
39 19 56 39 0 200
28 13 22 44 0 200
9 32 21 57 0 200
1 17 22 1 0 200
0 4 16 23 0 200
22 11 57 13 0 200
1 1 21 18 0 200
1 3 13 26 0 200
15 26 28 50 0 200
17 11 17 48 0 200
4 72 3 36 0 200
11 59 25 36 0 200
35 23 48 47 0 200
4 37 18 60 0 200
40 2 41 37 0 200
23 14 44 30 0 200
39 19 55 40 0 200
0 2 26 13 0 200
21 55 19 90 0 200
58 94 86 85 0 200
21 30 53 26 0 200
31 57 65 60 0 200
30 25 4 36 0 200
0 2 3 36 0 200
3 1 19 20 0 200
33 45 46 69 0 200
50 30 30 15 0 200
31 38 50 56 0 200
12 27 33 43 0 200
27 29 47 46 0 200
4 51 19 73 0 200
25 11 15 37 0 200
58 16 58 53 0 200
26 23 61 24 0 200
41 15 63 0 0 200
43 57 72 65 0 200
36 49 36 86 0 200
5 9 24 27 0 200
41 35 6 37 0 200
45 67 15 74 0 200
45 5 70 15 0 200
8 49 1 19 0 200
60 10 49 36 0 200
41 79 73 83 0 200
56 20 42 43 0 200
26 80 46 63 0 200
90 48 93 82 0 200
23 55 49 44 0 200
36 30 49 54 0 200
1 1 16 23 0 200
4 36 27 22 0 200
19 14 2 33 0 200
33 6 43 33 0 200
32 62 15 42 0 200
39 22 15 34 0 200
0 3 8 31 0 200
38 38 71 35 0 200
27 9 55 17 0 200
40 43 66 53 0 200
14 74 39 86 0 200
4 53 37 56 0 200
37 43 30 13 0 200
16 21 52 20 0 200
20 23 36 42 0 200
39 33 61 48 0 200
27 10 2 22 0 200
29 13 24 45 0 200
9 41 38 49 0 200
28 9 32 42 0 200
3 26 6 60 0 200
7 80 26 62 0 200
26 43 54 34 0 200
1 1 36 3 0 200
36 6 23 29 0 200
74 8 73 42 0 200
1 1 37 2 0 200
1 2 11 28 0 200
0 2 25 14 0 200
65 30 69 61 0 200
0 2 19 20 0 200
11 23 5 54 0 200
34 46 6 55 0 200
0 3 22 17 0 200
29 12 65 13 0 200
53 30 31 44 0 200
33 36 13 52 0 200
10 27 2 56 0 200
25 53 54 45 0 200
6 63 17 89 0 200
20 32 34 55 0 200
35 36 52 54 0 200
5 36 10 68 0 200
0 2 27 12 0 200
6 33 19 57 0 200
22 54 49 64 0 200
55 8 58 42 0 200
47 39 25 54 0 200
2 1 24 15 0 200
75 37 52 50 0 200
45 31 40 63 0 200
0 37 14 14 0 200
10 39 8 73 0 200
4 37 38 40 0 200
72 31 48 18 0 200
35 37 42 7 0 200
42 4 20 18 0 200
14 62 5 34 0 200
0 2 3 36 0 200
36 40 30 9 0 200
41 20 29 44 0 200
4 2 21 22 0 200
23 18 18 50 0 200
17 41 14 75 0 200
1 1 25 14 0 200
46 31 14 27 0 200
52 61 30 76 0 200
20 23 34 45 0 200
0 2 8 31 0 200
15 20 46 24 0 200
61 16 34 7 0 200
89 27 65 38 0 200
0 2 21 18 0 200
0 2 7 32 0 200
1 1 28 11 0 200
1 1 22 17 0 200
36 35 14 50 0 200
30 19 41 44 0 200
29 12 33 45 0 200
21 3 19 38 0 200
57 18 75 0 0 200
42 57 35 87 0 200
40 36 69 28 0 200
1 1 34 5 0 200
26 39 43 20 0 200
3 5 8 37 0 200
9 38 44 36 0 200
15 16 39 29 0 200
4 37 40 36 0 200
69 30 37 35 0 200
39 13 27 38 0 200
47 46 81 49 0 200
1 1 32 7 0 200
63 50 36 60 0 200
1 56 18 76 0 200
27 49 4 35 0 200
16 20 21 51 0 200
40 54 34 23 0 200
21 67 56 68 0 200
32 17 33 53 0 200
5 52 14 80 0 200
38 68 49 94 0 200
42 21 55 44 0 200
15 5 31 26 0 200
21 75 23 40 0 200
22 15 58 14 0 200
14 2 19 32 0 200
43 7 32 31 0 200
55 33 19 32 0 200
21 20 47 9 0 200
14 18 39 28 0 200
1 1 34 5 0 200
76 50 88 75 0 200
31 11 50 29 0 200
27 15 42 36 0 200
1 3 6 33 0 200
38 65 17 81 0 200
25 22 35 49 0 200
66 7 66 43 0 200
54 59 29 47 0 200
30 81 8 96 0 200
27 49 30 15 0 200
86 14 62 25 0 200
68 9 55 33 0 200
21 21 52 15 0 200
16 50 20 17 0 200
26 75 15 49 0 200
2 35 16 58 0 200
15 61 40 49 0 200
68 5 33 6 0 200
0 2 32 7 0 200
57 25 51 54 0 200
64 51 64 14 0 200
18 45 32 22 0 200
16 25 9 55 0 200
10 27 35 39 0 200
8 21 16 49 0 200
12 27 34 12 0 200
1 1 19 20 0 200
19 25 54 26 0 200
0 1 3 34 0 200
60 4 85 16 0 200
22 19 25 53 0 200
69 43 36 46 0 200
5 32 22 52 0 200
0 2 33 6 0 200
45 34 26 16 0 200
27 17 19 46 0 200
35 50 37 16 0 200
18 40 30 15 0 200
13 24 31 43 0 200
70 7 56 30 0 200
80 32 53 22 0 200
30 7 53 21 0 200
24 16 50 6 0 200
41 10 39 45 0 200
27 14 60 10 0 200
78 40 97 58 0 200
1 1 12 27 0 200
29 11 19 37 0 200
35 2 55 17 0 200
40 71 38 36 0 200
2 1 16 23 0 200
27 14 18 42 0 200
36 5 38 40 0 200
21 20 3 1 0 200
22 70 51 63 0 200
0 2 36 3 0 200
15 59 37 74 0 200
43 72 79 73 0 200
2 45 36 48 0 200
1 40 29 49 0 200
38 92 63 80 0 200
2 69 14 45 0 200
2 1 31 8 0 200
15 26 51 27 0 200
0 4 13 26 0 200
12 65 0 41 0 200
26 40 57 34 0 200
20 58 34 81 0 200
16 58 51 56 0 200
41 33 36 1 0 200
2 1 0 35 0 200
24 53 44 70 0 200
14 27 19 59 0 200
19 56 25 86 0 200
50 30 28 45 0 200
18 25 35 43 0 200
12 38 27 16 0 200
1 3 9 30 0 200
42 68 34 96 0 200
65 38 82 18 0 200
13 25 28 4 0 200
0 2 1 38 0 200
65 11 71 42 0 200
1 23 30 31 0 200
48 28 13 30 0 200
27 47 41 70 0 200
59 37 75 58 0 200
8 32 34 22 0 200
1 37 35 35 0 200
60 39 44 58 0 200
1 1 28 11 0 200
0 2 15 24 0 200
0 2 21 18 0 200
1 2 17 22 0 200
2 1 4 35 0 200
10 24 18 53 0 200
1 2 14 25 0 200
37 2 59 17 0 200
39 76 17 91 0 200
16 61 27 36 0 200
0 2 6 33 0 200
32 3 32 38 0 200
0 2 0 39 0 200
7 7 27 22 0 200
27 55 30 22 0 200
9 45 29 62 0 200
1 1 14 25 0 200
18 56 38 73 0 200
11 29 21 2 0 200
1 1 14 25 0 200
32 10 24 38 0 200
32 46 27 78 0 200
1 1 3 36 0 200
21 53 17 20 0 200
33 59 43 33 0 200
24 13 53 21 0 200
0 2 11 28 0 200
1 1 34 5 0 200
23 17 50 27 0 200
44 57 13 51 0 200
12 27 23 53 0 200
51 25 41 52 0 200
0 35 0 70 0 200
1 2 17 22 0 200
0 2 29 10 0 200
2 55 37 54 0 200
17 47 43 57 0 200
5 33 12 62 0 200
27 39 7 56 0 200
7 59 33 69 0 200
4 44 6 9 0 200
56 59 35 75 0 200
11 27 41 33 0 200
2 39 1 75 0 200
21 15 37 35 0 200
8 5 34 16 0 200
38 73 41 39 0 200
22 19 47 7 0 200
31 31 29 66 0 200
63 45 63 82 0 200
65 52 90 64 0 200
1 1 30 9 0 200
1 1 13 26 0 200
62 48 31 52 0 200
37 2 12 14 0 200
75 76 66 49 0 200
34 5 31 39 0 200
67 44 36 48 0 200
0 3 25 14 0 200
8 31 3 63 0 200
31 19 44 42 0 200
0 2 34 5 0 200
6 70 29 56 0 200
8 65 24 85 0 200
1 44 35 47 0 200
35 46 61 56 0 200
12 29 37 17 0 200
27 47 26 11 0 200
26 81 3 93 0 200
2 2 24 15 0 200
5 72 5 36 0 200
56 96 45 70 0 200
0 3 34 1 0 200
1 1 18 21 0 200
57 13 23 16 0 200
3 36 36 40 0 200
1 2 14 25 0 200
21 45 1 62 0 200
46 30 49 64 0 200
25 11 43 29 0 200
13 15 18 47 0 200
41 42 25 21 0 200
39 35 25 58 0 200
85 2 99 25 0 200
67 44 33 47 0 200
31 55 21 81 0 200
8 31 29 15 0 200
0 3 13 26 0 200
30 77 13 97 0 200
59 34 37 19 0 200
12 25 3 53 0 200
1 1 33 6 0 200
38 12 26 37 0 200
21 59 54 55 0 200
25 64 32 36 0 200
9 32 41 27 0 200
32 10 60 2 0 200
9 7 45 6 0 200
25 10 18 39 0 200
76 77 42 75 0 200
13 61 42 53 0 200
26 84 38 60 0 200
58 21 44 43 0 200
38 53 25 29 0 200
47 60 34 36 0 200
1 1 14 25 0 200
57 3 92 2 0 200
36 12 41 44 0 200
20 22 34 44 0 200
33 43 39 12 0 200
56 10 60 43 0 200
0 4 16 23 0 200
72 41 60 66 0 200
23 18 31 47 0 200
37 8 39 43 0 200
0 2 9 30 0 200
21 16 47 5 0 200
49 79 69 96 0 200
16 30 52 31 0 200
56 18 72 38 0 200
33 5 52 22 0 200
29 8 58 0 0 200
2 2 25 14 0 200
0 2 8 31 0 200
0 3 19 20 0 200
2 58 25 72 0 200
0 2 25 14 0 200
27 10 61 7 0 200
2 1 20 19 0 200
45 80 32 57 0 200
28 13 5 27 0 200
28 88 23 57 0 200
29 52 26 85 0 200
0 3 14 25 0 200
1 3 17 22 0 200
14 25 35 41 0 200
78 26 64 3 0 200
37 41 60 55 0 200
16 30 31 51 0 200
8 68 26 87 0 200
70 64 34 63 0 200
9 30 39 37 0 200
61 19 89 28 0 200
18 16 49 20 0 200
1 2 23 16 0 200
25 28 36 2 0 200
2 1 9 30 0 200
39 31 39 68 0 200
26 8 11 29 0 200
11 40 13 5 0 200
59 49 36 36 0 200
13 57 41 48 0 200
42 18 24 37 0 200
66 20 67 56 0 200
2 1 23 16 0 200
14 48 33 32 0 200
52 24 70 5 0 200
6 35 11 3 0 200
21 15 36 36 0 200
1 2 11 28 0 200
14 93 40 82 0 200
30 44 40 71 0 200
77 14 65 38 0 200
24 42 57 38 0 200
60 55 26 52 0 200
25 10 52 20 0 200
31 8 50 26 0 200
22 19 19 51 0 200
23 13 31 41 0 200
41 35 53 10 0 200
1 1 14 25 0 200
27 45 34 15 0 200
37 41 20 23 0 200
0 2 11 28 0 200
3 32 24 48 0 200
23 37 25 72 0 200
0 3 31 8 0 200
38 42 7 48 0 200
5 51 34 59 0 200
39 11 41 46 0 200
56 39 87 45 0 200
1 1 12 27 0 200
93 18 78 39 0 200
6 36 3 69 0 200
62 10 77 30 0 200
3 32 30 24 0 200
45 14 59 36 0 200
1 3 32 7 0 200
51 60 78 70 0 200
1 1 30 9 0 200
16 24 8 52 0 200
13 28 21 57 0 200
15 24 35 41 0 200
36 7 43 35 0 200
31 5 4 14 0 200
1 3 23 16 0 200
1 1 11 28 0 200
30 5 44 26 0 200
5 45 15 72 0 200
63 5 50 28 0 200
58 12 61 46 0 200
25 32 12 9 0 200
36 40 59 26 0 200
28 76 22 45 0 200
31 46 29 11 0 200
7 58 35 49 0 200
10 26 13 59 0 200
16 60 48 55 0 200
42 45 46 13 0 200
2 2 14 25 0 200
40 45 12 37 0 200
0 2 25 14 0 200
66 4 77 28 0 200
35 41 36 76 0 200
42 9 37 41 0 200
24 13 36 38 0 200
44 2 74 9 0 200
19 55 34 75 0 200
42 75 20 61 0 200
11 26 15 59 0 200
42 3 49 32 0 200
8 29 43 31 0 200
53 47 77 34 0 200
38 34 55 16 0 200
16 21 48 16 0 200
1 1 33 6 0 200
41 88 10 93 0 200
6 1 31 13 0 200
17 24 2 2 0 200
40 54 19 69 0 200
1 1 5 34 0 200
60 64 86 75 0 200
28 66 7 82 0 200
33 44 20 20 0 200
58 40 52 10 0 200
1 9 20 27 0 200
16 15 10 45 0 200
36 79 24 55 0 200
22 15 35 39 0 200
71 44 40 50 0 200
42 51 33 78 0 200
1 1 1 38 0 200
8 29 35 39 0 200
27 11 2 0 0 200
0 3 35 2 0 200
41 81 30 55 0 200
0 3 32 7 0 200
31 6 7 19 0 200
0 2 24 15 0 200
24 48 38 71 0 200
30 37 38 65 0 200
0 2 29 10 0 200
0 4 0 39 0 200
1 1 11 28 0 200
8 33 32 44 0 200
6 2 19 25 0 200
33 9 52 26 0 200
14 27 50 28 0 200
54 65 47 95 0 200
26 41 47 57 0 200
19 23 18 58 0 200
47 33 47 69 0 200
41 46 63 59 0 200
25 37 20 6 0 200
35 39 22 63 0 200
51 25 87 26 0 200
1 1 13 26 0 200
1 1 7 32 0 200
60 34 35 22 0 200
3 3 11 32 0 200
17 22 5 47 0 200
43 27 13 22 0 200
18 36 50 41 0 200
56 26 47 54 0 200
23 14 56 10 0 200
12 31 42 36 0 200
31 23 51 40 0 200
7 4 18 29 0 200
3 5 14 30 0 200
26 58 27 94 0 200
59 17 74 39 0 200
10 31 36 42 0 200
27 35 57 42 0 200
44 21 43 57 0 200
16 25 40 38 0 200
62 56 75 32 0 200
33 21 27 51 0 200
4 34 18 12 0 200
31 45 65 42 0 200
64 64 42 49 0 200
49 66 25 54 0 200
58 14 59 50 0 200
20 17 11 45 0 200
0 2 9 30 0 200
26 37 0 26 0 200
10 25 31 39 0 200
1 2 34 5 0 200
27 12 24 46 0 200
0 2 19 20 0 200
25 55 10 33 0 200
17 32 44 40 0 200
0 2 35 4 0 200
52 21 83 16 0 200
22 42 43 27 0 200
50 23 73 10 0 200
73 37 56 57 0 200
61 17 53 46 0 200
35 7 46 32 0 200
31 42 65 40 0 200
36 50 19 70 0 200
27 11 50 24 0 200
2 1 8 31 0 200
7 30 24 50 0 200
31 8 38 38 0 200
3 32 34 26 0 200
30 46 61 52 0 200
1 1 32 7 0 200
39 13 39 50 0 200
32 5 2 12 0 200
41 42 44 75 0 200
0 3 6 33 0 200
5 32 15 59 0 200
16 26 6 0 0 200
52 28 78 19 0 200
6 31 39 35 0 200
2 1 6 33 0 200
0 2 35 4 0 200
11 21 4 50 0 200
50 27 63 50 0 200
61 63 27 66 0 200
1 1 37 2 0 200
20 34 36 13 0 200
1 2 11 28 0 200
2 2 26 13 0 200
36 5 8 14 0 200
27 15 23 46 0 200
16 21 15 57 0 200
30 5 21 31 0 200
9 61 10 97 0 200
34 55 65 61 0 200
23 12 20 44 0 200
12 31 31 49 0 200
16 46 32 67 0 200
0 32 29 38 0 200
14 27 10 60 0 200
19 48 0 31 0 200
2 2 12 27 0 200
3 38 10 8 0 200
16 22 38 7 0 200
0 42 3 75 0 200
1 1 0 37 0 200
66 30 66 66 0 200
29 50 31 84 0 200
4 40 6 6 0 200
0 2 25 14 0 200
0 2 6 33 0 200
25 72 20 41 0 200
42 33 13 26 0 200
38 36 51 58 0 200
2 1 22 17 0 200
14 55 29 33 0 200
42 30 77 28 0 200
2 1 20 19 0 200
24 59 49 47 0 200
43 32 35 4 0 200
36 5 25 31 0 200
2 1 26 13 0 200
25 12 54 6 0 200
1 1 24 15 0 200
28 40 45 59 0 200
32 5 11 21 0 200
31 44 28 77 0 200
75 30 93 11 0 200
30 42 53 56 0 200
10 12 16 42 0 200
14 23 38 36 0 200
1 1 19 20 0 200
37 3 40 37 0 200
43 73 75 68 0 200
15 94 10 63 0 200
8 35 22 58 0 200
24 14 15 41 0 200
23 16 9 39 0 200
0 2 23 16 0 200
49 24 56 53 0 200
12 35 44 30 0 200
7 30 34 20 0 200
29 47 0 55 0 200
33 40 12 55 0 200
81 28 71 55 0 200
8 67 41 63 0 200
9 9 6 43 0 200
26 49 41 27 0 200
51 48 29 63 0 200
11 63 42 69 0 200
14 24 39 13 0 200
1 2 27 12 0 200
28 11 64 10 0 200
59 50 39 33 0 200
48 30 60 7 0 200
71 29 94 43 0 200
1 1 31 8 0 200
6 13 0 43 0 200
28 48 61 52 0 200
1 1 29 10 0 200
1 2 36 1 0 200
1 1 30 9 0 200
16 21 17 57 0 200
46 1 58 24 0 200
87 28 65 13 0 200
33 42 2 37 0 200
0 2 0 39 0 200
34 0 10 12 0 200
80 44 92 69 0 200
38 72 34 40 0 200
29 6 35 36 0 200
1 2 35 0 0 200
14 23 3 49 0 200
36 3 32 36 0 200
33 0 39 31 0 200
46 35 15 29 0 200
15 23 5 48 0 200
51 21 17 24 0 200
12 29 45 33 0 200
67 3 39 11 0 200
55 37 26 43 0 200
0 2 9 30 0 200
35 3 17 21 0 200
1 3 11 28 0 200
2 1 20 19 0 200
61 59 57 92 0 200
10 27 11 63 0 200
5 11 36 17 0 200
32 43 11 28 0 200
0 2 8 31 0 200
43 48 57 26 0 200
1 1 36 3 0 200
59 5 92 1 0 200
14 58 50 57 0 200
0 2 36 1 0 200
12 46 30 28 0 200
23 53 22 89 0 200
28 20 47 2 0 200
57 83 91 80 0 200
1 1 37 2 0 200
30 14 30 51 0 200
12 63 47 64 0 200
43 33 49 64 0 200
18 24 38 41 0 200
31 49 42 75 0 200
11 6 39 15 0 200
41 35 44 69 0 200
7 34 7 71 0 200
1 1 5 34 0 200
26 90 57 95 0 200
20 78 42 93 0 200
0 3 25 14 0 200
33 4 32 40 0 200
40 45 56 24 0 200
34 71 38 39 0 200
8 14 33 2 0 200
8 33 29 17 0 200
32 3 28 36 0 200
28 9 59 15 0 200
44 23 67 10 0 200
38 66 23 44 0 200
1 2 16 23 0 200
59 48 32 58 0 200
51 26 51 62 0 200
35 44 63 53 0 200
69 59 59 32 0 200
38 3 60 18 0 200
23 53 30 24 0 200
1 2 7 32 0 200
33 24 67 27 0 200
0 1 4 33 0 200
32 47 42 73 0 200
0 2 3 36 0 200
36 40 22 17 0 200
39 37 65 26 0 200
2 1 37 0 0 200
1 2 23 16 0 200
7 19 0 49 0 200
24 46 41 66 0 200
24 17 48 30 0 200
5 34 38 31 0 200
65 57 48 77 0 200
1 3 27 12 0 200
33 8 59 19 0 200
1 1 21 18 0 200
0 2 16 23 0 200
7 37 8 73 0 200
0 3 28 11 0 200
35 2 4 6 0 200
31 5 46 26 0 200
73 41 68 10 0 200
54 18 89 20 0 200
1 59 15 82 0 200
18 48 52 47 0 200
0 2 24 15 0 200
27 9 54 18 0 200
80 50 77 84 0 200
3 38 9 69 0 200
24 17 31 47 0 200
55 55 75 40 0 200
42 34 44 69 0 200
0 3 5 34 0 200
5 35 20 56 0 200
41 33 49 4 0 200
11 27 23 3 0 200
0 2 17 22 0 200
74 3 40 1 0 200
1 83 27 94 0 200
3 1 10 29 0 200
0 2 13 26 0 200
86 16 55 11 0 200
21 26 48 16 0 200
24 14 26 48 0 200
25 22 57 26 0 200
32 10 9 23 0 200
48 32 46 67 0 200
2 1 31 8 0 200
4 36 10 6 0 200
44 25 61 5 0 200
16 14 13 48 0 200
60 26 61 62 0 200
21 40 8 64 0 200
46 28 68 43 0 200
20 53 36 73 0 200
28 9 25 43 0 200
46 43 72 54 0 200
33 41 21 66 0 200
87 28 95 57 0 200
47 5 80 9 0 200
46 61 69 48 0 200
27 16 59 21 0 200
57 16 70 39 0 200
32 48 36 15 0 200
35 41 50 63 0 200
0 2 16 23 0 200
8 34 18 8 0 200
1 1 8 31 0 200
24 14 43 31 0 200
15 22 15 59 0 200
27 15 28 50 0 200
0 2 0 39 0 200
38 4 48 30 0 200
7 31 31 19 0 200
13 54 47 57 0 200
15 29 49 27 0 200
60 30 53 58 0 200
28 73 0 82 0 200
29 42 63 43 0 200
30 11 65 9 0 200
36 5 1 7 0 200
15 57 33 75 0 200
12 23 48 22 0 200
35 2 68 6 0 200
24 12 40 32 0 200
18 79 7 53 0 200
27 40 8 58 0 200
1 1 17 22 0 200
47 35 24 49 0 200
61 15 67 44 0 200
16 21 29 45 0 200
29 42 14 63 0 200
0 2 26 13 0 200
33 8 8 20 0 200
48 68 20 76 0 200
69 21 62 50 0 200
41 13 20 29 0 200
1 1 10 29 0 200
9 27 42 30 0 200
14 94 27 72 0 200
24 52 8 32 0 200
25 41 1 28 0 200
37 0 18 18 0 200
9 28 11 63 0 200
11 65 27 44 0 200
22 82 31 54 0 200
54 37 89 36 0 200
0 2 22 17 0 200
39 33 62 19 0 200
0 2 6 33 0 200
44 76 55 51 0 200
24 17 25 53 0 200
0 2 29 10 0 200
2 1 9 30 0 200
22 43 22 80 0 200
29 13 2 23 0 200
28 46 4 33 0 200
53 44 31 29 0 200
30 13 43 37 0 200
1 1 14 25 0 200
45 13 34 39 0 200
58 14 92 17 0 200
1 2 18 21 0 200
1 1 16 23 0 200
17 63 51 60 0 200
15 56 23 84 0 200
43 39 18 49 0 200
44 23 20 35 0 200
25 14 19 43 0 200
13 64 16 98 0 200
24 26 10 5 0 200
15 21 15 57 0 200
1 1 10 29 0 200
41 27 14 19 0 200
35 43 51 22 0 200
30 11 63 15 0 200
41 37 59 56 0 200
1 2 35 0 0 200
38 73 66 82 0 200
0 2 32 7 0 200
34 54 13 68 0 200
2 2 34 5 0 200
1 1 10 29 0 200
0 69 31 74 0 200
25 2 22 36 0 200
33 6 54 22 0 200
2 1 13 26 0 200
9 27 39 33 0 200
18 55 42 42 0 200
36 10 17 28 0 200
2 60 5 27 0 200
11 30 33 15 0 200
1 3 31 8 0 200
11 46 32 31 0 200
29 7 8 22 0 200
2 37 10 8 0 200
37 2 25 27 0 200
37 63 7 69 0 200
1 1 25 14 0 200
5 41 22 59 0 200
35 43 1 46 0 200
15 22 15 59 0 200
49 71 50 35 0 200
72 40 59 63 0 200
19 55 30 79 0 200
53 75 50 41 0 200
42 32 27 10 0 200
18 18 41 5 0 200
17 24 40 38 0 200
66 14 50 35 0 200
21 16 44 2 0 200
33 26 53 43 0 200
64 10 80 31 0 200
9 27 14 58 0 200
35 1 26 28 0 200
5 32 30 44 0 200
52 96 28 83 0 200
3 1 2 35 0 200
49 12 19 18 0 200
48 30 82 27 0 200
95 24 63 20 0 200
48 30 33 52 0 200
1 1 20 19 0 200
31 1 45 24 0 200
0 3 19 20 0 200
30 10 59 18 0 200
34 5 0 8 0 200
0 2 30 9 0 200
31 7 24 36 0 200
51 62 73 77 0 200
46 63 56 90 0 200
12 25 44 30 0 200
1 1 28 11 0 200
13 24 19 55 0 200
20 12 6 34 0 200
37 39 59 54 0 200
60 6 60 43 0 200
76 46 50 35 0 200
0 3 10 29 0 200
18 10 38 27 0 200
31 39 12 21 0 200
9 29 19 55 0 200
56 21 78 6 0 200
3 3 8 35 0 200
8 13 40 17 0 200
1 1 34 5 0 200
17 34 40 20 0 200
0 3 27 12 0 200
40 28 71 34 0 200
22 40 32 13 0 200
8 33 41 37 0 200
1 1 20 19 0 200
14 25 39 37 0 200
3 1 5 34 0 200
26 10 13 33 0 200
30 15 33 49 0 200
16 73 36 56 0 200
1 2 30 9 0 200
36 17 30 48 0 200
54 34 26 27 0 200
19 18 13 49 0 200
13 28 49 27 0 200
17 47 29 72 0 200
38 38 34 71 0 200
22 14 47 3 0 200
23 19 5 37 0 200
12 61 45 64 0 200
80 0 95 22 0 200
39 47 24 25 0 200
19 19 47 10 0 200
22 18 10 42 0 200
53 56 35 37 0 200
63 3 27 2 0 200
18 23 10 52 0 200
23 84 0 70 0 200
22 84 37 64 0 200
31 42 47 62 0 200
65 51 86 67 0 200
17 57 49 52 0 200
63 65 98 63 0 200
18 33 39 17 0 200
19 30 14 61 0 200
61 43 25 44 0 200
24 52 59 50 0 200
45 29 26 13 0 200
54 47 39 69 0 200
63 14 85 28 0 200
2 1 20 19 0 200
43 27 19 40 0 200
50 55 36 32 0 200
18 10 17 46 0 200
46 64 62 85 0 200
2 1 14 25 0 200
1 1 7 32 0 200
36 44 9 52 0 200
4 36 13 64 0 200
17 22 27 49 0 200
23 49 30 21 0 200
29 10 61 15 0 200
44 36 43 72 0 200
21 24 31 51 0 200
19 76 54 74 0 200
0 3 10 29 0 200
7 13 23 34 0 200
0 4 27 12 0 200
23 82 35 57 0 200
50 30 85 28 0 200
0 2 12 27 0 200
1 1 14 25 0 200
11 30 30 12 0 200
7 32 43 33 0 200
0 2 22 17 0 200
1 1 14 25 0 200
15 27 37 13 0 200
1 2 33 6 0 200
26 7 38 32 0 200
23 20 52 27 0 200
33 10 13 26 0 200
28 38 44 59 0 200
2 12 12 39 0 200
3 1 4 35 0 200
41 29 7 32 0 200
20 74 9 49 0 200
6 35 39 39 0 200
55 15 79 26 0 200
31 20 51 37 0 200
11 13 26 35 0 200
36 61 68 65 0 200
54 35 86 39 0 200
1 1 36 3 0 200
83 4 80 36 0 200
29 45 17 70 0 200
37 5 41 37 0 200
54 92 65 66 0 200
29 12 10 28 0 200
46 64 79 67 0 200
30 0 20 27 0 200
51 64 17 61 0 200
17 13 33 34 0 200
1 3 9 30 0 200
10 26 20 52 0 200
32 6 6 16 0 200
60 37 89 44 0 200
19 18 45 29 0 200
30 5 56 14 0 200
13 30 47 29 0 200
25 47 16 19 0 200
1 1 7 32 0 200
79 33 58 18 0 200
30 44 52 31 0 200
25 26 5 9 0 200
5 7 12 37 0 200
17 25 40 38 0 200
0 2 12 27 0 200
56 57 40 78 0 200
3 34 10 64 0 200
67 63 42 73 0 200
0 3 6 33 0 200
7 34 34 44 0 200
1 1 17 22 0 200
10 29 44 26 0 200
49 17 63 40 0 200
7 63 0 93 0 200
12 5 12 42 0 200
42 33 47 64 0 200
59 28 66 57 0 200
0 2 3 36 0 200
75 2 56 20 0 200
0 2 6 33 0 200
22 82 15 52 0 200
3 34 30 24 0 200
1 1 6 33 0 200
50 24 32 43 0 200
67 49 32 47 0 200
34 7 10 20 0 200
17 26 16 62 0 200
15 48 26 74 0 200
25 16 6 34 0 200
35 29 42 59 0 200
1 2 35 0 0 200
98 22 92 51 0 200
0 37 15 15 0 200
0 2 0 39 0 200
1 1 9 30 0 200
60 15 47 38 0 200
22 74 13 48 0 200
15 91 25 66 0 200
13 24 42 16 0 200
39 41 71 36 0 200
1 1 17 22 0 200
34 2 9 13 0 200
42 22 7 20 0 200
2 1 30 9 0 200
51 58 43 87 0 200
41 45 52 70 0 200
82 28 95 5 0 200
59 13 29 6 0 200
25 29 57 34 0 200
2 1 22 17 0 200
52 23 41 48 0 200
5 84 32 74 0 200
2 2 5 34 0 200
6 33 38 28 0 200
1 1 18 21 0 200
3 36 22 20 0 200
49 52 49 87 0 200
42 73 27 51 0 200
7 34 26 16 0 200
3 38 23 55 0 200
8 54 22 31 0 200
25 19 51 29 0 200
47 75 79 72 0 200
41 33 74 37 0 200
13 25 24 51 0 200
1 1 17 22 0 200
0 92 19 76 0 200
33 39 69 38 0 200
7 39 4 6 0 200
11 30 39 39 0 200
26 15 56 8 0 200
17 44 38 59 0 200
43 22 79 23 0 200
25 21 23 55 0 200
48 52 38 25 0 200
18 23 45 15 0 200
41 95 13 86 0 200
34 38 56 53 0 200
54 66 65 40 0 200
0 2 30 9 0 200
57 71 62 39 0 200
0 43 25 31 0 200
37 34 64 43 0 200
1 1 24 15 0 200
76 78 71 46 0 200
58 14 58 51 0 200
21 19 41 35 0 200
20 16 15 47 0 200
1 2 23 16 0 200
33 4 16 24 0 200
28 6 55 14 0 200
1 1 20 19 0 200
0 3 12 27 0 200
27 11 1 21 0 200
21 20 49 29 0 200
2 1 5 34 0 200
30 49 62 54 0 200
53 53 74 69 0 200
1 1 17 22 0 200
21 18 25 51 0 200
15 24 43 33 0 200
35 91 62 81 0 200
22 15 17 47 0 200
64 14 64 51 0 200
3 34 7 1 0 200
4 47 21 28 0 200
2 1 33 6 0 200
29 29 34 60 0 200
21 43 33 18 0 200
7 41 21 64 0 200
32 9 51 27 0 200
1 1 36 3 0 200
48 13 42 43 0 200
9 22 5 54 0 200
45 74 73 83 0 200
40 7 39 43 0 200
20 15 7 39 0 200
5 35 6 71 0 200
54 57 22 62 0 200
40 65 29 91 0 200
2 1 7 32 0 200
21 30 55 33 0 200
90 66 64 77 0 200
27 49 6 65 0 200
10 29 41 23 0 200
38 57 33 88 0 200
41 34 18 20 0 200
0 3 21 18 0 200
14 48 8 79 0 200
0 2 20 19 0 200
45 44 66 60 0 200
60 18 42 35 0 200
25 17 23 52 0 200
45 8 30 30 0 200
1 1 25 14 0 200
12 68 12 31 0 200
41 72 55 95 0 200
6 36 26 20 0 200
48 70 77 63 0 200
48 39 34 62 0 200
95 49 91 82 0 200
4 32 33 25 0 200
0 2 27 12 0 200
32 9 38 40 0 200
31 33 15 54 0 200
1 13 35 16 0 200
58 55 74 76 0 200
50 47 78 38 0 200
32 19 62 14 0 200
38 11 59 25 0 200
76 13 50 24 0 200
11 31 31 48 0 200
49 25 18 21 0 200
28 8 9 25 0 200
28 26 7 42 0 200
42 28 26 49 0 200
1 1 22 17 0 200
33 50 56 63 0 200
0 4 2 37 0 200
1 1 1 38 0 200
24 54 19 24 0 200
97 37 92 69 0 200
35 37 22 13 0 200
0 2 9 30 0 200
1 2 25 14 0 200
41 37 54 13 0 200
8 56 43 54 0 200
22 19 50 10 0 200
45 32 38 61 0 200
1 1 19 20 0 200
56 12 77 28 0 200
0 2 24 15 0 200
78 40 95 60 0 200
40 38 37 4 0 200
72 39 81 13 0 200
12 64 20 35 0 200
61 12 30 17 0 200
35 27 61 38 0 200
56 15 59 49 0 200
0 2 6 33 0 200
22 46 47 34 0 200
30 61 65 63 0 200
30 11 17 35 0 200
52 35 74 49 0 200
0 2 28 11 0 200
0 2 35 0 0 200
29 21 4 33 0 200
1 1 35 4 0 200
0 2 22 17 0 200
28 11 50 24 0 200
0 3 5 34 0 200
0 3 16 23 0 200
46 29 64 11 0 200
62 42 55 12 0 200
33 48 2 53 0 200
35 23 43 52 0 200
43 3 40 36 0 200
3 1 35 4 0 200
0 2 0 39 0 200
0 41 12 66 0 200
10 65 2 93 0 200
3 37 31 29 0 200
65 11 39 22 0 200
34 45 16 63 0 200
39 72 33 41 0 200
39 1 65 11 0 200
2 37 32 32 0 200
8 33 34 44 0 200
30 11 13 31 0 200
55 35 21 38 0 200
37 33 61 20 0 200
1 1 25 14 0 200
1 1 28 11 0 200
0 3 7 32 0 200
17 20 31 41 0 200
28 46 63 44 0 200
64 46 48 26 0 200
27 10 16 36 0 200
14 22 6 50 0 200
47 66 41 97 0 200
15 27 44 20 0 200
1 3 20 19 0 200
17 19 1 40 0 200
56 20 92 21 0 200
5 1 14 27 0 200
62 16 87 28 0 200
33 55 22 80 0 200
2 2 28 11 0 200
3 19 20 38 0 200
23 14 41 33 0 200
18 21 31 45 0 200
33 8 17 29 0 200
2 33 16 10 0 200
1 1 7 32 0 200
18 56 33 34 0 200
15 27 12 61 0 200
41 31 51 58 0 200
27 81 36 53 0 200
31 10 62 4 0 200
29 45 62 49 0 200
30 50 55 62 0 200
81 19 60 35 0 200
60 9 68 37 0 200
74 82 40 79 0 200
3 34 24 18 0 200
23 3 59 4 0 200
28 9 39 35 0 200
37 39 72 37 0 200
2 1 8 31 0 200
36 41 62 51 0 200
36 38 15 54 0 200
28 76 36 47 0 200
0 2 32 7 0 200
14 36 8 7 0 200
20 17 40 34 0 200
29 47 13 66 0 200
18 54 50 51 0 200
8 3 41 0 0 200
10 91 25 71 0 200
1 1 35 4 0 200
1 1 26 13 0 200
1 1 8 31 0 200
1 1 28 11 0 200
0 3 34 5 0 200
33 43 67 40 0 200
16 21 43 11 0 200
18 53 48 59 0 200
45 30 45 65 0 200
36 16 35 51 0 200
29 5 60 0 0 200
32 9 43 35 0 200
28 9 28 46 0 200
1 55 15 32 0 200
69 11 78 39 0 200
15 31 27 6 0 200
43 68 39 36 0 200
33 10 26 40 0 200
26 43 40 65 0 200
1 2 4 35 0 200
8 24 27 7 0 200
14 97 49 98 0 200
32 45 28 12 0 200
66 49 96 42 0 200
40 38 36 5 0 200
0 2 7 32 0 200
55 19 88 23 0 200
2 2 17 22 0 200
23 14 37 37 0 200
37 35 29 64 0 200
36 6 16 22 0 200
68 46 93 57 0 200
33 33 55 19 0 200
21 48 48 57 0 200
1 1 33 6 0 200
1 1 21 18 0 200
5 36 17 11 0 200
94 52 88 21 0 200
11 30 42 36 0 200
3 35 15 10 0 200
2 1 19 20 0 200
20 2 9 28 0 200
41 43 48 72 0 200
6 56 19 34 0 200
1 1 12 27 0 200
25 45 1 58 0 200
0 2 23 16 0 200
17 21 6 46 0 200
13 28 28 50 0 200
1 1 5 34 0 200
9 27 37 35 0 200
0 2 25 14 0 200
52 9 30 24 0 200
0 2 34 5 0 200
33 82 37 49 0 200
0 3 2 37 0 200
30 13 20 40 0 200
58 8 50 37 0 200
48 34 23 23 0 200
38 3 73 1 0 200
11 54 35 67 0 200
1 1 35 4 0 200
35 2 12 16 0 200
1 1 26 13 0 200
59 97 66 67 0 200
13 25 8 56 0 200
45 17 17 8 0 200
31 45 2 53 0 200
91 16 80 42 0 200
19 4 50 9 0 200
24 18 42 36 0 200
8 33 43 31 0 200
38 7 5 10 0 200
16 42 9 72 0 200
6 33 26 16 0 200
1 1 1 38 0 200
34 7 70 6 0 200
0 2 32 7 0 200
39 79 13 68 0 200
1 1 36 3 0 200
2 1 28 11 0 200
6 32 20 54 0 200
33 45 9 58 0 200
0 2 18 21 0 200
20 22 4 42 0 200
0 2 5 34 0 200
51 10 45 41 0 200
13 32 11 67 0 200
44 56 66 71 0 200
35 28 50 50 0 200
37 5 29 33 0 200
24 18 14 44 0 200
39 70 46 40 0 200
47 10 38 37 0 200
21 84 33 59 0 200
9 6 26 25 0 200
26 46 17 74 0 200
31 5 30 40 0 200
9 30 2 60 0 200
0 2 35 0 0 200
1 1 23 16 0 200
15 25 37 11 0 200
48 30 66 11 0 200
34 40 5 32 0 200
1 1 4 35 0 200
25 3 1 15 0 200
24 21 0 8 0 200
51 21 67 0 0 200
24 30 19 62 0 200
67 9 44 23 0 200
95 55 63 60 0 200
12 9 9 42 0 200
9 30 27 11 0 200
49 67 46 99 0 200
1 2 21 18 0 200
32 30 21 4 0 200
24 15 57 19 0 200
43 47 11 42 0 200
0 2 7 32 0 200
0 2 6 33 0 200
1 1 14 25 0 200
1 2 33 6 0 200
35 41 18 21 0 200
76 78 58 95 0 200
0 37 20 20 0 200
15 22 28 46 0 200
54 8 42 33 0 200
18 68 26 96 0 200
21 51 15 21 0 200
13 7 13 43 0 200
0 2 10 29 0 200
35 39 70 37 0 200
0 32 7 3 0 200
73 42 60 18 0 200
30 12 35 43 0 200
39 38 41 4 0 200
1 1 21 18 0 200
1 1 28 11 0 200
11 32 42 28 0 200
1 2 9 30 0 200
23 54 21 20 0 200
32 27 9 14 0 200
8 15 32 2 0 200
17 63 8 90 0 200
8 6 25 26 0 200
44 47 52 18 0 200
40 36 48 7 0 200
27 14 61 11 0 200
9 33 11 68 0 200
39 71 46 42 0 200
76 29 97 13 0 200
2 4 34 9 0 200
25 12 58 16 0 200
34 61 48 84 0 200
29 8 49 25 0 200
39 37 71 42 0 200
12 28 33 43 0 200
43 20 64 4 0 200
21 18 21 54 0 200
1 2 13 26 0 200
17 22 37 5 0 200
31 72 48 92 0 200
49 27 48 63 0 200
67 27 84 7 0 200
66 84 66 47 0 200
1 10 37 11 0 200
34 50 42 79 0 200
26 23 10 44 0 200
10 42 14 9 0 200
38 75 42 42 0 200
46 29 67 44 0 200
18 58 13 90 0 200
41 31 11 38 0 200
10 64 14 31 0 200
1 1 33 6 0 200
29 10 64 12 0 200
0 3 18 21 0 200
7 26 31 13 0 200
86 22 86 59 0 200
1 2 1 38 0 200
1 40 35 43 0 200
9 60 1 32 0 200
39 53 48 26 0 200
37 30 57 13 0 200
0 2 1 38 0 200
1 35 5 2 0 200
34 45 55 30 0 200
2 1 8 31 0 200
45 27 27 8 0 200
57 54 55 89 0 200
1 2 6 33 0 200
18 51 35 31 0 200
36 26 36 63 0 200
51 59 36 80 0 200
2 1 16 23 0 200
12 25 30 6 0 200
1 2 18 21 0 200
15 56 45 49 0 200
0 2 20 19 0 200
1 2 26 13 0 200
0 2 2 37 0 200
0 3 0 39 0 200
27 10 37 37 0 200
0 3 9 30 0 200
17 37 15 72 0 200
8 28 22 6 0 200
42 71 64 56 0 200
22 37 30 65 0 200
47 39 81 42 0 200
49 30 58 3 0 200
7 30 27 47 0 200
35 42 7 34 0 200
39 60 70 54 0 200
59 7 59 44 0 200
8 21 6 55 0 200
6 31 41 29 0 200
1 1 7 32 0 200
0 3 1 38 0 200
25 67 18 37 0 200
1 1 25 14 0 200
40 35 11 43 0 200
30 35 9 20 0 200
1 1 31 8 0 200
0 2 3 36 0 200
14 27 33 45 0 200
53 19 35 0 0 200
19 16 11 43 0 200
34 29 0 31 0 200
16 96 6 69 0 200
19 18 51 23 0 200
18 19 27 47 0 200
61 93 33 86 0 200
10 50 20 77 0 200
12 40 16 73 0 200
68 2 85 21 0 200
15 38 45 43 0 200
20 53 44 40 0 200
52 41 66 18 0 200
20 57 16 24 0 200
9 62 39 56 0 200
1 7 17 28 0 200
56 47 73 27 0 200
38 36 15 50 0 200
12 98 29 78 0 200
9 31 19 57 0 200
2 35 8 66 0 200
24 47 35 22 0 200
0 2 17 22 0 200
0 2 3 36 0 200
0 2 0 39 0 200
13 55 19 24 0 200
45 33 14 28 0 200
34 38 3 32 0 200
53 56 58 25 0 200
1 2 15 24 0 200
34 40 17 20 0 200
18 11 11 40 0 200
1 1 6 33 0 200
7 59 17 86 0 200
16 72 44 63 0 200
54 9 31 21 0 200
0 2 31 8 0 200
16 23 11 55 0 200
1 1 20 19 0 200
0 2 25 14 0 200
46 90 80 93 0 200
24 55 48 67 0 200
61 43 95 46 0 200
60 28 41 46 0 200
1 1 34 5 0 200
9 60 37 51 0 200
1 26 24 14 0 200
57 15 79 30 0 200
48 33 52 65 0 200
62 66 43 48 0 200
0 2 16 23 0 200
45 38 33 62 0 200
1 1 0 37 0 200
37 13 11 24 0 200
3 1 21 18 0 200
1 2 12 27 0 200
48 19 71 33 0 200
51 16 64 40 0 200
23 15 51 23 0 200
41 23 51 50 0 200
8 31 4 64 0 200
12 25 26 48 0 200
33 45 4 53 0 200
46 91 37 64 0 200
25 82 39 59 0 200
54 48 34 32 0 200
47 31 17 24 0 200
22 19 56 22 0 200
43 28 33 54 0 200
1 34 5 66 0 200
2 34 1 69 0 200
20 86 31 60 0 200
1 1 37 0 0 200
73 34 39 35 0 200
36 40 8 31 0 200
61 28 70 2 0 200
30 81 1 88 0 200
55 11 74 29 0 200
13 63 47 66 0 200
80 50 64 71 0 200
17 24 2 46 0 200
28 11 18 38 0 200
43 65 15 73 0 200
28 7 62 6 0 200
66 44 74 16 0 200
0 6 2 41 0 200
41 27 44 59 0 200
0 2 28 11 0 200
42 50 48 81 0 200
70 7 93 21 0 200
48 16 54 47 0 200
34 46 43 74 0 200
2 1 27 12 0 200
4 47 22 29 0 200
0 3 8 31 0 200
0 2 9 30 0 200
29 7 12 26 0 200
42 1 13 7 0 200
20 14 51 19 0 200
0 2 21 18 0 200
21 22 32 46 0 200
22 15 12 42 0 200
11 46 35 33 0 200
28 34 62 37 0 200
38 40 74 39 0 200
19 9 10 35 0 200
0 2 33 6 0 200
76 33 79 67 0 200
28 44 19 16 0 200
1 2 20 19 0 200
34 4 31 37 0 200
2 1 32 7 0 200
20 45 18 10 0 200
39 41 37 76 0 200
29 41 46 21 0 200
53 19 73 2 0 200
26 15 12 38 0 200
24 16 41 35 0 200
5 49 11 80 0 200
1 3 35 4 0 200
0 2 33 6 0 200
40 41 66 50 0 200
9 17 2 46 0 200
28 46 20 17 0 200
55 58 53 93 0 200
38 30 37 66 0 200
48 70 83 72 0 200
31 6 12 24 0 200
9 85 44 87 0 200
44 24 58 1 0 200
0 2 3 36 0 200
0 2 0 39 0 200
16 49 34 68 0 200
30 19 56 29 0 200
30 51 11 33 0 200
17 24 40 10 0 200
41 11 33 40 0 200
34 5 63 13 0 200
1 3 23 16 0 200
6 35 20 56 0 200
64 5 50 28 0 200
13 45 32 63 0 200
22 18 54 22 0 200
39 37 18 53 0 200
14 23 15 59 0 200
18 56 49 50 0 200
41 31 19 18 0 200
32 4 65 1 0 200
29 37 6 25 0 200
22 17 17 49 0 200
20 19 38 2 0 200
25 22 25 58 0 200
25 14 33 43 0 200
44 37 79 36 0 200
1 3 22 17 0 200
11 29 13 63 0 200
0 2 35 0 0 200
34 30 53 48 0 200
5 34 37 37 0 200
61 3 81 20 0 200
51 31 61 58 0 200
57 65 21 66 0 200
18 65 48 70 0 200
37 3 24 27 0 200
0 2 31 8 0 200
1 1 1 38 0 200
22 61 53 55 0 200
72 40 42 46 0 200
96 37 77 20 0 200
4 38 16 14 0 200
1 37 16 16 0 200
9 9 30 24 0 200
60 61 27 58 0 200
42 19 32 45 0 200
72 20 73 56 0 200
0 43 2 76 0 200
1 2 22 17 0 200
28 87 64 88 0 200
0 2 26 13 0 200
0 3 5 34 0 200
32 4 21 29 0 200
33 31 48 9 0 200
15 44 44 38 0 200
8 40 23 19 0 200
1 1 11 28 0 200
4 33 9 63 0 200
17 20 51 17 0 200
31 66 67 67 0 200
80 12 65 34 0 200
42 72 9 69 0 200
7 33 25 52 0 200
32 40 1 34 0 200
80 62 56 75 0 200
30 26 40 53 0 200
1 52 27 62 0 200
31 63 14 83 0 200
57 61 75 79 0 200
0 2 23 16 0 200
18 13 38 29 0 200
36 7 7 15 0 200
31 10 34 44 0 200
34 46 65 52 0 200
44 17 22 31 0 200
2 5 26 17 0 200
37 38 40 5 0 200
59 5 69 31 0 200
11 24 38 32 0 200
30 9 51 25 0 200
66 68 78 43 0 200
2 1 2 37 0 200
0 37 33 33 0 200
1 1 21 18 0 200
44 28 11 26 0 200
2 1 8 31 0 200
2 0 33 6 0 200
1 1 13 26 0 200
2 1 1 36 0 200
0 2 25 14 0 200
24 38 59 40 0 200
1 1 37 2 0 200
36 4 13 17 0 200
42 41 70 32 0 200
69 13 36 9 0 200
52 26 39 50 0 200
16 58 16 21 0 200
19 57 33 36 0 200
51 42 28 28 0 200
37 40 66 33 0 200
89 50 81 22 0 200
7 56 7 92 0 200
0 2 11 28 0 200
3 34 34 40 0 200
61 55 83 40 0 200
36 54 37 18 0 200
56 25 72 45 0 200
34 3 33 39 0 200
1 1 29 10 0 200
48 3 67 20 0 200
0 3 18 21 0 200
23 36 57 35 0 200
2 1 0 35 0 200
75 30 94 48 0 200
1 7 16 27 0 200
1 2 13 26 0 200
51 29 87 30 0 200
20 17 24 50 0 200
59 37 51 10 0 200
2 1 24 15 0 200
33 42 64 36 0 200
0 2 29 10 0 200
34 3 67 5 0 200
1 1 32 7 0 200
1 1 11 28 0 200
26 12 45 30 0 200
12 29 17 61 0 200
27 89 7 72 0 200
25 13 58 16 0 200
26 63 14 38 0 200
6 33 40 31 0 200
2 1 0 35 0 200
2 37 12 62 0 200
49 52 26 66 0 200
89 43 62 33 0 200
19 53 25 22 0 200
0 3 12 27 0 200
15 26 14 62 0 200
3 36 10 66 0 200
72 13 42 20 0 200
53 4 31 18 0 200
36 2 10 12 0 200
53 50 39 73 0 200
63 17 67 50 0 200
57 11 55 46 0 200
29 60 40 85 0 200
29 0 4 11 0 200
60 41 44 20 0 200
1 41 34 44 0 200
0 4 1 38 0 200
22 16 54 21 0 200
17 8 17 44 0 200
0 36 27 27 0 200
7 72 12 41 0 200
56 16 51 48 0 200
0 2 12 27 0 200
34 6 29 37 0 200
20 24 51 18 0 200
18 48 52 51 0 200
5 62 29 50 0 200
59 34 27 29 0 200
22 15 0 30 0 200
4 9 32 1 0 200
1 97 15 75 0 200
13 38 47 41 0 200
0 2 25 14 0 200
14 9 43 2 0 200
73 43 71 10 0 200
5 10 38 14 0 200
30 21 50 38 0 200
51 39 59 68 0 200
30 11 37 41 0 200
30 8 62 4 0 200
16 35 47 41 0 200
4 39 11 67 0 200
1 1 28 11 0 200
14 22 25 47 0 200
32 21 8 9 0 200
21 18 4 38 0 200
2 1 24 15 0 200
42 60 29 36 0 200
38 39 9 46 0 200
17 25 37 9 0 200
59 38 33 49 0 200
16 2 43 11 0 200
14 59 30 80 0 200
1 2 25 14 0 200
20 56 20 19 0 200
31 11 64 14 0 200
2 33 31 25 0 200
1 44 21 27 0 200
1 1 20 19 0 200
56 13 54 47 0 200
4 38 26 24 0 200
30 15 3 5 0 200
5 49 15 22 0 200
15 26 40 14 0 200
21 26 47 37 0 200
2 37 38 38 0 200
73 40 81 11 0 200
19 67 33 90 0 200
61 12 61 48 0 200
26 16 38 40 0 200
51 29 85 30 0 200
2 5 5 38 0 200
61 8 86 19 0 200
68 6 60 35 0 200
53 29 70 48 0 200
24 13 26 48 0 200
11 60 33 74 0 200
2 1 15 24 0 200
5 40 38 44 0 200
13 79 43 86 0 200
7 30 29 15 0 200
24 13 23 49 0 200
1 1 29 10 0 200
0 35 27 45 0 200
6 52 10 20 0 200
24 12 56 16 0 200
60 51 68 80 0 200
33 49 63 43 0 200
63 43 31 39 0 200
17 58 34 77 0 200
53 13 35 32 0 200
0 2 13 26 0 200
51 24 73 10 0 200
62 30 48 52 0 200
19 18 43 31 0 200
11 14 28 33 0 200
62 45 37 55 0 200
20 54 39 36 0 200
2 35 26 46 0 200
37 52 26 78 0 200
12 30 40 22 0 200
37 4 14 18 0 200
21 62 48 53 0 200
2 1 32 7 0 200
54 27 76 12 0 200
1 2 20 19 0 200
19 7 25 38 0 200
40 56 29 82 0 200
2 1 29 10 0 200
13 23 5 51 0 200
61 56 86 68 0 200
1 1 34 5 0 200
0 2 17 22 0 200
21 22 51 15 0 200
23 81 26 48 0 200
10 31 42 36 0 200
85 69 53 74 0 200
53 26 21 29 0 200
42 37 67 47 0 200
2 1 13 26 0 200
52 25 36 45 0 200
36 19 37 55 0 200
24 60 21 94 0 200
25 97 46 81 0 200
21 20 51 27 0 200
8 32 9 67 0 200
45 61 21 48 0 200
23 95 0 83 0 200
4 29 24 12 0 200
2 1 10 29 0 200
23 13 25 47 0 200
32 32 17 54 0 200
32 34 24 5 0 200
1 2 21 18 0 200
4 33 19 11 0 200
14 61 19 30 0 200
17 59 47 66 0 200
34 3 49 25 0 200
1 1 15 24 0 200
0 38 4 70 0 200
33 39 36 5 0 200
1 39 3 5 0 200
51 23 34 43 0 200
50 19 26 32 0 200
6 33 30 20 0 200
17 57 15 92 0 200
58 55 73 77 0 200
74 24 51 38 0 200
42 36 29 12 0 200
68 7 60 35 0 200
1 5 29 12 0 200
29 15 46 34 0 200
46 36 79 32 0 200
13 28 19 59 0 200
28 11 14 34 0 200
32 9 3 1 0 200
39 22 26 44 0 200
39 36 57 54 0 200
21 57 51 50 0 200
34 37 27 8 0 200
32 44 2 51 0 200
26 11 58 16 0 200
70 46 53 26 0 200
0 2 24 15 0 200
3 15 8 47 0 200
22 20 35 43 0 200
0 2 14 25 0 200
31 7 31 43 0 200
53 32 48 63 0 200
2 2 33 6 0 200
20 3 49 10 0 200
3 57 15 32 0 200
17 73 45 81 0 200
1 1 1 38 0 200
29 10 61 15 0 200
2 1 7 32 0 200
21 48 50 56 0 200
55 60 21 59 0 200
0 2 21 18 0 200
27 15 62 16 0 200
1 35 27 45 0 200
67 67 37 74 0 200
41 50 29 75 0 200
1 1 6 33 0 200
2 39 4 74 0 200
31 45 39 74 0 200
1 94 6 62 0 200
42 30 41 66 0 200
33 9 35 43 0 200
17 5 6 31 0 200
64 15 84 31 0 200
30 45 35 14 0 200
1 38 26 26 0 200
9 28 21 3 0 200
28 14 57 21 0 200
4 32 35 26 0 200
13 5 5 34 0 200
27 35 49 50 0 200
0 3 23 16 0 200
11 8 3 36 0 200
26 52 6 69 0 200
1 1 22 17 0 200
64 45 55 17 0 200
1 72 22 87 0 200
30 9 61 15 0 200
1 2 29 10 0 200
27 11 28 46 0 200
80 34 76 66 0 200
31 6 47 27 0 200
60 37 95 39 0 200
13 27 6 56 0 200
16 27 41 39 0 200
37 43 15 28 0 200
64 48 48 28 0 200
23 26 2 10 0 200
94 43 71 56 0 200
1 1 16 23 0 200
0 2 0 39 0 200
55 15 25 22 0 200
10 28 36 18 0 200
60 5 25 4 0 200
13 16 13 53 0 200
0 2 19 20 0 200
26 15 51 27 0 200
14 40 48 37 0 200
4 38 7 71 0 200
1 1 24 15 0 200
26 55 61 56 0 200
6 35 22 14 0 200
34 3 39 35 0 200
1 1 30 9 0 200
23 82 35 57 0 200
1 1 20 19 0 200
0 2 14 25 0 200
1 3 26 13 0 200
0 2 7 32 0 200
30 12 57 2 0 200
40 30 69 22 0 200
18 21 27 49 0 200
23 16 9 39 0 200
10 14 0 41 0 200
13 24 43 31 0 200
12 40 27 60 0 200
62 57 43 75 0 200
12 27 28 6 0 200
24 18 57 15 0 200
25 46 20 77 0 200
43 31 10 27 0 200
36 5 35 41 0 200
15 26 36 42 0 200
23 20 36 42 0 200
27 11 36 38 0 200
2 1 5 34 0 200
27 14 58 20 0 200
2 34 34 38 0 200
23 50 26 17 0 200
36 69 2 72 0 200
14 36 23 64 0 200
46 40 58 64 0 200
40 34 55 56 0 200
18 18 49 23 0 200
1 1 12 27 0 200
0 2 10 29 0 200
5 7 38 11 0 200
12 3 46 1 0 200
17 31 38 15 0 200
2 1 21 18 0 200
26 32 13 8 0 200
53 62 27 73 0 200
35 6 36 42 0 200
54 45 77 58 0 200
35 43 54 61 0 200
14 26 15 61 0 200
0 2 29 10 0 200
3 45 29 34 0 200
50 61 28 74 0 200
81 10 60 26 0 200
25 14 38 38 0 200
0 2 3 36 0 200
41 25 70 17 0 200
26 46 12 23 0 200
1 1 11 28 0 200
42 22 73 28 0 200
1 2 25 14 0 200
2 71 24 57 0 200
27 15 25 49 0 200
13 41 46 45 0 200
43 33 30 57 0 200
42 34 38 67 0 200
18 39 18 75 0 200
0 68 24 81 0 200
11 27 31 43 0 200
12 52 31 35 0 200
7 30 40 34 0 200
34 5 68 8 0 200
5 63 29 75 0 200
0 39 16 18 0 200
15 60 31 80 0 200
34 5 53 23 0 200
45 46 45 83 0 200
77 60 74 93 0 200
2 2 10 29 0 200
43 31 46 65 0 200
36 57 24 82 0 200
62 10 80 29 0 200
8 5 38 11 0 200
49 57 61 33 0 200
46 13 76 18 0 200
1 2 17 22 0 200
56 57 30 46 0 200
1 2 30 9 0 200
16 20 48 16 0 200
35 7 51 28 0 200
29 7 63 5 0 200
25 47 29 80 0 200
48 68 69 52 0 200
26 10 60 8 0 200
1 3 9 30 0 200
19 22 54 20 0 200
2 1 17 22 0 200
51 5 86 3 0 200
1 1 35 4 0 200
1 2 3 36 0 200
4 35 22 16 0 200
42 37 13 44 0 200
51 29 87 30 0 200
85 28 55 33 0 200
3 1 24 15 0 200
18 23 39 39 0 200
38 19 16 6 0 200
1 1 25 14 0 200
27 29 34 57 0 200
26 48 8 67 0 200
60 47 88 56 0 200
90 3 97 33 0 200
33 73 64 67 0 200
5 30 23 47 0 200
0 2 24 15 0 200
1 1 3 36 0 200
45 16 57 39 0 200
55 21 41 44 0 200
32 25 58 36 0 200
80 66 82 31 0 200
15 24 31 45 0 200
0 2 14 25 0 200
27 24 18 52 0 200
26 50 54 41 0 200
0 2 3 36 0 200
1 1 36 3 0 200
29 29 60 34 0 200
2 1 32 7 0 200
26 54 14 79 0 200
82 7 54 14 0 200
60 20 39 36 0 200
29 50 16 27 0 200
20 19 30 46 0 200
56 1 47 29 0 200
0 2 27 12 0 200
51 73 72 89 0 200
4 33 8 0 0 200
25 50 54 43 0 200
70 81 44 91 0 200
71 51 93 36 0 200
4 63 28 75 0 200
0 2 13 26 0 200
47 14 47 50 0 200
82 22 95 45 0 200
48 88 13 86 0 200
16 20 4 44 0 200
14 21 26 44 0 200
0 3 3 36 0 200
26 13 62 12 0 200
23 16 50 26 0 200
34 77 17 95 0 200
33 70 9 83 0 200
55 14 44 39 0 200
21 27 37 6 0 200
42 67 43 31 0 200
0 2 32 7 0 200
49 25 14 23 0 200
40 14 65 26 0 200
9 70 42 72 0 200
26 46 17 74 0 200
23 30 15 58 0 200
29 12 1 3 0 200
22 48 45 36 0 200
18 65 16 99 0 200
25 55 51 66 0 200
24 15 34 42 0 200
36 33 48 9 0 200
50 6 30 21 0 200
46 3 41 34 0 200
6 68 41 66 0 200
42 32 42 69 0 200
4 37 3 1 0 200
0 3 9 30 0 200
31 22 9 8 0 200
0 3 18 21 0 200
9 12 34 1 0 200
73 2 86 26 0 200
0 2 31 8 0 200
29 27 23 56 0 200
43 40 35 12 0 200
52 56 17 58 0 200
32 48 33 14 0 200
79 43 76 9 0 200
16 23 26 50 0 200
22 20 40 2 0 200
10 26 18 54 0 200
27 18 38 44 0 200
0 33 14 56 0 200
16 33 35 51 0 200
16 58 2 81 0 200
20 60 33 36 0 200
21 19 5 40 0 200
23 20 24 54 0 200
33 74 55 60 0 200
24 13 49 25 0 200
1 1 36 3 0 200
16 33 32 54 0 200
34 5 52 24 0 200
39 28 14 17 0 200
15 48 18 81 0 200
6 58 33 48 0 200
22 19 26 50 0 200
64 2 77 26 0 200
59 53 45 31 0 200
46 34 25 19 0 200
1 2 27 12 0 200
19 22 48 30 0 200
37 19 21 38 0 200
57 31 27 25 0 200
55 25 45 52 0 200
3 1 37 0 0 200
0 4 11 28 0 200
42 31 46 63 0 200
51 20 23 28 0 200
2 1 35 4 0 200
0 3 8 31 0 200
20 47 44 34 0 200
19 53 52 49 0 200
26 14 22 46 0 200
1 1 13 26 0 200
30 38 32 3 0 200
19 23 0 6 0 200
34 44 2 39 0 200
30 14 14 34 0 200
13 35 35 20 0 200
63 40 35 49 0 200
40 1 64 14 0 200
6 35 12 4 0 200
18 53 21 85 0 200
32 7 28 40 0 200
53 99 32 83 0 200
1 2 30 9 0 200
35 19 51 40 0 200
39 34 24 55 0 200
32 34 66 31 0 200
30 80 13 61 0 200
46 59 81 58 0 200
42 38 52 11 0 200
0 2 3 36 0 200
44 43 15 50 0 200
1 1 30 9 0 200
7 35 27 19 0 200
25 69 57 64 0 200
0 2 17 22 0 200
13 22 38 10 0 200
1 2 20 19 0 200
8 29 38 22 0 200
1 2 35 4 0 200
1 3 0 37 0 200
22 17 34 42 0 200
1 1 14 25 0 200
70 21 97 12 0 200
32 40 17 18 0 200
34 5 46 30 0 200
27 35 60 32 0 200
16 36 24 9 0 200
51 55 54 21 0 200
59 15 76 35 0 200
51 25 81 32 0 200
14 27 50 28 0 200
1 1 7 32 0 200
8 18 8 55 0 200
18 18 52 16 0 200
1 1 32 7 0 200
27 17 16 41 0 200
20 37 0 54 0 200
0 2 23 16 0 200
29 51 53 38 0 200
13 28 22 56 0 200
29 51 45 30 0 200
34 41 38 73 0 200
14 23 25 49 0 200
1 2 18 21 0 200
27 45 21 14 0 200
1 1 10 29 0 200
1 2 15 24 0 200
55 39 85 46 0 200
14 22 45 27 0 200
37 37 55 18 0 200
15 28 46 23 0 200
38 38 57 56 0 200
6 33 35 27 0 200
35 1 64 8 0 200
1 1 4 35 0 200
9 92 43 94 0 200
0 2 12 27 0 200
9 30 42 26 0 200
3 1 13 26 0 200
0 2 31 8 0 200
16 26 10 57 0 200
27 15 48 0 0 200
54 39 62 68 0 200
45 21 19 32 0 200
42 8 19 20 0 200
3 9 22 25 0 200
67 27 67 63 0 200
23 31 52 23 0 200
0 2 35 0 0 200
87 30 57 37 0 200
43 55 29 32 0 200
31 8 26 40 0 200
37 3 26 28 0 200
31 6 66 8 0 200
42 49 74 54 0 200
1 1 11 28 0 200
1 1 15 24 0 200
68 46 98 53 0 200
74 36 52 22 0 200
8 31 18 4 0 200
0 2 15 24 0 200
42 28 42 65 0 200
31 20 19 45 0 200
55 15 30 27 0 200
1 1 31 8 0 200
43 13 27 34 0 200
39 47 43 15 0 200
23 51 19 84 0 200
8 34 1 5 0 200
33 4 15 23 0 200
35 2 15 19 0 200
1 1 23 16 0 200
46 36 19 28 0 200
36 34 46 61 0 200
8 31 26 50 0 200
45 22 59 45 0 200
33 6 68 4 0 200
7 6 25 25 0 200
54 17 68 39 0 200
25 12 22 46 0 200
76 76 86 51 0 200
17 12 27 39 0 200
24 13 14 40 0 200
6 62 22 41 0 200
2 1 21 18 0 200
1 1 28 11 0 200
0 2 18 21 0 200
19 23 51 19 0 200
21 21 16 52 0 200
20 54 52 59 0 200
44 29 48 61 0 200
55 58 39 37 0 200
20 21 42 6 0 200
2 34 9 63 0 200
93 24 59 22 0 200
20 32 55 34 0 200
14 59 3 33 0 200
46 34 47 70 0 200
5 33 17 57 0 200
4 26 31 36 0 200
15 26 35 9 0 200
0 2 10 29 0 200
30 6 4 16 0 200
70 41 55 19 0 200
12 12 1 38 0 200
17 26 47 31 0 200
0 3 6 33 0 200
6 36 4 70 0 200
46 32 33 56 0 200
1 1 13 26 0 200
1 1 23 16 0 200
0 3 14 25 0 200
33 2 13 17 0 200
41 5 31 32 0 200
36 73 11 61 0 200
26 46 42 67 0 200
27 10 22 42 0 200
59 1 43 22 0 200
72 9 79 39 0 200
35 78 32 44 0 200
6 69 37 74 0 200
73 76 52 91 0 200
11 25 15 57 0 200
0 3 27 12 0 200
38 30 23 52 0 200
11 62 40 55 0 200
0 2 14 25 0 200
16 65 42 76 0 200
40 34 54 57 0 200
0 2 26 13 0 200
18 21 44 32 0 200
32 48 32 13 0 200
64 90 56 61 0 200
37 4 3 1 0 200
1 1 5 34 0 200
2 1 31 8 0 200
1 1 14 25 0 200
7 20 23 0 0 200
8 36 28 20 0 200
38 9 72 11 0 200
33 63 39 32 0 200
