100 100 100 1000 0 150
26 33 14 34 105 150
2 12 2 26 14 150
2 1 10 6 60 150
9 5 10 18 44 150
33 24 36 34 105 150
15 12 8 6 30 150
26 7 14 8 75 150
1 10 4 0 30 150
21 4 24 14 90 150
9 37 9 51 119 150
32 14 37 23 89 150
40 7 38 18 120 150
7 21 0 14 29 150
0 14 0 0 44 150
7 7 8 20 14 150
6 8 5 21 74 150
10 18 18 24 29 150
4 22 12 16 59 150
5 19 11 11 119 150
37 32 41 23 75 150
15 41 15 55 89 150
21 18 19 7 90 150
20 41 30 44 135 150
0 37 2 48 120 150
18 12 27 7 89 150
13 27 6 34 74 150
1 0 6 8 30 150
9 20 3 13 45 150
0 38 7 45 119 150
1 10 3 21 135 150
30 35 38 40 135 150
38 2 31 9 104 150
10 17 5 9 45 150
10 9 5 17 75 150
16 27 4 28 60 150
20 9 24 18 60 150
21 19 12 24 89 150
0 1 3 11 1 150
18 17 26 22 90 150
19 16 8 18 75 150
15 5 20 14 134 150
18 21 22 12 75 150
2 24 10 30 29 150
4 20 12 26 74 150
17 35 17 21 59 150
14 45 8 52 120 150
25 22 19 15 105 150
0 13 7 19 15 150
14 10 10 20 119 150
32 2 32 16 134 150
33 16 40 22 135 150
12 3 11 15 15 150
14 33 24 30 120 150
0 0 8 6 0 150
20 22 15 13 59 150
9 14 3 21 120 150
11 4 9 15 15 150
14 35 5 31 105 150
0 1 5 9 1 150
15 19 20 10 44 150
15 19 19 9 44 150
2 12 13 15 14 150
0 39 4 48 90 150
2 38 14 40 104 150
9 4 1 9 15 150
0 1 10 4 1 150
0 1 0 14 1 150
30 27 30 14 75 150
28 19 27 7 90 150
19 51 20 38 104 150
0 1 0 14 1 150
11 3 10 16 14 150
17 11 13 21 59 150
36 35 28 40 120 150
13 17 12 30 104 150
13 52 13 39 105 150
7 20 15 25 30 150
34 25 43 21 105 150
11 30 16 38 90 150
11 3 23 1 14 150
18 11 23 3 60 150
10 29 17 35 45 150
27 35 16 38 119 150
30 8 25 17 44 150
47 17 49 5 134 150
13 10 9 19 120 150
8 17 11 27 90 150
4 7 1 17 135 150
21 20 28 14 45 150
26 14 39 13 74 150
10 5 15 13 15 150
21 18 26 26 45 150
7 7 1 15 14 150
34 48 39 39 134 150
17 10 18 22 60 150
39 13 28 10 89 150
22 13 31 9 90 150
17 10 17 23 30 150
12 42 2 46 134 150
21 18 31 15 75 150
16 9 18 20 90 150
13 54 11 65 135 150
21 20 15 27 60 150
14 13 26 12 45 150
3 14 8 22 60 150
5 27 17 29 44 150
28 1 29 13 75 150
11 28 11 15 105 150
11 15 1 11 119 150
3 21 5 33 134 150
15 27 16 40 74 150
5 31 16 28 119 150
1 27 14 28 29 150
12 27 13 15 90 150
7 20 18 22 75 150
4 0 9 9 74 150
17 13 28 10 89 150
14 9 14 22 75 150
12 19 22 16 120 150
0 0 7 7 0 150
14 34 27 33 119 150
9 17 8 30 29 150
27 16 18 12 75 150
19 16 28 12 120 150
3 16 7 25 90 150
12 33 13 45 90 150
0 1 7 7 1 150
16 41 24 46 120 150
3 21 4 8 119 150
10 4 5 13 14 150
0 1 1 13 1 150
12 23 14 34 90 150
18 43 24 36 135 150
37 22 44 28 105 150
2 13 14 12 15 150
0 15 4 24 30 150
10 7 21 5 75 150
0 34 11 31 89 150
35 3 35 17 44 150
4 18 17 17 44 150
0 0 2 12 0 150
14 14 18 24 29 150
13 30 14 42 60 150
5 9 8 20 59 150
0 0 3 11 0 150
0 14 7 21 14 150
18 4 19 17 89 150
25 16 22 26 120 150
18 20 26 14 59 150
20 11 22 22 75 150
27 34 35 29 135 150
27 13 25 1 44 150
15 12 22 18 30 150
23 20 19 29 45 150
0 1 3 11 1 150
11 10 21 7 105 150
7 46 19 45 135 150
11 26 5 19 105 150
0 0 12 2 0 150
10 19 3 25 135 150
18 21 13 29 45 150
2 26 6 16 29 150
13 20 8 12 75 150
34 4 46 6 134 150
23 1 30 8 29 150
15 5 12 16 44 150
11 44 20 40 120 150
18 23 21 13 45 150
15 56 20 64 105 150
11 16 10 4 60 150
17 10 7 13 90 150
0 14 10 18 14 150
5 24 7 13 60 150
28 13 35 7 60 150
3 26 8 34 60 150
16 13 7 9 30 150
0 1 5 9 1 150
16 15 13 25 105 150
6 8 8 20 14 150
18 21 30 20 90 150
2 18 8 10 44 150
9 47 17 41 134 150
8 8 17 13 74 150
6 8 12 0 44 150
0 2 11 5 119 150
23 2 16 8 75 150
10 16 16 24 29 150
0 1 8 6 1 150
20 1 31 3 30 150
6 39 16 42 105 150
1 11 13 13 29 150
0 1 11 3 1 150
53 25 43 29 134 150
13 9 5 3 59 150
12 17 19 11 30 150
14 13 12 2 30 150
10 20 23 21 74 150
12 0 23 3 59 150
21 30 31 27 135 150
13 14 4 18 30 150
0 1 7 7 1 150
5 24 14 20 105 150
7 23 7 37 59 150
10 4 20 0 14 150
23 30 35 29 90 150
2 13 10 8 90 150
1 37 6 46 59 150
19 11 9 7 44 150
24 5 17 11 135 150
42 39 42 52 120 150
0 0 11 3 0 150
14 43 12 32 75 150
13 16 2 18 30 150
7 6 16 10 15 150
13 18 23 15 60 150
22 13 24 2 135 150
15 27 5 23 44 150
16 24 26 28 44 150
0 1 8 6 1 150
2 15 3 27 45 150
1 3 12 6 44 150
19 7 25 15 104 150
7 30 12 22 90 150
21 5 29 11 29 150
6 34 6 48 134 150
23 13 33 17 119 150
20 9 27 3 60 150
18 20 14 10 104 150
19 18 11 23 45 150
3 12 11 7 15 150
9 7 9 21 44 150
16 40 19 51 89 150
18 15 10 10 135 150
13 39 13 53 89 150
3 24 12 28 60 150
24 18 28 28 74 150
28 29 29 41 90 150
29 40 40 38 105 150
2 49 8 56 135 150
39 21 50 24 74 150
27 43 30 32 74 150
7 8 17 5 45 150
7 6 18 8 15 150
21 7 19 19 119 150
14 39 15 27 60 150
15 26 16 38 75 150
11 28 17 35 90 150
12 3 6 10 45 150
9 52 10 64 135 150
17 22 22 30 75 150
0 0 0 14 0 150
17 4 6 6 135 150
38 9 49 11 105 150
20 37 20 50 120 150
11 30 8 40 105 150
5 9 14 14 119 150
10 0 10 14 134 150
8 7 18 10 15 150
18 12 7 9 59 150
0 14 13 15 14 150
9 5 22 4 14 150
6 8 17 11 14 150
27 20 15 21 60 150
24 46 35 49 134 150
19 22 17 11 45 150
20 16 32 14 74 150
11 4 1 7 15 150
26 31 27 43 60 150
0 15 1 3 15 150
10 5 9 17 15 150
1 0 12 2 30 150
13 26 25 25 120 150
17 4 19 15 60 150
8 15 14 22 45 150
9 14 11 25 30 150
21 5 14 12 29 150
11 14 5 7 45 150
6 7 0 14 15 150
44 28 47 17 119 150
11 3 16 12 14 150
11 25 1 29 44 150
2 12 12 8 14 150
17 34 24 40 105 150
12 9 8 0 105 150
9 9 20 6 89 150
41 28 43 39 75 150
5 3 18 4 74 150
12 27 20 22 90 150
8 10 12 0 59 150
17 24 29 25 45 150
12 37 13 49 135 150
12 31 18 38 120 150
2 13 0 24 15 150
21 24 11 27 90 150
2 25 10 20 60 150
22 21 22 8 90 150
43 46 48 38 135 150
6 14 17 11 104 150
10 16 12 4 74 150
12 7 8 16 30 150
20 49 13 43 135 150
2 11 11 7 15 150
0 1 12 2 1 150
0 1 11 3 1 150
14 21 26 22 60 150
26 21 14 20 75 150
14 20 18 10 89 150
31 3 34 14 44 150
14 14 4 10 134 150
15 11 15 25 104 150
0 1 3 11 1 150
21 5 28 12 89 150
19 14 26 20 45 150
27 4 24 14 75 150
2 25 12 22 60 150
23 20 11 19 120 150
18 17 29 19 120 150
7 26 17 29 105 150
17 28 18 40 120 150
9 3 22 2 59 150
14 33 14 20 90 150
7 7 3 17 14 150
22 30 18 20 89 150
4 11 4 24 15 150
6 7 15 11 30 150
12 23 6 30 105 150
3 4 3 17 30 150
6 11 16 8 60 150
9 21 19 17 59 150
9 5 10 18 14 150
16 13 23 19 105 150
3 10 9 17 15 150
18 9 24 16 30 150
9 4 19 1 15 150
0 26 10 22 89 150
0 0 0 14 0 150
15 20 14 8 90 150
6 30 12 38 119 150
33 36 32 24 120 150
11 20 11 7 135 150
8 19 6 8 30 150
1 15 7 7 29 150
24 31 29 23 135 150
2 20 12 24 134 150
4 7 11 1 60 150
9 18 2 24 30 150
12 14 2 18 29 150
3 16 12 20 45 150
7 10 12 18 105 150
0 14 6 22 14 150
10 12 22 10 44 150
1 14 9 19 30 150
8 6 9 19 14 150
12 5 16 14 90 150
19 19 27 25 134 150
17 10 8 6 135 150
14 28 2 26 44 150
20 17 19 5 120 150
10 7 21 9 105 150
0 31 12 32 105 150
21 14 28 8 135 150
44 22 46 34 104 150
18 8 15 19 29 150
16 31 23 25 75 150
34 13 39 21 60 150
49 10 41 15 120 150
50 23 48 34 90 150
0 1 8 6 1 150
0 0 0 14 0 150
17 12 7 15 30 150
1 18 5 27 75 150
18 35 9 39 60 150
18 25 26 30 45 150
8 24 8 10 44 150
24 19 31 13 90 150
14 15 24 18 75 150
15 16 19 25 75 150
25 10 24 22 120 150
13 16 17 25 30 150
14 15 12 4 45 150
3 8 12 4 30 150
4 32 10 24 74 150
17 24 27 21 45 150
12 15 4 20 60 150
0 1 10 4 1 150
0 1 9 5 1 150
9 5 1 11 14 150
12 25 4 20 45 150
31 37 22 32 119 150
12 1 19 7 75 150
16 38 9 31 134 150
11 28 16 36 135 150
5 12 1 3 30 150
26 26 18 20 59 150
33 30 42 26 90 150
0 3 11 5 75 150
13 24 21 19 60 150
12 4 20 10 44 150
5 22 12 28 90 150
15 1 13 13 134 150
14 40 6 34 119 150
9 4 18 8 15 150
10 19 1 23 60 150
22 10 10 8 59 150
0 0 4 10 0 150
18 29 23 21 105 150
6 11 7 23 45 150
0 0 8 6 0 150
13 15 5 9 104 150
4 12 9 3 44 150
13 12 13 25 45 150
12 23 14 34 105 150
19 8 21 19 45 150
17 30 15 41 75 150
7 13 15 19 104 150
45 14 45 1 75 150
25 17 22 28 104 150
20 21 16 12 105 150
16 3 28 4 60 150
0 0 3 11 0 150
31 18 32 6 90 150
74 29 78 20 135 150
0 0 3 11 0 150
9 26 14 34 75 150
19 18 8 16 75 150
0 1 10 4 1 150
4 28 13 33 74 150
15 11 19 1 44 150
0 1 6 8 1 150
17 0 14 10 60 150
15 28 16 16 90 150
11 10 11 23 135 150
6 21 10 12 30 150
0 1 12 2 1 150
0 1 0 14 1 150
10 7 13 17 75 150
17 27 13 17 89 150
0 1 11 3 1 150
7 15 18 12 44 150
10 10 16 2 44 150
10 7 4 0 60 150
11 0 17 7 105 150
13 9 3 5 89 150
17 6 12 14 45 150
8 6 16 0 14 150
15 37 21 29 119 150
20 10 23 21 44 150
0 1 6 8 1 150
0 0 0 14 0 150
7 36 16 40 75 150
12 19 5 13 105 150
0 0 8 6 0 150
26 12 26 26 59 150
31 19 28 30 119 150
1 8 12 10 120 150
9 5 13 15 14 150
6 9 14 14 60 150
7 37 3 47 59 150
46 35 43 45 120 150
23 21 32 16 89 150
0 1 10 4 1 150
22 27 26 18 135 150
12 15 9 5 30 150
22 17 11 15 45 150
2 29 8 22 120 150
25 0 19 7 60 150
5 10 6 22 15 150
20 30 16 20 104 150
0 1 11 3 1 150
23 16 16 22 75 150
14 14 4 10 74 150
13 36 7 29 135 150
20 30 16 40 134 150
0 0 4 10 0 150
14 41 23 45 105 150
26 15 18 10 45 150
9 5 18 10 44 150
17 12 17 25 120 150
0 1 11 3 1 150
15 12 23 7 120 150
8 34 15 27 74 150
19 50 19 37 120 150
43 22 53 25 120 150
11 14 8 24 30 150
16 22 19 33 134 150
14 8 26 10 104 150
2 3 0 14 90 150
10 17 9 29 30 150
23 45 34 48 119 150
11 6 19 11 135 150
10 4 9 17 14 150
10 4 21 7 14 150
20 27 26 34 135 150
26 29 16 32 60 150
16 39 26 42 135 150
17 7 10 0 119 150
6 10 14 16 59 150
1 13 1 27 14 150
11 8 15 17 90 150
6 7 6 20 15 150
29 10 17 11 45 150
8 7 15 1 15 150
3 17 9 25 29 150
7 4 16 8 30 150
29 8 27 19 90 150
13 34 23 31 75 150
0 15 0 2 105 150
27 8 33 1 105 150
37 34 34 44 135 150
31 8 23 13 105 150
20 35 14 42 90 150
9 6 18 10 15 150
3 24 15 23 30 150
11 22 1 19 60 150
6 7 2 16 15 150
9 39 12 28 74 150
5 17 17 15 89 150
5 5 17 3 44 150
14 27 14 40 45 150
29 25 41 27 59 150
6 11 18 10 105 150
43 8 47 17 135 150
20 9 26 16 30 150
27 6 19 1 105 150
18 9 21 19 60 150
15 18 12 8 105 150
0 0 0 14 0 150
16 37 6 40 90 150
28 13 22 20 105 150
28 40 34 32 134 150
0 1 9 5 1 150
24 13 15 9 90 150
46 29 36 32 135 150
16 11 10 18 60 150
41 23 30 26 89 150
12 9 19 3 135 150
12 3 12 16 15 150
0 1 2 12 1 150
6 46 0 38 74 150
0 1 6 8 1 150
4 18 4 32 59 150
1 41 2 28 104 150
0 0 0 14 0 150
7 11 4 22 44 150
8 1 11 11 120 150
12 15 11 27 75 150
15 11 27 13 134 150
19 1 13 9 119 150
24 40 19 31 119 150
8 30 1 37 44 150
22 3 21 15 120 150
19 2 26 8 60 150
17 29 13 39 59 150
42 25 42 38 105 150
0 13 0 0 15 150
12 5 10 16 60 150
13 14 12 26 30 150
10 4 14 14 74 150
10 3 6 12 45 150
24 27 30 34 120 150
7 15 5 3 44 150
5 21 0 30 89 150
0 15 5 7 15 150
12 1 3 5 15 150
2 12 5 23 74 150
10 23 9 35 90 150
12 2 23 5 44 150
26 22 27 35 104 150
2 16 8 24 29 150
12 8 18 16 119 150
21 30 33 29 75 150
0 14 6 22 14 150
9 5 19 9 14 150
24 3 15 7 60 150
18 9 7 11 30 150
8 12 11 1 89 150
3 37 12 42 119 150
11 3 23 1 14 150
20 65 18 54 120 150
24 14 24 28 104 150
5 8 10 16 30 150
5 7 13 1 44 150
0 1 3 11 1 150
41 13 39 25 104 150
15 18 22 12 120 150
0 0 2 12 0 150
31 13 40 8 104 150
4 24 15 27 29 150
11 4 19 9 15 150
30 31 18 30 90 150
0 1 7 7 1 150
12 1 21 5 15 150
5 26 16 28 60 150
9 19 0 14 134 150
19 8 28 4 75 150
24 4 11 5 74 150
6 22 1 31 29 150
42 43 37 35 120 150
9 18 21 17 30 150
51 10 41 13 105 150
0 0 3 11 0 150
2 12 9 19 14 150
0 1 0 14 1 150
5 14 14 18 120 150
51 32 62 30 105 150
0 13 0 26 75 150
13 28 2 26 45 150
5 30 4 42 60 150
29 25 38 30 134 150
0 1 12 2 1 150
28 29 19 25 135 150
11 6 13 17 90 150
16 0 20 10 29 150
15 24 18 34 45 150
22 5 13 9 75 150
13 40 11 29 75 150
34 19 38 10 90 150
8 24 20 22 44 150
31 8 43 9 120 150
22 2 24 14 74 150
9 8 20 10 60 150
17 14 25 9 105 150
24 22 22 34 134 150
6 9 16 12 45 150
25 15 35 19 104 150
35 7 34 20 74 150
24 39 20 48 135 150
22 32 26 42 134 150
0 1 12 2 1 150
8 21 12 30 135 150
0 0 1 13 0 150
1 12 9 17 15 150
1 29 13 27 59 150
9 4 21 5 15 150
9 19 9 5 29 150
19 37 30 34 134 150
9 4 21 5 15 150
3 6 8 14 105 150
16 1 18 12 30 150
6 8 14 14 14 150
21 28 30 24 135 150
31 23 37 31 59 150
0 0 6 8 0 150
21 5 27 13 29 150
0 1 9 5 1 150
0 1 6 8 1 150
8 18 1 11 89 150
40 38 46 30 119 150
11 4 1 1 15 150
16 28 12 38 134 150
8 9 12 0 60 150
26 2 26 16 134 150
23 2 35 3 30 150
19 4 29 1 135 150
35 18 45 15 60 150
23 3 25 15 89 150
16 25 7 21 60 150
0 1 12 2 1 150
7 29 6 16 104 150
52 9 45 15 135 150
0 1 9 5 1 150
18 11 24 4 45 150
0 0 9 5 0 150
12 32 21 27 119 150
8 41 18 44 120 150
9 6 15 13 45 150
16 11 21 3 120 150
1 6 12 4 30 150
5 27 2 38 89 150
14 14 9 23 89 150
0 1 8 6 1 150
5 17 7 29 89 150
0 0 10 4 0 150
12 27 15 37 105 150
28 5 28 18 75 150
17 6 15 17 60 150
16 29 18 18 75 150
4 40 16 38 119 150
12 1 23 3 75 150
29 19 31 31 134 150
0 0 2 12 0 150
5 22 13 27 30 150
32 24 27 33 134 150
7 13 2 4 74 150
23 5 20 16 74 150
21 44 13 39 75 150
25 22 16 26 135 150
3 22 15 21 105 150
15 21 2 20 119 150
13 17 11 29 89 150
18 55 26 50 135 150
48 35 42 42 105 150
9 30 21 29 45 150
28 10 40 12 104 150
8 6 17 1 44 150
23 20 21 31 60 150
35 28 31 37 105 150
11 17 16 26 44 150
18 19 20 30 120 150
19 28 25 21 120 150
28 11 38 14 105 150
29 12 25 21 90 150
8 6 19 9 14 150
16 38 4 40 104 150
0 0 1 13 0 150
0 0 6 8 0 150
14 8 6 14 89 150
32 17 20 18 105 150
16 9 11 17 30 150
19 8 12 2 30 150
9 36 16 42 105 150
7 20 14 14 30 150
11 2 10 14 15 150
11 18 9 7 30 150
12 5 0 4 60 150
4 47 0 38 105 150
17 26 19 15 135 150
6 11 4 22 120 150
14 19 3 21 105 150
7 6 1 13 15 150
14 17 14 30 135 150
6 8 0 16 14 150
12 13 19 19 30 150
16 38 3 37 104 150
0 23 6 16 30 150
10 22 15 13 104 150
15 9 5 5 104 150
12 22 3 17 74 150
9 25 7 37 44 150
25 17 24 4 59 150
0 1 9 5 1 150
16 23 5 25 90 150
43 38 51 33 90 150
23 6 23 19 30 150
39 26 48 22 120 150
20 15 28 10 90 150
5 12 5 25 45 150
23 5 27 15 59 150
22 28 24 40 119 150
19 24 12 18 90 150
12 0 9 11 14 150
8 20 21 21 29 150
12 1 7 9 15 150
19 10 11 15 30 150
15 13 17 1 59 150
18 11 30 10 105 150
8 15 17 11 120 150
19 32 7 31 135 150
7 8 17 5 45 150
5 22 2 12 60 150
32 7 22 4 105 150
2 13 3 1 15 150
26 9 32 2 120 150
13 20 9 29 105 150
24 15 15 11 90 150
11 1 21 5 74 150
8 19 7 31 75 150
16 9 24 4 60 150
11 17 3 23 44 150
19 10 8 8 60 150
0 16 5 7 29 150
11 31 0 34 59 150
12 20 13 33 59 150
16 8 21 17 74 150
3 10 3 23 15 150
11 4 6 12 90 150
30 9 22 14 120 150
10 5 1 1 15 150
11 7 6 16 29 150
17 1 11 9 74 150
0 0 10 4 0 150
16 32 23 25 134 150
5 7 11 15 59 150
0 0 7 7 0 150
0 0 11 3 0 150
23 2 12 4 75 150
12 15 9 25 60 150
0 1 9 5 1 150
23 19 13 15 119 150
13 14 4 10 135 150
34 19 44 22 90 150
7 17 7 31 134 150
0 1 11 3 1 150
16 15 24 10 120 150
38 17 28 20 135 150
12 28 20 34 74 150
48 23 54 16 135 150
11 7 23 5 59 150
7 20 19 19 30 150
3 11 2 24 14 150
0 1 9 5 1 150
3 10 8 2 15 150
14 23 20 16 60 150
4 1 10 8 45 150
0 0 11 3 0 150
8 12 15 5 119 150
15 20 17 9 75 150
41 14 52 12 135 150
10 3 6 12 30 150
24 11 32 6 135 150
0 15 4 6 15 150
3 10 7 19 15 150
6 16 15 11 119 150
15 1 15 15 29 150
15 37 21 45 59 150
8 6 5 17 74 150
30 27 33 37 105 150
21 15 23 27 74 150
15 26 13 37 120 150
1 22 0 34 75 150
0 1 0 14 1 150
4 9 10 2 15 150
10 3 12 14 15 150
9 11 19 7 29 150
1 12 12 14 15 150
28 10 29 23 104 150
0 13 11 11 90 150
8 2 4 12 29 150
0 1 2 12 1 150
23 26 34 24 90 150
0 1 9 5 1 150
42 52 54 50 134 150
18 20 31 19 104 150
20 7 16 16 105 150
3 48 2 36 75 150
7 9 10 20 74 150
10 20 12 8 89 150
24 16 31 23 44 150
0 1 6 8 1 150
13 1 18 10 59 150
17 22 25 17 90 150
21 2 28 8 135 150
3 12 7 3 15 150
16 8 18 20 44 150
19 15 17 27 74 150
45 1 51 9 89 150
14 20 16 32 119 150
3 11 2 24 14 150
20 9 18 20 105 150
47 9 53 1 134 150
4 6 17 7 29 150
17 18 17 31 60 150
22 3 19 13 30 150
6 15 16 12 45 150
24 14 12 12 89 150
7 8 4 18 45 150
4 22 6 34 134 150
6 21 14 26 30 150
24 5 31 11 75 150
2 49 0 38 105 150
21 19 34 20 74 150
15 14 16 26 45 150
2 19 13 17 45 150
19 20 16 10 45 150
0 1 2 12 1 150
16 12 8 6 59 150
0 15 6 8 15 150
8 6 20 8 14 150
21 10 26 2 120 150
5 5 17 3 119 150
29 22 20 26 120 150
13 44 19 51 105 150
11 14 17 21 75 150
11 12 17 19 135 150
0 1 3 11 1 150
19 16 9 13 105 150
18 9 21 19 75 150
21 28 21 15 60 150
4 20 7 9 59 150
0 35 12 34 75 150
19 2 9 5 30 150
26 26 31 17 74 150
4 25 11 31 45 150
10 6 0 10 119 150
13 39 13 53 119 150
19 10 14 2 30 150
2 12 13 15 14 150
13 6 11 17 30 150
8 5 12 14 15 150
30 15 41 13 90 150
26 17 29 7 75 150
23 24 13 21 90 150
0 0 2 12 0 150
22 19 18 10 120 150
15 24 15 37 45 150
10 3 7 13 15 150
13 33 26 32 89 150
9 24 9 37 105 150
10 19 2 14 30 150
15 5 26 2 44 150
9 29 7 17 119 150
9 18 18 22 30 150
4 43 10 36 75 150
1 14 5 23 15 150
2 24 14 22 44 150
12 12 1 9 104 150
0 0 9 5 0 150
3 11 13 7 14 150
25 26 18 32 135 150
6 39 14 44 105 150
3 0 7 9 30 150
4 11 3 23 90 150
33 2 24 6 120 150
2 24 7 15 29 150
11 3 23 5 14 150
16 41 9 47 120 150
20 14 8 12 104 150
35 18 29 25 120 150
2 37 2 50 90 150
28 11 40 12 135 150
18 11 15 1 120 150
19 30 19 17 60 150
10 36 1 41 89 150
0 0 6 8 59 150
0 1 12 2 1 150
12 3 3 7 15 150
14 22 20 30 89 150
0 0 2 12 0 150
3 10 7 19 15 150
8 6 11 17 14 150
31 14 33 25 90 150
1 3 5 13 29 150
14 1 2 2 45 150
21 7 10 10 29 150
30 20 18 18 104 150
5 9 17 11 14 150
0 5 11 7 45 150
7 8 0 14 75 150
38 14 47 9 119 150
18 11 14 2 135 150
0 1 10 4 1 150
0 1 8 6 1 150
9 18 5 27 30 150
8 22 21 23 74 150
5 4 0 12 60 150
22 13 11 11 135 150
12 3 4 8 45 150
31 11 20 14 89 150
0 1 10 4 1 150
1 10 13 9 105 150
0 1 12 0 1 150
12 4 20 10 89 150
0 9 1 21 135 150
16 12 22 4 59 150
18 38 5 37 134 150
6 22 19 23 29 150
16 41 6 38 90 150
13 18 6 12 105 150
8 53 16 48 135 150
0 1 0 14 1 150
62 30 74 28 119 150
0 0 7 7 0 150
0 0 7 7 0 150
13 8 8 16 135 150
0 1 3 11 1 150
11 0 16 8 45 150
1 31 5 21 44 150
13 21 19 29 104 150
26 19 30 28 60 150
0 0 1 13 0 150
0 1 10 4 1 150
21 13 10 10 59 150
0 1 10 4 30 150
18 40 18 26 134 150
6 34 16 38 89 150
12 33 13 21 90 150
28 5 38 2 90 150
0 1 9 5 1 150
7 10 15 5 30 150
10 5 15 13 15 150
11 30 11 43 105 150
6 15 13 9 45 150
23 0 15 5 30 150
7 13 15 19 29 150
26 2 26 16 59 150
16 20 11 29 119 150
18 7 11 1 30 150
12 3 6 10 45 150
21 13 16 22 119 150
6 17 5 29 45 150
0 1 11 3 1 150
12 1 23 3 15 150
17 5 28 2 59 150
10 14 5 5 29 150
27 20 21 13 105 150
11 6 0 4 30 150
19 8 7 9 90 150
22 8 10 6 104 150
40 12 34 4 119 150
22 16 35 15 134 150
0 13 10 16 15 150
7 6 16 2 15 150
41 12 52 10 120 150
0 0 10 4 0 150
18 20 24 12 74 150
15 7 15 21 74 150
10 17 2 12 75 150
23 7 11 5 134 150
15 14 12 24 75 150
0 1 2 12 1 150
