100 100 100 1000 0 150
26 33 14 34 105 119
2 12 2 26 14 29
2 1 10 6 60 74
9 5 10 18 44 59
33 24 36 34 105 119
15 12 8 6 30 44
26 7 14 8 75 89
1 10 4 0 30 44
21 4 24 14 90 104
9 37 9 51 119 134
32 14 37 23 89 104
40 7 38 18 120 134
7 21 0 14 29 44
0 14 0 0 44 59
7 7 8 20 14 29
6 8 5 21 74 89
10 18 18 24 29 44
4 22 12 16 59 74
5 19 11 11 119 134
37 32 41 23 75 89
15 41 15 55 89 104
21 18 19 7 90 104
20 41 30 44 135 149
0 37 2 48 120 134
18 12 27 7 89 104
13 27 6 34 74 89
1 0 6 8 30 44
9 20 3 13 45 59
0 38 7 45 119 134
1 10 3 21 135 149
30 35 38 40 135 149
38 2 31 9 104 119
10 17 5 9 45 59
10 9 5 17 75 89
16 27 4 28 60 74
20 9 24 18 60 74
21 19 12 24 89 104
0 1 3 11 1 14
18 17 26 22 90 104
19 16 8 18 75 89
15 5 20 14 134 149
18 21 22 12 75 89
2 24 10 30 29 44
4 20 12 26 74 89
17 35 17 21 59 74
14 45 8 52 120 134
25 22 19 15 105 119
0 13 7 19 15 29
14 10 10 20 119 134
32 2 32 16 134 149
33 16 40 22 135 149
12 3 11 15 15 29
14 33 24 30 120 134
0 0 8 6 0 14
20 22 15 13 59 74
9 14 3 21 120 134
11 4 9 15 15 29
14 35 5 31 105 119
0 1 5 9 1 14
15 19 20 10 44 59
15 19 19 9 44 59
2 12 13 15 14 29
0 39 4 48 90 104
2 38 14 40 104 119
9 4 1 9 15 29
0 1 10 4 1 14
0 1 0 14 1 14
30 27 30 14 75 89
28 19 27 7 90 104
19 51 20 38 104 119
0 1 0 14 1 14
11 3 10 16 14 29
17 11 13 21 59 74
36 35 28 40 120 134
13 17 12 30 104 119
13 52 13 39 105 119
7 20 15 25 30 44
34 25 43 21 105 119
11 30 16 38 90 104
11 3 23 1 14 29
18 11 23 3 60 74
10 29 17 35 45 59
27 35 16 38 119 134
30 8 25 17 44 59
47 17 49 5 134 149
13 10 9 19 120 134
8 17 11 27 90 104
4 7 1 17 135 149
21 20 28 14 45 59
26 14 39 13 74 89
10 5 15 13 15 29
21 18 26 26 45 59
7 7 1 15 14 29
34 48 39 39 134 149
17 10 18 22 60 74
39 13 28 10 89 104
22 13 31 9 90 104
17 10 17 23 30 44
12 42 2 46 134 149
21 18 31 15 75 89
16 9 18 20 90 104
13 54 11 65 135 149
21 20 15 27 60 74
14 13 26 12 45 59
3 14 8 22 60 74
5 27 17 29 44 59
28 1 29 13 75 89
11 28 11 15 105 119
11 15 1 11 119 134
3 21 5 33 134 149
15 27 16 40 74 89
5 31 16 28 119 134
1 27 14 28 29 44
12 27 13 15 90 104
7 20 18 22 75 89
4 0 9 9 74 89
17 13 28 10 89 104
14 9 14 22 75 89
12 19 22 16 120 134
0 0 7 7 0 14
14 34 27 33 119 134
9 17 8 30 29 44
27 16 18 12 75 89
19 16 28 12 120 134
3 16 7 25 90 104
12 33 13 45 90 104
0 1 7 7 1 14
16 41 24 46 120 134
3 21 4 8 119 134
10 4 5 13 14 29
0 1 1 13 1 14
12 23 14 34 90 104
18 43 24 36 135 149
37 22 44 28 105 119
2 13 14 12 15 29
0 15 4 24 30 44
10 7 21 5 75 89
0 34 11 31 89 104
35 3 35 17 44 59
4 18 17 17 44 59
0 0 2 12 0 14
14 14 18 24 29 44
13 30 14 42 60 74
5 9 8 20 59 74
0 0 3 11 0 14
0 14 7 21 14 29
18 4 19 17 89 104
25 16 22 26 120 134
18 20 26 14 59 74
20 11 22 22 75 89
27 34 35 29 135 149
27 13 25 1 44 59
15 12 22 18 30 44
23 20 19 29 45 59
0 1 3 11 1 14
11 10 21 7 105 119
7 46 19 45 135 149
11 26 5 19 105 119
0 0 12 2 0 14
10 19 3 25 135 149
18 21 13 29 45 59
2 26 6 16 29 44
13 20 8 12 75 89
34 4 46 6 134 149
23 1 30 8 29 44
15 5 12 16 44 59
11 44 20 40 120 134
18 23 21 13 45 59
15 56 20 64 105 119
11 16 10 4 60 74
17 10 7 13 90 104
0 14 10 18 14 29
5 24 7 13 60 74
28 13 35 7 60 74
3 26 8 34 60 74
16 13 7 9 30 44
0 1 5 9 1 14
16 15 13 25 105 119
6 8 8 20 14 29
18 21 30 20 90 104
2 18 8 10 44 59
9 47 17 41 134 149
8 8 17 13 74 89
6 8 12 0 44 59
0 2 11 5 119 134
23 2 16 8 75 89
10 16 16 24 29 44
0 1 8 6 1 14
20 1 31 3 30 44
6 39 16 42 105 119
1 11 13 13 29 44
0 1 11 3 1 14
53 25 43 29 134 149
13 9 5 3 59 74
12 17 19 11 30 44
14 13 12 2 30 44
10 20 23 21 74 89
12 0 23 3 59 74
21 30 31 27 135 149
13 14 4 18 30 44
0 1 7 7 1 14
5 24 14 20 105 119
7 23 7 37 59 74
10 4 20 0 14 29
23 30 35 29 90 104
2 13 10 8 90 104
1 37 6 46 59 74
19 11 9 7 44 59
24 5 17 11 135 149
42 39 42 52 120 134
0 0 11 3 0 14
14 43 12 32 75 89
13 16 2 18 30 44
7 6 16 10 15 29
13 18 23 15 60 74
22 13 24 2 135 149
15 27 5 23 44 59
16 24 26 28 44 59
0 1 8 6 1 14
2 15 3 27 45 59
1 3 12 6 44 59
19 7 25 15 104 119
7 30 12 22 90 104
21 5 29 11 29 44
6 34 6 48 134 149
23 13 33 17 119 134
20 9 27 3 60 74
18 20 14 10 104 119
19 18 11 23 45 59
3 12 11 7 15 29
9 7 9 21 44 59
16 40 19 51 89 104
18 15 10 10 135 149
13 39 13 53 89 104
3 24 12 28 60 74
24 18 28 28 74 89
28 29 29 41 90 104
29 40 40 38 105 119
2 49 8 56 135 149
39 21 50 24 74 89
27 43 30 32 74 89
7 8 17 5 45 59
7 6 18 8 15 29
21 7 19 19 119 134
14 39 15 27 60 74
15 26 16 38 75 89
11 28 17 35 90 104
12 3 6 10 45 59
9 52 10 64 135 149
17 22 22 30 75 89
0 0 0 14 0 14
17 4 6 6 135 149
38 9 49 11 105 119
20 37 20 50 120 134
11 30 8 40 105 119
5 9 14 14 119 134
10 0 10 14 134 149
8 7 18 10 15 29
18 12 7 9 59 74
0 14 13 15 14 29
9 5 22 4 14 29
6 8 17 11 14 29
27 20 15 21 60 74
24 46 35 49 134 149
19 22 17 11 45 59
20 16 32 14 74 89
11 4 1 7 15 29
26 31 27 43 60 74
0 15 1 3 15 29
10 5 9 17 15 29
1 0 12 2 30 44
13 26 25 25 120 134
17 4 19 15 60 74
8 15 14 22 45 59
9 14 11 25 30 44
21 5 14 12 29 44
11 14 5 7 45 59
6 7 0 14 15 29
44 28 47 17 119 134
11 3 16 12 14 29
11 25 1 29 44 59
2 12 12 8 14 29
17 34 24 40 105 119
12 9 8 0 105 119
9 9 20 6 89 104
41 28 43 39 75 89
5 3 18 4 74 89
12 27 20 22 90 104
8 10 12 0 59 74
17 24 29 25 45 59
12 37 13 49 135 149
12 31 18 38 120 134
2 13 0 24 15 29
21 24 11 27 90 104
2 25 10 20 60 74
22 21 22 8 90 104
43 46 48 38 135 149
6 14 17 11 104 119
10 16 12 4 74 89
12 7 8 16 30 44
20 49 13 43 135 149
2 11 11 7 15 29
0 1 12 2 1 14
0 1 11 3 1 14
14 21 26 22 60 74
26 21 14 20 75 89
14 20 18 10 89 104
31 3 34 14 44 59
14 14 4 10 134 149
15 11 15 25 104 119
0 1 3 11 1 14
21 5 28 12 89 104
19 14 26 20 45 59
27 4 24 14 75 89
2 25 12 22 60 74
23 20 11 19 120 134
18 17 29 19 120 134
7 26 17 29 105 119
17 28 18 40 120 134
9 3 22 2 59 74
14 33 14 20 90 104
7 7 3 17 14 29
22 30 18 20 89 104
4 11 4 24 15 29
6 7 15 11 30 44
12 23 6 30 105 119
3 4 3 17 30 44
6 11 16 8 60 74
9 21 19 17 59 74
9 5 10 18 14 29
16 13 23 19 105 119
3 10 9 17 15 29
18 9 24 16 30 44
9 4 19 1 15 29
0 26 10 22 89 104
0 0 0 14 0 14
15 20 14 8 90 104
6 30 12 38 119 134
33 36 32 24 120 134
11 20 11 7 135 149
8 19 6 8 30 44
1 15 7 7 29 44
24 31 29 23 135 149
2 20 12 24 134 149
4 7 11 1 60 74
9 18 2 24 30 44
12 14 2 18 29 44
3 16 12 20 45 59
7 10 12 18 105 119
0 14 6 22 14 29
10 12 22 10 44 59
1 14 9 19 30 44
8 6 9 19 14 29
12 5 16 14 90 104
19 19 27 25 134 149
17 10 8 6 135 149
14 28 2 26 44 59
20 17 19 5 120 134
10 7 21 9 105 119
0 31 12 32 105 119
21 14 28 8 135 149
44 22 46 34 104 119
18 8 15 19 29 44
16 31 23 25 75 89
34 13 39 21 60 74
49 10 41 15 120 134
50 23 48 34 90 104
0 1 8 6 1 14
0 0 0 14 0 14
17 12 7 15 30 44
1 18 5 27 75 89
18 35 9 39 60 74
18 25 26 30 45 59
8 24 8 10 44 59
24 19 31 13 90 104
14 15 24 18 75 89
15 16 19 25 75 89
25 10 24 22 120 134
13 16 17 25 30 44
14 15 12 4 45 59
3 8 12 4 30 44
4 32 10 24 74 89
17 24 27 21 45 59
12 15 4 20 60 74
0 1 10 4 1 14
0 1 9 5 1 14
9 5 1 11 14 29
12 25 4 20 45 59
31 37 22 32 119 134
12 1 19 7 75 89
16 38 9 31 134 149
11 28 16 36 135 149
5 12 1 3 30 44
26 26 18 20 59 74
33 30 42 26 90 104
0 3 11 5 75 89
13 24 21 19 60 74
12 4 20 10 44 59
5 22 12 28 90 104
15 1 13 13 134 149
14 40 6 34 119 134
9 4 18 8 15 29
10 19 1 23 60 74
22 10 10 8 59 74
0 0 4 10 0 14
18 29 23 21 105 119
6 11 7 23 45 59
0 0 8 6 0 14
13 15 5 9 104 119
4 12 9 3 44 59
13 12 13 25 45 59
12 23 14 34 105 119
19 8 21 19 45 59
17 30 15 41 75 89
7 13 15 19 104 119
45 14 45 1 75 89
25 17 22 28 104 119
20 21 16 12 105 119
16 3 28 4 60 74
0 0 3 11 0 14
31 18 32 6 90 104
74 29 78 20 135 149
0 0 3 11 0 14
9 26 14 34 75 89
19 18 8 16 75 89
0 1 10 4 1 14
4 28 13 33 74 89
15 11 19 1 44 59
0 1 6 8 1 14
17 0 14 10 60 74
15 28 16 16 90 104
11 10 11 23 135 149
6 21 10 12 30 44
0 1 12 2 1 14
0 1 0 14 1 14
10 7 13 17 75 89
17 27 13 17 89 104
0 1 11 3 1 14
7 15 18 12 44 59
10 10 16 2 44 59
10 7 4 0 60 74
11 0 17 7 105 119
13 9 3 5 89 104
17 6 12 14 45 59
8 6 16 0 14 29
15 37 21 29 119 134
20 10 23 21 44 59
0 1 6 8 1 14
0 0 0 14 0 14
7 36 16 40 75 89
12 19 5 13 105 119
0 0 8 6 0 14
26 12 26 26 59 74
31 19 28 30 119 134
1 8 12 10 120 134
9 5 13 15 14 29
6 9 14 14 60 74
7 37 3 47 59 74
46 35 43 45 120 134
23 21 32 16 89 104
0 1 10 4 1 14
22 27 26 18 135 149
12 15 9 5 30 44
22 17 11 15 45 59
2 29 8 22 120 134
25 0 19 7 60 74
5 10 6 22 15 29
20 30 16 20 104 119
0 1 11 3 1 14
23 16 16 22 75 89
14 14 4 10 74 89
13 36 7 29 135 149
20 30 16 40 134 149
0 0 4 10 0 14
14 41 23 45 105 119
26 15 18 10 45 59
9 5 18 10 44 59
17 12 17 25 120 134
0 1 11 3 1 14
15 12 23 7 120 134
8 34 15 27 74 89
19 50 19 37 120 134
43 22 53 25 120 134
11 14 8 24 30 44
16 22 19 33 134 149
14 8 26 10 104 119
2 3 0 14 90 104
10 17 9 29 30 44
23 45 34 48 119 134
11 6 19 11 135 149
10 4 9 17 14 29
10 4 21 7 14 29
20 27 26 34 135 149
26 29 16 32 60 74
16 39 26 42 135 149
17 7 10 0 119 134
6 10 14 16 59 74
1 13 1 27 14 29
11 8 15 17 90 104
6 7 6 20 15 29
29 10 17 11 45 59
8 7 15 1 15 29
3 17 9 25 29 44
7 4 16 8 30 44
29 8 27 19 90 104
13 34 23 31 75 89
0 15 0 2 105 119
27 8 33 1 105 119
37 34 34 44 135 149
31 8 23 13 105 119
20 35 14 42 90 104
9 6 18 10 15 29
3 24 15 23 30 44
11 22 1 19 60 74
6 7 2 16 15 29
9 39 12 28 74 89
5 17 17 15 89 104
5 5 17 3 44 59
14 27 14 40 45 59
29 25 41 27 59 74
6 11 18 10 105 119
43 8 47 17 135 149
20 9 26 16 30 44
27 6 19 1 105 119
18 9 21 19 60 74
15 18 12 8 105 119
0 0 0 14 0 14
16 37 6 40 90 104
28 13 22 20 105 119
28 40 34 32 134 149
0 1 9 5 1 14
24 13 15 9 90 104
46 29 36 32 135 149
16 11 10 18 60 74
41 23 30 26 89 104
12 9 19 3 135 149
12 3 12 16 15 29
0 1 2 12 1 14
6 46 0 38 74 89
0 1 6 8 1 14
4 18 4 32 59 74
1 41 2 28 104 119
0 0 0 14 0 14
7 11 4 22 44 59
8 1 11 11 120 134
12 15 11 27 75 89
15 11 27 13 134 149
19 1 13 9 119 134
24 40 19 31 119 134
8 30 1 37 44 59
22 3 21 15 120 134
19 2 26 8 60 74
17 29 13 39 59 74
42 25 42 38 105 119
0 13 0 0 15 29
12 5 10 16 60 74
13 14 12 26 30 44
10 4 14 14 74 89
10 3 6 12 45 59
24 27 30 34 120 134
7 15 5 3 44 59
5 21 0 30 89 104
0 15 5 7 15 29
12 1 3 5 15 29
2 12 5 23 74 89
10 23 9 35 90 104
12 2 23 5 44 59
26 22 27 35 104 119
2 16 8 24 29 44
12 8 18 16 119 134
21 30 33 29 75 89
0 14 6 22 14 29
9 5 19 9 14 29
24 3 15 7 60 74
18 9 7 11 30 44
8 12 11 1 89 104
3 37 12 42 119 134
11 3 23 1 14 29
20 65 18 54 120 134
24 14 24 28 104 119
5 8 10 16 30 44
5 7 13 1 44 59
0 1 3 11 1 14
41 13 39 25 104 119
15 18 22 12 120 134
0 0 2 12 0 14
31 13 40 8 104 119
4 24 15 27 29 44
11 4 19 9 15 29
30 31 18 30 90 104
0 1 7 7 1 14
12 1 21 5 15 29
5 26 16 28 60 74
9 19 0 14 134 149
19 8 28 4 75 89
24 4 11 5 74 89
6 22 1 31 29 44
42 43 37 35 120 134
9 18 21 17 30 44
51 10 41 13 105 119
0 0 3 11 0 14
2 12 9 19 14 29
0 1 0 14 1 14
5 14 14 18 120 134
51 32 62 30 105 119
0 13 0 26 75 89
13 28 2 26 45 59
5 30 4 42 60 74
29 25 38 30 134 149
0 1 12 2 1 14
28 29 19 25 135 149
11 6 13 17 90 104
16 0 20 10 29 44
15 24 18 34 45 59
22 5 13 9 75 89
13 40 11 29 75 89
34 19 38 10 90 104
8 24 20 22 44 59
31 8 43 9 120 134
22 2 24 14 74 89
9 8 20 10 60 74
17 14 25 9 105 119
24 22 22 34 134 149
6 9 16 12 45 59
25 15 35 19 104 119
35 7 34 20 74 89
24 39 20 48 135 149
22 32 26 42 134 149
0 1 12 2 1 14
8 21 12 30 135 149
0 0 1 13 0 14
1 12 9 17 15 29
1 29 13 27 59 74
9 4 21 5 15 29
9 19 9 5 29 44
19 37 30 34 134 149
9 4 21 5 15 29
3 6 8 14 105 119
16 1 18 12 30 44
6 8 14 14 14 29
21 28 30 24 135 149
31 23 37 31 59 74
0 0 6 8 0 14
21 5 27 13 29 44
0 1 9 5 1 14
0 1 6 8 1 14
8 18 1 11 89 104
40 38 46 30 119 134
11 4 1 1 15 29
16 28 12 38 134 149
8 9 12 0 60 74
26 2 26 16 134 149
23 2 35 3 30 44
19 4 29 1 135 149
35 18 45 15 60 74
23 3 25 15 89 104
16 25 7 21 60 74
0 1 12 2 1 14
7 29 6 16 104 119
52 9 45 15 135 149
0 1 9 5 1 14
18 11 24 4 45 59
0 0 9 5 0 14
12 32 21 27 119 134
8 41 18 44 120 134
9 6 15 13 45 59
16 11 21 3 120 134
1 6 12 4 30 44
5 27 2 38 89 104
14 14 9 23 89 104
0 1 8 6 1 14
5 17 7 29 89 104
0 0 10 4 0 14
12 27 15 37 105 119
28 5 28 18 75 89
17 6 15 17 60 74
16 29 18 18 75 89
4 40 16 38 119 134
12 1 23 3 75 89
29 19 31 31 134 149
0 0 2 12 0 14
5 22 13 27 30 44
32 24 27 33 134 149
7 13 2 4 74 89
23 5 20 16 74 89
21 44 13 39 75 89
25 22 16 26 135 149
3 22 15 21 105 119
15 21 2 20 119 134
13 17 11 29 89 104
18 55 26 50 135 149
48 35 42 42 105 119
9 30 21 29 45 59
28 10 40 12 104 119
8 6 17 1 44 59
23 20 21 31 60 74
35 28 31 37 105 119
11 17 16 26 44 59
18 19 20 30 120 134
19 28 25 21 120 134
28 11 38 14 105 119
29 12 25 21 90 104
8 6 19 9 14 29
16 38 4 40 104 119
0 0 1 13 0 14
0 0 6 8 0 14
14 8 6 14 89 104
32 17 20 18 105 119
16 9 11 17 30 44
19 8 12 2 30 44
9 36 16 42 105 119
7 20 14 14 30 44
11 2 10 14 15 29
11 18 9 7 30 44
12 5 0 4 60 74
4 47 0 38 105 119
17 26 19 15 135 149
6 11 4 22 120 134
14 19 3 21 105 119
7 6 1 13 15 29
14 17 14 30 135 149
6 8 0 16 14 29
12 13 19 19 30 44
16 38 3 37 104 119
0 23 6 16 30 44
10 22 15 13 104 119
15 9 5 5 104 119
12 22 3 17 74 89
9 25 7 37 44 59
25 17 24 4 59 74
0 1 9 5 1 14
16 23 5 25 90 104
43 38 51 33 90 104
23 6 23 19 30 44
39 26 48 22 120 134
20 15 28 10 90 104
5 12 5 25 45 59
23 5 27 15 59 74
22 28 24 40 119 134
19 24 12 18 90 104
12 0 9 11 14 29
8 20 21 21 29 44
12 1 7 9 15 29
19 10 11 15 30 44
15 13 17 1 59 74
18 11 30 10 105 119
8 15 17 11 120 134
19 32 7 31 135 149
7 8 17 5 45 59
5 22 2 12 60 74
32 7 22 4 105 119
2 13 3 1 15 29
26 9 32 2 120 134
13 20 9 29 105 119
24 15 15 11 90 104
11 1 21 5 74 89
8 19 7 31 75 89
16 9 24 4 60 74
11 17 3 23 44 59
19 10 8 8 60 74
0 16 5 7 29 44
11 31 0 34 59 74
12 20 13 33 59 74
16 8 21 17 74 89
3 10 3 23 15 29
11 4 6 12 90 104
30 9 22 14 120 134
10 5 1 1 15 29
11 7 6 16 29 44
17 1 11 9 74 89
0 0 10 4 0 14
16 32 23 25 134 149
5 7 11 15 59 74
0 0 7 7 0 14
0 0 11 3 0 14
23 2 12 4 75 89
12 15 9 25 60 74
0 1 9 5 1 14
23 19 13 15 119 134
13 14 4 10 135 149
34 19 44 22 90 104
7 17 7 31 134 149
0 1 11 3 1 14
16 15 24 10 120 134
38 17 28 20 135 149
12 28 20 34 74 89
48 23 54 16 135 149
11 7 23 5 59 74
7 20 19 19 30 44
3 11 2 24 14 29
0 1 9 5 1 14
3 10 8 2 15 29
14 23 20 16 60 74
4 1 10 8 45 59
0 0 11 3 0 14
8 12 15 5 119 134
15 20 17 9 75 89
41 14 52 12 135 149
10 3 6 12 30 44
24 11 32 6 135 149
0 15 4 6 15 29
3 10 7 19 15 29
6 16 15 11 119 134
15 1 15 15 29 44
15 37 21 45 59 74
8 6 5 17 74 89
30 27 33 37 105 119
21 15 23 27 74 89
15 26 13 37 120 134
1 22 0 34 75 89
0 1 0 14 1 14
4 9 10 2 15 29
10 3 12 14 15 29
9 11 19 7 29 44
1 12 12 14 15 29
28 10 29 23 104 119
0 13 11 11 90 104
8 2 4 12 29 44
0 1 2 12 1 14
23 26 34 24 90 104
0 1 9 5 1 14
42 52 54 50 134 149
18 20 31 19 104 119
20 7 16 16 105 119
3 48 2 36 75 89
7 9 10 20 74 89
10 20 12 8 89 104
24 16 31 23 44 59
0 1 6 8 1 14
13 1 18 10 59 74
17 22 25 17 90 104
21 2 28 8 135 149
3 12 7 3 15 29
16 8 18 20 44 59
19 15 17 27 74 89
45 1 51 9 89 104
14 20 16 32 119 134
3 11 2 24 14 29
20 9 18 20 105 119
47 9 53 1 134 149
4 6 17 7 29 44
17 18 17 31 60 74
22 3 19 13 30 44
6 15 16 12 45 59
24 14 12 12 89 104
7 8 4 18 45 59
4 22 6 34 134 149
6 21 14 26 30 44
24 5 31 11 75 89
2 49 0 38 105 119
21 19 34 20 74 89
15 14 16 26 45 59
2 19 13 17 45 59
19 20 16 10 45 59
0 1 2 12 1 14
16 12 8 6 59 74
0 15 6 8 15 29
8 6 20 8 14 29
21 10 26 2 120 134
5 5 17 3 119 134
29 22 20 26 120 134
13 44 19 51 105 119
11 14 17 21 75 89
11 12 17 19 135 149
0 1 3 11 1 14
19 16 9 13 105 119
18 9 21 19 75 89
21 28 21 15 60 74
4 20 7 9 59 74
0 35 12 34 75 89
19 2 9 5 30 44
26 26 31 17 74 89
4 25 11 31 45 59
10 6 0 10 119 134
13 39 13 53 119 134
19 10 14 2 30 44
2 12 13 15 14 29
13 6 11 17 30 44
8 5 12 14 15 29
30 15 41 13 90 104
26 17 29 7 75 89
23 24 13 21 90 104
0 0 2 12 0 14
22 19 18 10 120 134
15 24 15 37 45 59
10 3 7 13 15 29
13 33 26 32 89 104
9 24 9 37 105 119
10 19 2 14 30 44
15 5 26 2 44 59
9 29 7 17 119 134
9 18 18 22 30 44
4 43 10 36 75 89
1 14 5 23 15 29
2 24 14 22 44 59
12 12 1 9 104 119
0 0 9 5 0 14
3 11 13 7 14 29
25 26 18 32 135 149
6 39 14 44 105 119
3 0 7 9 30 44
4 11 3 23 90 104
33 2 24 6 120 134
2 24 7 15 29 44
11 3 23 5 14 29
16 41 9 47 120 134
20 14 8 12 104 119
35 18 29 25 120 134
2 37 2 50 90 104
28 11 40 12 135 149
18 11 15 1 120 134
19 30 19 17 60 74
10 36 1 41 89 104
0 0 6 8 59 74
0 1 12 2 1 14
12 3 3 7 15 29
14 22 20 30 89 104
0 0 2 12 0 14
3 10 7 19 15 29
8 6 11 17 14 29
31 14 33 25 90 104
1 3 5 13 29 44
14 1 2 2 45 59
21 7 10 10 29 44
30 20 18 18 104 119
5 9 17 11 14 29
0 5 11 7 45 59
7 8 0 14 75 89
38 14 47 9 119 134
18 11 14 2 135 149
0 1 10 4 1 14
0 1 8 6 1 14
9 18 5 27 30 44
8 22 21 23 74 89
5 4 0 12 60 74
22 13 11 11 135 149
12 3 4 8 45 59
31 11 20 14 89 104
0 1 10 4 1 14
1 10 13 9 105 119
0 1 12 0 1 14
12 4 20 10 89 104
0 9 1 21 135 149
16 12 22 4 59 74
18 38 5 37 134 149
6 22 19 23 29 44
16 41 6 38 90 104
13 18 6 12 105 119
8 53 16 48 135 149
0 1 0 14 1 14
62 30 74 28 119 134
0 0 7 7 0 14
0 0 7 7 0 14
13 8 8 16 135 149
0 1 3 11 1 14
11 0 16 8 45 59
1 31 5 21 44 59
13 21 19 29 104 119
26 19 30 28 60 74
0 0 1 13 0 14
0 1 10 4 1 14
21 13 10 10 59 74
0 1 10 4 30 44
18 40 18 26 134 149
6 34 16 38 89 104
12 33 13 21 90 104
28 5 38 2 90 104
0 1 9 5 1 14
7 10 15 5 30 44
10 5 15 13 15 29
11 30 11 43 105 119
6 15 13 9 45 59
23 0 15 5 30 44
7 13 15 19 29 44
26 2 26 16 59 74
16 20 11 29 119 134
18 7 11 1 30 44
12 3 6 10 45 59
21 13 16 22 119 134
6 17 5 29 45 59
0 1 11 3 1 14
12 1 23 3 15 29
17 5 28 2 59 74
10 14 5 5 29 44
27 20 21 13 105 119
11 6 0 4 30 44
19 8 7 9 90 104
22 8 10 6 104 119
40 12 34 4 119 134
22 16 35 15 134 149
0 13 10 16 15 29
7 6 16 2 15 29
41 12 52 10 120 134
0 0 10 4 0 14
18 20 24 12 74 89
15 7 15 21 74 89
10 17 2 12 75 89
23 7 11 5 134 149
15 14 12 24 75 89
0 1 2 12 1 14
