100 100 100 5000 29 1000
6 31 21 34 0 59
7 11 12 24 0 39
12 26 0 21 0 59
3 20 8 33 0 379
10 31 24 27 0 99
79 66 85 78 0 699
70 53 86 51 0 699
80 26 80 44 0 559
34 7 49 4 0 99
45 20 56 13 0 539
27 25 20 36 0 279
42 25 26 23 0 219
42 21 53 14 0 139
12 86 18 98 0 679
26 24 38 18 0 239
21 43 20 26 0 759
83 81 89 69 0 319
68 67 52 65 0 419
41 64 48 53 0 299
45 25 49 39 0 559
54 17 54 35 0 299
57 21 61 7 0 199
35 31 50 28 0 999
60 62 52 72 0 999
39 95 38 78 0 679
60 84 45 81 0 679
25 59 20 72 0 799
50 32 50 50 0 999
19 51 24 64 0 879
38 5 40 20 0 119
2 52 6 38 0 679
0 1 16 3 0 19
67 92 77 84 0 899
13 9 2 2 0 679
26 7 24 23 0 59
83 43 92 34 0 639
7 36 2 49 0 739
21 37 20 54 0 599
18 1 14 15 0 59
3 47 13 39 0 639
21 88 10 95 0 819
21 60 28 70 0 679
16 54 5 61 0 599
65 42 63 58 0 579
15 54 8 65 0 739
40 10 42 26 0 919
43 52 59 54 0 779
71 66 61 58 0 939
10 21 27 20 0 99
48 44 47 27 0 999
38 36 36 20 0 839
94 40 83 33 0 999
22 54 35 59 0 599
39 28 41 44 0 179
26 61 32 49 0 899
22 68 10 74 0 599
29 61 39 53 0 199
49 66 62 61 0 539
23 32 25 16 0 179
31 83 36 96 0 199
19 47 13 35 0 599
76 17 63 22 0 779
21 74 29 84 0 779
30 47 24 35 0 259
77 62 77 80 0 899
65 95 67 79 0 679
1 37 17 35 0 519
37 23 45 33 0 359
42 40 30 46 0 239
41 68 52 75 0 499
59 59 58 43 0 779
25 33 40 36 0 359
24 51 32 61 0 459
23 7 35 13 0 639
66 35 54 41 0 459
92 69 99 80 0 379
14 45 1 40 0 539
35 13 51 15 0 839
28 58 19 67 0 359
99 75 95 61 0 959
87 35 78 44 0 759
4 29 5 12 0 299
10 3 21 10 0 659
21 46 4 45 0 739
32 5 30 21 0 699
25 45 40 48 0 599
35 88 27 78 0 339
25 64 20 77 0 819
12 29 22 37 0 699
0 1 7 12 0 19
56 47 68 53 0 699
6 97 19 93 0 559
2 85 9 74 0 899
21 25 29 34 0 139
56 21 60 35 0 899
26 30 40 26 0 119
64 49 72 39 0 939
72 38 58 34 0 959
54 27 57 13 0 599
93 67 78 64 0 559
29 29 16 33 0 339
34 32 34 50 0 199
27 37 41 33 0 319
47 40 53 52 0 379
36 21 39 36 0 99
82 56 75 45 0 759
22 4 13 13 0 639
80 20 76 34 0 559
0 18 14 14 0 39
61 71 73 65 0 199
34 43 19 46 0 259
26 39 10 41 0 179
35 20 32 6 0 999
21 37 35 41 0 239
9 47 21 53 0 479
68 63 56 57 0 459
29 52 28 35 0 379
34 62 34 44 0 479
18 2 9 11 0 439
57 92 51 81 0 359
88 97 78 89 0 939
5 69 17 63 0 399
46 11 33 16 0 219
2 61 14 66 0 359
49 82 56 72 0 839
11 9 25 5 0 39
22 18 16 7 0 59
4 21 15 15 0 679
60 26 50 34 0 719
42 26 44 10 0 999
43 80 44 97 0 459
37 66 22 69 0 739
18 75 16 59 0 819
56 24 41 27 0 759
51 9 65 13 0 639
23 23 28 36 0 679
21 61 38 60 0 279
40 75 49 67 0 639
74 17 58 19 0 939
88 12 78 20 0 799
19 28 3 26 0 779
81 19 70 26 0 839
24 31 15 40 0 139
45 5 42 20 0 719
54 37 70 35 0 219
80 74 96 76 0 919
96 75 83 80 0 939
21 32 5 30 0 259
0 1 11 8 0 19
21 19 19 35 0 159
24 21 28 7 0 539
45 71 34 78 0 759
38 59 37 42 0 379
6 12 5 29 0 79
84 55 84 73 0 699
27 42 38 36 0 119
56 71 51 83 0 599
21 18 13 8 0 659
13 49 28 46 0 759
9 28 23 32 0 579
44 32 39 45 0 799
13 33 13 51 0 239
98 96 94 83 0 419
24 13 32 23 0 99
45 40 37 30 0 379
45 72 32 76 0 839
43 46 57 42 0 339
39 5 30 14 0 399
27 69 29 53 0 879
52 39 66 43 0 819
28 31 28 49 0 779
75 80 70 67 0 259
43 11 43 29 0 879
17 54 11 43 0 559
23 4 19 18 0 259
53 88 59 76 0 499
3 23 15 17 0 679
43 99 32 92 0 959
28 81 13 78 0 539
33 65 32 48 0 279
26 25 11 28 0 619
68 54 80 48 0 519
24 35 20 21 0 259
10 62 6 76 0 719
17 8 17 25 0 959
33 50 42 41 0 219
68 40 70 56 0 359
23 40 30 30 0 319
79 91 93 88 0 619
59 22 59 40 0 179
28 58 38 66 0 279
0 1 0 19 0 19
20 92 28 82 0 799
51 49 66 46 0 359
19 46 19 28 0 459
93 40 96 55 0 859
67 85 71 71 0 599
95 98 93 82 0 819
75 10 83 0 0 979
0 1 0 19 0 19
8 49 18 57 0 659
21 89 6 92 0 959
73 68 60 63 0 619
15 34 2 39 0 699
47 64 45 49 0 879
6 14 19 9 0 199
9 50 14 37 0 259
2 6 11 15 0 279
19 23 25 35 0 319
50 90 62 84 0 999
77 73 60 72 0 959
41 30 34 20 0 279
14 23 14 41 0 59
16 73 29 68 0 379
8 23 5 38 0 139
47 1 47 19 0 919
7 9 22 12 0 79
23 88 8 85 0 779
39 50 45 39 0 439
2 51 16 55 0 619
84 35 98 31 0 419
23 17 33 25 0 79
13 19 28 22 0 119
51 90 44 79 0 819
99 10 88 17 0 499
8 76 11 61 0 879
29 27 43 23 0 319
15 83 1 79 0 239
31 13 44 18 0 759
68 30 80 36 0 399
77 22 77 4 0 739
44 42 54 34 0 839
13 14 23 22 0 659
16 81 6 73 0 699
49 47 50 64 0 719
2 19 12 11 0 179
30 31 15 34 0 99
83 93 76 82 0 919
13 26 16 41 0 59
33 23 34 6 0 359
7 7 10 22 0 79
77 19 67 11 0 839
18 16 11 27 0 199
83 76 79 90 0 859
60 23 69 32 0 899
70 48 61 40 0 659
42 26 51 17 0 519
30 85 43 90 0 619
34 74 19 71 0 479
76 0 59 1 0 999
41 36 29 30 0 379
7 34 24 33 0 619
9 23 15 11 0 79
15 23 18 38 0 839
39 24 56 23 0 99
64 72 48 74 0 519
34 16 39 3 0 959
33 79 41 88 0 659
19 38 8 45 0 339
40 96 36 82 0 719
39 64 47 74 0 339
7 13 21 17 0 39
28 57 25 72 0 379
58 82 67 91 0 879
51 96 43 86 0 579
43 59 38 72 0 399
67 57 50 56 0 839
54 35 48 23 0 699
75 32 74 16 0 919
30 35 36 24 0 199
30 18 35 5 0 639
79 54 81 38 0 219
72 58 81 67 0 439
14 36 30 34 0 319
21 72 8 77 0 859
63 18 52 25 0 779
33 38 31 23 0 839
50 44 58 53 0 859
13 33 28 30 0 759
84 76 92 66 0 679
26 17 12 21 0 179
34 29 30 43 0 179
23 71 21 55 0 559
20 34 9 27 0 119
82 36 71 29 0 799
19 75 6 70 0 719
41 40 55 36 0 419
10 84 23 89 0 759
68 66 58 58 0 559
30 53 20 61 0 339
51 24 64 19 0 659
10 68 22 63 0 139
43 14 47 0 0 899
29 67 37 77 0 399
25 94 40 91 0 459
4 6 18 2 0 239
84 86 98 90 0 959
17 10 15 26 0 459
83 56 89 68 0 499
51 27 62 20 0 279
76 74 76 56 0 479
33 15 37 1 0 239
25 21 8 20 0 319
26 36 21 49 0 159
14 21 13 4 0 99
13 5 20 16 0 119
6 53 10 39 0 979
34 49 42 39 0 219
16 10 18 26 0 79
51 23 35 21 0 239
9 18 1 28 0 139
22 8 12 0 0 919
45 48 41 34 0 419
4 85 9 98 0 379
82 50 82 32 0 799
1 47 4 32 0 439
8 75 18 67 0 699
34 81 33 64 0 499
27 74 39 79 0 319
27 42 30 57 0 539
76 25 81 38 0 699
86 26 95 35 0 679
70 55 64 67 0 379
15 19 26 13 0 139
56 48 59 33 0 879
82 53 65 52 0 659
19 2 19 20 0 219
32 41 26 53 0 219
17 36 28 29 0 539
25 42 29 55 0 599
68 28 78 36 0 839
34 26 21 21 0 119
15 12 0 15 0 539
20 14 6 10 0 79
0 1 11 8 0 19
20 2 20 20 0 79
27 31 15 37 0 759
35 87 26 96 0 759
59 51 68 60 0 399
9 45 1 35 0 159
41 7 40 24 0 239
26 79 9 80 0 299
62 61 46 63 0 859
48 33 57 24 0 459
45 50 39 38 0 899
94 6 80 2 0 759
47 28 32 25 0 939
21 1 34 6 0 79
20 43 12 33 0 139
31 27 35 41 0 999
47 21 47 39 0 599
17 3 5 9 0 39
48 31 38 23 0 219
8 29 19 22 0 59
52 76 35 75 0 519
0 1 16 3 0 19
38 18 21 19 0 639
10 8 22 2 0 39
30 37 17 42 0 179
19 68 11 78 0 379
12 22 29 21 0 199
12 5 12 23 0 339
14 69 13 86 0 259
6 44 4 60 0 719
20 74 12 65 0 299
3 8 18 5 0 179
15 29 7 39 0 959
28 48 24 62 0 359
19 86 27 77 0 199
68 97 56 91 0 339
44 32 45 15 0 319
24 78 34 86 0 439
32 14 19 9 0 239
62 17 55 6 0 179
15 27 8 16 0 119
94 33 88 45 0 859
70 98 61 90 0 739
79 53 94 56 0 479
74 57 75 40 0 619
69 58 64 45 0 859
60 67 61 84 0 739
40 48 40 66 0 359
27 76 15 70 0 659
61 60 59 44 0 219
14 85 9 72 0 699
12 60 25 55 0 239
57 55 74 54 0 639
23 61 10 66 0 759
9 11 19 19 0 39
21 2 35 6 0 259
0 26 1 43 0 319
21 37 14 48 0 159
14 39 19 52 0 859
51 75 48 90 0 919
93 11 80 6 0 799
60 79 53 90 0 419
77 47 81 61 0 559
10 8 26 6 0 39
26 38 16 30 0 799
17 59 19 43 0 239
0 1 8 11 0 19
8 10 6 26 0 39
25 26 11 22 0 699
5 34 22 35 0 59
45 61 40 48 0 719
42 57 25 58 0 779
24 46 12 40 0 359
51 78 34 79 0 499
58 54 43 51 0 759
13 1 7 13 0 919
12 6 17 18 0 219
42 57 33 48 0 219
26 33 32 21 0 739
41 26 39 42 0 779
0 1 8 11 0 19
16 21 6 13 0 59
15 56 14 39 0 219
29 75 16 80 0 999
18 85 21 70 0 739
18 21 16 37 0 139
54 65 62 55 0 379
64 85 81 86 0 499
22 51 35 56 0 459
0 1 8 11 0 19
30 20 30 2 0 719
66 63 77 56 0 939
11 71 18 82 0 679
24 44 10 40 0 559
93 86 83 94 0 899
31 83 47 81 0 679
17 28 16 45 0 99
62 19 58 33 0 139
25 60 12 55 0 579
55 76 67 81 0 599
29 17 22 28 0 399
23 25 18 38 0 119
36 10 53 9 0 79
50 54 45 41 0 159
41 57 34 67 0 419
33 80 42 71 0 299
17 70 18 53 0 539
33 32 29 18 0 379
32 78 48 76 0 599
1 17 6 30 0 39
0 1 12 7 0 19
77 77 67 85 0 279
31 31 16 28 0 559
10 80 21 73 0 759
85 66 94 75 0 819
35 96 51 98 0 539
0 1 8 11 0 19
19 47 21 63 0 599
73 33 73 51 0 759
28 68 12 70 0 279
14 46 6 55 0 179
28 1 37 10 0 179
27 13 21 1 0 159
56 89 51 76 0 899
28 74 30 90 0 679
13 52 26 47 0 259
24 10 14 18 0 239
33 51 50 50 0 119
14 15 12 31 0 219
20 9 17 23 0 119
10 76 8 91 0 619
56 22 43 27 0 119
35 4 29 16 0 499
35 27 52 28 0 719
25 94 35 86 0 739
65 37 65 55 0 919
20 70 3 71 0 679
20 84 30 76 0 439
45 66 62 67 0 939
21 21 21 3 0 239
26 87 29 72 0 499
31 16 23 26 0 579
85 55 76 46 0 999
35 40 44 49 0 499
45 59 40 72 0 879
24 96 27 81 0 639
23 69 24 53 0 619
57 12 52 25 0 619
86 22 90 36 0 679
48 4 33 1 0 399
31 25 35 39 0 159
63 0 49 4 0 459
6 52 15 61 0 239
19 20 19 38 0 59
19 49 32 44 0 479
21 40 8 35 0 179
78 89 67 82 0 699
48 20 46 4 0 319
62 54 66 40 0 399
79 23 93 20 0 819
52 71 57 58 0 779
26 58 29 43 0 319
37 83 27 75 0 639
10 8 14 22 0 39
33 68 31 84 0 179
49 72 32 71 0 619
70 97 54 99 0 699
25 62 41 61 0 319
23 4 38 7 0 59
55 60 69 64 0 459
25 1 40 3 0 99
16 30 19 45 0 199
28 11 30 27 0 139
34 53 39 40 0 939
40 58 40 76 0 519
0 1 6 13 0 19
46 22 61 24 0 139
9 9 0 0 0 119
67 66 75 76 0 659
36 39 33 54 0 99
92 36 75 35 0 999
28 81 28 63 0 499
70 65 80 73 0 939
60 36 64 50 0 919
57 74 48 83 0 339
27 43 33 55 0 399
33 54 34 37 0 419
34 36 19 33 0 439
19 34 20 51 0 459
45 65 43 81 0 919
27 9 43 7 0 919
66 80 63 66 0 619
14 69 26 63 0 539
28 36 35 47 0 399
24 13 24 31 0 59
22 53 28 65 0 539
74 66 66 76 0 919
58 26 63 13 0 279
48 66 52 79 0 659
52 78 64 72 0 679
64 71 66 55 0 699
66 56 80 60 0 719
62 16 79 17 0 719
95 32 96 15 0 739
37 23 26 16 0 279
79 77 81 93 0 799
79 17 87 7 0 519
69 87 72 72 0 839
51 69 61 61 0 199
74 58 77 73 0 879
5 2 11 13 0 559
36 28 33 14 0 219
45 79 58 74 0 559
32 14 30 30 0 599
78 71 64 67 0 979
35 50 51 48 0 859
22 50 24 66 0 679
17 30 11 42 0 579
32 83 34 67 0 739
11 76 28 75 0 939
25 71 42 72 0 999
35 13 36 30 0 199
63 93 55 83 0 999
60 57 45 54 0 659
71 71 56 68 0 679
15 14 31 12 0 699
56 69 46 77 0 699
64 17 57 6 0 859
71 45 59 40 0 859
7 5 21 9 0 279
18 0 32 3 0 259
25 5 30 17 0 299
31 9 31 27 0 879
61 63 64 48 0 759
8 55 18 63 0 819
23 86 8 84 0 799
46 40 42 54 0 559
31 33 38 44 0 439
4 32 16 26 0 639
8 34 10 50 0 119
67 94 64 79 0 739
73 61 77 48 0 699
12 39 27 42 0 379
29 21 45 22 0 459
62 18 55 7 0 119
17 38 28 45 0 939
76 19 81 32 0 939
79 18 78 1 0 739
30 95 30 77 0 899
37 38 24 43 0 819
11 50 13 66 0 219
59 42 53 54 0 499
3 29 10 40 0 79
60 88 68 78 0 799
39 7 35 21 0 159
22 68 36 64 0 759
2 54 15 49 0 79
25 17 35 25 0 279
31 22 31 4 0 859
70 21 58 15 0 299
18 19 4 15 0 619
27 38 21 50 0 539
18 18 24 6 0 279
16 85 15 68 0 379
14 4 16 20 0 999
58 20 54 34 0 679
0 1 10 9 0 19
3 54 12 45 0 659
73 95 56 96 0 639
51 59 50 42 0 239
47 65 33 69 0 159
31 7 32 24 0 319
65 31 68 46 0 599
57 1 57 19 0 319
43 3 43 21 0 159
4 14 12 4 0 199
34 25 41 35 0 479
55 20 45 12 0 539
39 31 40 14 0 239
18 7 35 6 0 379
62 27 73 34 0 739
5 42 15 34 0 979
10 91 0 83 0 699
25 21 23 6 0 619
38 3 29 12 0 539
76 48 83 37 0 599
38 9 33 22 0 979
29 17 34 4 0 439
19 46 13 34 0 219
45 24 32 19 0 259
0 1 5 14 0 19
76 79 83 90 0 619
34 73 46 67 0 579
40 70 43 56 0 899
81 67 91 59 0 559
22 6 22 24 0 599
22 25 28 13 0 619
53 19 43 27 0 159
11 32 15 46 0 339
55 47 72 48 0 999
85 48 88 63 0 699
59 20 62 5 0 219
94 28 88 17 0 819
48 65 65 66 0 459
55 41 67 47 0 719
72 23 63 32 0 259
34 73 45 66 0 739
49 49 35 53 0 319
91 90 82 81 0 859
55 83 64 92 0 879
5 31 4 14 0 279
98 80 82 78 0 719
61 61 53 71 0 439
77 85 70 96 0 919
62 74 71 83 0 959
89 53 93 39 0 599
74 35 58 37 0 659
13 36 27 32 0 619
31 54 29 38 0 939
71 62 84 67 0 939
33 21 36 36 0 479
27 25 42 22 0 119
1 1 8 11 0 19
98 32 95 18 0 939
27 85 32 72 0 599
27 52 18 60 0 879
15 60 2 55 0 259
26 54 43 53 0 239
26 49 9 48 0 659
56 18 40 20 0 279
40 19 45 6 0 299
55 81 53 65 0 359
77 4 84 15 0 659
44 38 43 55 0 199
72 19 80 29 0 859
15 41 9 29 0 159
29 54 17 48 0 219
42 54 33 63 0 399
34 68 48 64 0 439
17 40 4 35 0 299
49 51 44 38 0 199
26 10 15 17 0 159
29 84 34 71 0 819
8 46 5 61 0 359
42 17 39 32 0 219
15 31 6 22 0 599
51 19 63 13 0 599
50 33 62 27 0 579
7 20 12 7 0 659
19 60 32 65 0 259
0 1 6 13 0 19
34 74 51 73 0 439
35 97 31 83 0 719
76 31 63 36 0 779
25 77 19 88 0 299
21 35 37 37 0 799
30 29 38 19 0 619
6 96 16 88 0 639
2 45 16 41 0 139
33 33 43 41 0 879
17 65 11 53 0 959
33 95 32 78 0 759
49 36 55 24 0 939
20 83 23 69 0 879
66 90 70 76 0 679
82 84 93 78 0 539
17 49 19 65 0 439
9 56 26 55 0 539
24 65 33 56 0 699
76 21 70 33 0 779
11 55 16 68 0 399
11 61 8 76 0 119
28 5 43 2 0 139
37 27 21 25 0 159
28 59 43 62 0 219
52 75 36 77 0 619
98 95 88 87 0 979
33 64 38 51 0 419
3 10 13 17 0 279
24 37 36 42 0 279
36 41 44 31 0 299
28 35 36 45 0 219
42 73 39 88 0 459
63 79 52 72 0 719
44 16 52 25 0 379
80 75 94 71 0 859
54 9 51 24 0 419
24 91 16 81 0 979
49 40 65 42 0 459
65 41 54 34 0 479
74 12 90 10 0 479
13 40 15 24 0 819
74 39 88 35 0 539
39 44 31 34 0 419
72 72 56 71 0 859
18 17 29 10 0 379
69 40 65 54 0 619
25 60 8 59 0 619
37 63 39 47 0 439
78 46 80 30 0 879
57 43 45 49 0 359
77 47 76 30 0 719
6 43 11 56 0 379
80 22 89 31 0 839
68 12 76 22 0 599
98 27 84 30 0 799
11 41 2 50 0 599
20 25 35 22 0 619
25 16 19 28 0 179
36 34 33 49 0 799
14 21 25 14 0 59
0 1 7 12 0 19
25 42 16 33 0 419
34 26 33 10 0 339
19 25 18 8 0 359
18 39 13 26 0 139
14 47 15 64 0 699
17 1 20 16 0 279
16 22 27 15 0 119
50 16 56 27 0 859
14 39 15 22 0 659
72 38 65 49 0 479
19 8 2 7 0 259
46 56 58 62 0 399
62 79 47 76 0 859
19 6 26 17 0 59
7 35 23 33 0 119
15 33 15 51 0 359
21 45 23 29 0 759
16 50 4 44 0 279
84 64 87 49 0 559
83 35 69 39 0 439
31 54 47 56 0 779
29 1 22 12 0 359
20 4 25 17 0 79
39 52 35 66 0 619
20 39 4 37 0 939
0 22 10 30 0 79
10 96 24 92 0 839
6 29 6 11 0 59
56 23 61 10 0 659
0 1 4 15 0 19
84 77 68 79 0 779
35 14 38 29 0 659
73 16 63 23 0 399
0 1 15 4 0 19
9 69 4 82 0 439
63 26 80 25 0 539
31 3 39 13 0 879
82 14 83 31 0 679
41 21 54 16 0 279
19 60 9 52 0 259
90 42 82 52 0 559
20 23 3 24 0 859
51 30 51 12 0 779
64 68 49 71 0 599
51 83 66 86 0 519
46 86 46 68 0 439
37 36 33 22 0 339
83 33 71 27 0 599
59 32 75 30 0 899
4 14 21 13 0 719
28 32 13 35 0 159
12 90 26 86 0 879
42 70 32 62 0 319
22 15 21 32 0 99
42 44 32 52 0 799
5 13 2 28 0 39
2 27 18 25 0 59
3 23 13 31 0 799
13 32 13 50 0 299
6 88 1 75 0 319
45 38 61 40 0 459
27 84 26 67 0 899
42 11 38 25 0 859
3 7 10 18 0 199
20 15 4 13 0 139
33 34 37 48 0 379
47 14 50 29 0 779
3 6 20 5 0 59
39 36 34 24 0 959
41 21 29 27 0 319
36 55 36 73 0 779
46 68 46 86 0 599
44 78 52 88 0 999
37 71 49 66 0 579
32 14 49 13 0 279
6 77 1 90 0 259
13 53 30 52 0 319
52 27 52 45 0 259
75 64 68 53 0 499
64 50 64 68 0 279
25 17 34 8 0 159
60 31 56 17 0 419
83 50 87 36 0 739
81 67 74 56 0 599
16 17 30 21 0 219
37 49 26 42 0 319
75 61 85 53 0 759
78 57 89 64 0 299
62 94 68 82 0 799
17 27 5 21 0 159
53 91 37 89 0 439
22 28 39 29 0 159
58 14 52 2 0 999
90 42 73 43 0 799
22 36 7 33 0 119
23 18 23 0 0 179
78 51 68 59 0 859
68 60 58 68 0 879
36 88 27 97 0 879
84 97 88 83 0 899
37 30 29 21 0 799
48 48 61 43 0 839
2 16 17 19 0 39
0 1 6 13 0 19
40 88 56 90 0 879
14 4 31 5 0 39
57 43 55 59 0 439
46 68 58 74 0 359
24 13 24 30 0 119
16 46 17 29 0 119
46 26 43 12 0 859
27 35 29 19 0 159
89 3 99 11 0 479
81 62 79 78 0 779
36 19 31 32 0 539
0 1 13 6 0 19
50 69 43 80 0 579
33 43 49 45 0 359
24 73 19 60 0 539
35 38 42 48 0 519
20 81 11 72 0 299
2 15 8 3 0 259
73 64 83 72 0 219
78 30 82 16 0 999
10 8 22 14 0 39
37 67 22 64 0 439
22 63 16 51 0 459
94 66 87 55 0 839
67 10 74 21 0 859
19 45 25 33 0 679
35 76 23 70 0 539
36 52 36 35 0 779
18 41 30 47 0 339
24 78 12 84 0 599
71 70 79 80 0 619
10 47 1 38 0 339
16 87 20 73 0 659
18 28 28 21 0 299
28 48 17 41 0 799
28 70 35 81 0 399
29 80 33 94 0 739
17 28 27 36 0 139
29 42 46 43 0 819
36 90 29 79 0 799
33 44 21 50 0 419
45 49 56 42 0 999
35 28 49 32 0 619
41 32 39 47 0 439
4 13 0 27 0 299
71 39 87 41 0 919
87 42 91 56 0 939
91 57 90 74 0 959
90 75 94 89 0 979
69 60 61 70 0 179
13 47 28 49 0 339
57 33 42 30 0 559
53 14 53 32 0 299
83 86 67 84 0 579
0 31 15 28 0 99
40 75 52 69 0 539
84 32 97 37 0 959
22 68 22 86 0 799
35 58 19 60 0 619
25 33 12 38 0 799
34 64 34 82 0 479
43 8 35 18 0 739
21 46 29 36 0 139
30 34 20 42 0 679
28 31 33 43 0 399
0 22 3 7 0 319
19 5 3 7 0 159
23 58 7 60 0 499
18 17 17 0 0 259
8 32 20 38 0 399
70 8 68 24 0 879
25 6 30 19 0 59
37 10 53 12 0 939
65 56 80 53 0 619
18 33 9 24 0 419
22 26 16 14 0 519
94 79 93 63 0 879
39 20 54 17 0 179
56 95 73 94 0 499
77 59 90 64 0 719
56 41 64 31 0 539
94 74 80 70 0 519
45 14 44 31 0 779
83 71 75 81 0 239
0 1 7 12 0 19
11 92 1 84 0 659
47 82 63 80 0 699
30 84 43 79 0 439
9 11 2 22 0 79
50 40 34 38 0 479
34 78 24 71 0 219
37 49 33 63 0 839
5 62 3 46 0 619
21 69 10 76 0 759
47 68 59 62 0 539
30 76 40 68 0 919
51 83 67 81 0 759
26 17 41 20 0 299
10 13 24 17 0 339
17 21 18 38 0 999
34 93 51 92 0 619
38 31 33 18 0 259
84 3 93 12 0 779
38 27 26 21 0 99
17 82 23 93 0 479
8 79 4 65 0 819
27 44 23 30 0 699
16 44 9 55 0 159
49 86 35 90 0 539
5 15 15 7 0 39
29 51 32 36 0 479
51 32 44 43 0 819
46 81 45 64 0 899
18 35 24 47 0 99
40 28 43 43 0 279
69 73 60 82 0 919
12 34 22 26 0 119
64 36 72 46 0 839
44 30 43 13 0 639
25 90 35 98 0 699
1 86 14 91 0 419
71 84 75 98 0 619
19 85 34 88 0 759
54 49 67 54 0 659
24 82 26 66 0 879
10 96 25 93 0 439
47 24 30 23 0 219
7 42 17 34 0 659
21 56 21 38 0 579
86 78 72 82 0 759
20 53 18 69 0 619
18 68 30 74 0 639
30 75 28 59 0 659
33 20 18 17 0 739
64 33 55 42 0 899
9 41 9 23 0 119
20 42 16 29 0 739
73 46 56 47 0 819
30 15 23 26 0 99
35 15 51 17 0 679
41 28 25 27 0 999
42 49 49 38 0 779
24 9 28 23 0 59
17 63 30 67 0 339
31 52 28 67 0 899
66 97 49 96 0 779
72 83 60 89 0 779
35 37 31 51 0 879
24 65 14 73 0 779
81 91 71 83 0 599
25 43 26 26 0 999
26 77 25 93 0 719
67 64 53 68 0 939
34 85 42 95 0 459
37 57 21 55 0 439
35 63 33 79 0 279
39 49 28 56 0 399
7 19 3 5 0 79
37 65 32 52 0 359
36 51 49 56 0 299
50 33 51 50 0 219
32 44 43 51 0 399
59 52 59 70 0 219
32 28 34 44 0 239
81 79 81 61 0 759
22 46 25 31 0 159
23 62 29 50 0 939
95 49 80 52 0 359
11 14 2 5 0 539
75 65 75 47 0 399
14 31 11 16 0 259
27 69 18 78 0 599
86 47 90 61 0 899
4 11 16 6 0 639
83 36 78 23 0 619
44 54 32 48 0 279
19 42 30 48 0 959
47 48 58 41 0 539
23 34 21 18 0 139
19 20 28 11 0 59
34 26 25 35 0 159
60 62 73 67 0 639
20 19 7 14 0 539
24 26 38 22 0 119
40 27 36 41 0 139
51 52 51 34 0 899
47 85 62 88 0 439
16 29 31 32 0 99
26 47 36 39 0 219
42 6 26 4 0 159
18 15 1 14 0 179
21 44 22 27 0 139
45 5 62 4 0 719
49 69 51 53 0 879
27 82 20 93 0 659
33 50 29 64 0 819
79 91 93 87 0 879
77 37 81 51 0 959
15 13 3 19 0 359
45 45 36 54 0 559
0 1 2 17 0 19
28 66 32 52 0 919
3 15 14 8 0 39
29 57 22 67 0 579
80 30 68 36 0 879
76 21 62 17 0 699
5 42 16 49 0 99
23 81 26 96 0 159
40 86 47 97 0 399
1 42 2 59 0 339
27 76 15 82 0 219
44 96 51 85 0 479
23 33 16 22 0 279
7 17 12 4 0 319
0 2 3 16 0 19
67 82 62 95 0 779
22 72 31 80 0 339
11 16 6 29 0 99
22 35 14 25 0 419
35 14 24 7 0 459
14 89 15 72 0 419
32 24 17 27 0 959
21 22 34 27 0 139
21 21 37 23 0 439
19 59 13 48 0 499
41 11 24 12 0 959
20 16 16 29 0 59
48 29 64 30 0 399
26 87 27 70 0 579
47 82 55 72 0 579
55 14 51 0 0 579
42 46 40 62 0 519
38 6 49 13 0 319
54 25 40 21 0 179
81 75 78 60 0 959
14 19 21 8 0 139
93 64 82 71 0 899
25 13 13 19 0 199
36 53 25 46 0 579
77 34 60 35 0 659
52 33 66 30 0 919
29 41 28 57 0 339
93 89 99 77 0 639
15 17 18 2 0 799
29 52 25 66 0 899
15 22 3 28 0 59
20 55 3 54 0 939
56 9 42 5 0 139
51 69 43 59 0 439
27 43 11 45 0 999
34 24 51 25 0 679
53 8 62 17 0 99
2 18 18 16 0 39
16 39 11 27 0 119
15 71 7 61 0 319
18 51 15 66 0 339
17 40 1 42 0 299
19 27 19 45 0 439
10 83 21 90 0 939
46 33 48 17 0 179
18 56 26 46 0 439
35 60 40 47 0 339
53 61 66 56 0 999
45 79 62 80 0 839
6 14 6 32 0 39
71 84 77 72 0 939
12 31 9 46 0 139
11 98 28 99 0 419
20 19 10 27 0 99
12 33 20 42 0 119
12 57 27 60 0 819
0 34 13 39 0 439
21 7 24 22 0 159
30 53 37 64 0 339
18 53 33 50 0 99
29 34 37 24 0 339
14 58 9 45 0 719
7 39 16 30 0 239
50 91 51 75 0 639
38 12 27 5 0 599
53 55 47 67 0 519
60 41 61 25 0 879
52 16 51 33 0 519
46 12 46 30 0 679
10 67 21 60 0 779
32 75 36 89 0 859
50 35 39 42 0 739
47 73 34 68 0 519
34 23 17 22 0 979
24 61 25 78 0 379
9 73 2 62 0 919
18 48 18 66 0 639
79 37 86 48 0 519
0 20 15 23 0 39
9 7 1 17 0 79
31 52 28 67 0 979
70 77 72 61 0 699
52 21 56 8 0 319
77 24 82 37 0 819
38 4 46 14 0 479
84 14 94 22 0 679
57 29 63 17 0 799
28 73 28 91 0 499
76 54 68 64 0 439
21 47 5 49 0 359
3 72 7 58 0 699
58 84 51 95 0 559
97 53 94 38 0 599
47 23 41 35 0 359
37 59 28 67 0 579
77 49 94 50 0 519
49 67 56 56 0 599
61 14 73 8 0 419
66 75 74 65 0 459
4 14 10 2 0 639
99 30 99 13 0 999
20 55 4 53 0 299
31 16 34 1 0 99
49 31 58 40 0 319
19 72 21 88 0 499
15 62 6 53 0 219
66 87 59 76 0 659
19 80 31 74 0 299
72 10 72 28 0 799
83 17 90 6 0 839
26 32 14 38 0 319
82 37 80 22 0 719
42 21 40 37 0 939
50 34 51 51 0 159
16 4 20 18 0 39
61 39 63 23 0 479
19 68 35 70 0 859
34 74 40 86 0 919
7 13 16 22 0 39
70 33 74 19 0 659
46 60 55 69 0 719
30 38 33 53 0 959
0 37 3 22 0 779
22 11 37 8 0 379
66 12 78 18 0 279
68 85 54 89 0 819
65 58 63 74 0 779
20 17 9 24 0 59
21 89 19 73 0 479
30 74 17 69 0 519
8 65 25 64 0 299
38 81 22 83 0 739
25 77 23 62 0 739
38 74 30 64 0 599
11 64 26 62 0 599
17 22 17 39 0 279
40 49 24 51 0 939
72 79 55 78 0 779
6 27 21 30 0 139
8 41 20 47 0 139
4 30 15 36 0 99
26 12 26 30 0 159
5 39 20 36 0 159
14 86 6 76 0 839
0 1 0 19 0 19
55 37 59 23 0 439
23 15 22 32 0 399
50 74 59 83 0 959
21 88 14 99 0 299
4 16 20 18 0 39
15 65 21 53 0 319
21 52 31 44 0 339
72 14 56 16 0 239
42 39 38 25 0 379
38 87 42 73 0 459
95 58 94 41 0 979
67 35 67 53 0 719
15 42 7 51 0 519
10 64 22 70 0 519
73 26 65 17 0 559
56 23 69 18 0 539
29 31 43 35 0 159
20 51 29 43 0 599
26 89 33 78 0 659
28 82 18 74 0 879
15 33 8 22 0 119
34 66 28 54 0 759
25 75 24 92 0 319
9 29 10 12 0 319
6 37 2 51 0 699
74 90 65 81 0 999
0 1 12 7 0 19
45 33 39 45 0 399
55 95 55 78 0 779
32 52 29 67 0 559
49 65 32 64 0 639
35 22 37 6 0 99
88 96 88 78 0 839
11 14 22 7 0 579
34 87 34 69 0 899
1 10 0 27 0 819
53 76 68 79 0 739
27 96 16 89 0 899
75 99 66 90 0 639
14 39 24 47 0 339
25 15 15 23 0 79
15 14 32 15 0 299
18 75 21 60 0 659
35 68 35 86 0 579
2 41 17 38 0 99
60 73 70 65 0 499
44 61 61 62 0 419
15 31 15 13 0 279
33 26 34 43 0 99
8 10 21 5 0 199
10 7 6 21 0 419
0 1 17 2 0 19
75 46 83 36 0 419
11 15 6 28 0 279
37 32 35 48 0 219
57 45 60 30 0 399
19 7 30 14 0 79
37 24 26 31 0 299
16 2 24 12 0 39
23 59 25 43 0 399
42 11 33 20 0 339
49 10 55 22 0 699
4 24 5 41 0 959
35 83 24 90 0 959
20 52 27 62 0 499
21 22 36 25 0 939
32 17 29 32 0 139
21 87 24 72 0 519
1 19 14 14 0 199
16 27 25 18 0 779
7 75 24 76 0 279
25 7 28 22 0 639
16 43 20 29 0 379
0 85 17 84 0 499
93 67 98 80 0 919
38 18 26 23 0 139
18 20 29 27 0 199
1 27 12 34 0 959
37 42 20 43 0 939
23 40 15 30 0 219
29 30 39 38 0 819
14 72 12 56 0 799
36 23 31 10 0 859
17 40 22 27 0 179
31 53 19 59 0 479
47 27 48 10 0 919
48 11 33 14 0 939
10 10 23 5 0 39
49 4 59 12 0 579
46 69 34 63 0 459
22 70 22 53 0 579
45 71 43 87 0 999
46 1 48 17 0 459
56 87 61 74 0 899
33 66 24 57 0 579
78 21 93 24 0 819
97 63 95 47 0 799
50 1 53 16 0 499
32 45 35 60 0 899
20 15 23 0 0 99
33 25 41 35 0 239
24 15 38 18 0 359
2 65 1 48 0 419
28 12 24 26 0 279
19 21 25 33 0 239
26 65 11 62 0 579
15 35 24 43 0 339
26 20 27 3 0 119
32 35 18 31 0 99
45 65 31 61 0 759
35 47 22 52 0 239
78 24 70 34 0 639
27 36 23 22 0 899
24 58 33 49 0 479
26 81 31 94 0 859
22 15 20 31 0 59
47 45 51 31 0 399
2 4 6 17 0 699
48 87 45 72 0 739
14 58 8 46 0 799
28 23 44 21 0 659
36 76 43 65 0 639
21 10 23 26 0 59
54 34 38 32 0 319
31 32 30 49 0 419
57 97 65 87 0 719
43 57 38 70 0 919
17 20 4 25 0 59
25 64 39 60 0 179
62 47 47 44 0 379
47 32 35 38 0 939
50 3 48 19 0 299
38 8 26 2 0 79
7 34 13 46 0 139
3 12 5 27 0 159
29 51 14 48 0 239
22 38 11 31 0 999
22 62 20 47 0 659
60 55 55 42 0 979
5 27 17 33 0 999
16 30 11 17 0 159
16 4 22 16 0 39
21 17 21 34 0 59
49 57 45 43 0 319
17 29 12 16 0 79
27 2 12 5 0 139
0 1 14 5 0 19
7 57 17 49 0 719
17 35 31 39 0 479
19 29 23 43 0 199
42 25 41 8 0 219
18 58 24 46 0 679
16 83 24 73 0 979
63 59 75 65 0 479
20 41 22 25 0 699
42 12 34 22 0 479
29 22 32 37 0 819
31 25 22 33 0 379
18 97 35 98 0 699
1 74 14 69 0 899
85 98 93 88 0 619
13 47 12 30 0 159
18 68 11 79 0 599
58 44 73 47 0 799
42 31 35 20 0 579
0 1 15 4 0 19
0 1 7 12 0 19
78 36 67 42 0 819
37 15 48 8 0 159
27 26 29 11 0 559
5 10 5 27 0 79
6 68 22 70 0 319
83 1 96 6 0 999
11 7 26 10 0 39
82 51 81 68 0 579
41 70 27 74 0 539
9 30 21 36 0 219
31 2 27 15 0 119
21 72 23 88 0 779
17 43 13 29 0 799
12 28 11 12 0 819
11 11 4 0 0 839
12 27 5 38 0 59
26 47 22 61 0 659
29 4 40 11 0 899
36 63 36 81 0 779
18 61 11 50 0 899
10 38 19 47 0 999
3 4 1 20 0 99
48 50 57 41 0 959
43 33 34 42 0 759
64 67 57 56 0 619
9 27 26 26 0 599
7 28 9 44 0 59
24 74 31 85 0 999
67 27 72 14 0 719
13 81 1 75 0 879
17 28 12 41 0 459
92 84 82 77 0 739
35 69 52 68 0 399
19 19 26 30 0 279
12 14 12 32 0 479
33 78 20 83 0 259
73 11 69 24 0 339
21 11 32 4 0 679
4 1 20 3 0 59
2 65 5 80 0 339
5 79 11 67 0 359
77 43 89 49 0 559
58 76 55 90 0 379
26 15 17 6 0 939
5 23 10 10 0 919
82 62 72 70 0 919
10 41 8 57 0 299
89 41 98 32 0 879
54 84 38 82 0 719
59 63 46 68 0 559
58 54 46 60 0 879
18 36 24 47 0 859
31 7 25 19 0 599
5 28 12 17 0 99
66 77 72 65 0 899
39 40 36 25 0 179
73 57 66 67 0 979
83 66 83 48 0 779
18 25 1 24 0 99
50 63 53 48 0 739
81 75 83 59 0 999
49 33 51 17 0 639
40 11 54 8 0 79
81 18 82 35 0 779
61 7 50 0 0 479
31 19 34 4 0 199
88 18 75 23 0 519
44 1 58 5 0 499
66 29 77 36 0 939
50 43 44 55 0 259
12 83 5 72 0 859
55 74 72 75 0 379
37 50 37 32 0 779
0 1 3 16 0 19
42 19 31 12 0 739
19 34 16 49 0 179
66 28 53 33 0 999
0 28 3 13 0 839
13 31 9 17 0 119
61 9 44 10 0 679
25 34 21 48 0 699
17 19 2 16 0 239
10 12 2 22 0 79
71 26 60 33 0 619
17 79 2 82 0 239
45 48 29 50 0 379
12 37 19 48 0 579
82 34 83 18 0 819
60 54 69 46 0 219
40 18 34 30 0 159
67 89 58 98 0 359
18 44 2 42 0 399
11 12 25 8 0 59
89 24 77 30 0 659
33 36 26 25 0 99
50 17 50 35 0 139
7 73 8 56 0 359
22 52 24 36 0 239
28 11 21 0 0 59
48 2 44 16 0 199
19 51 32 46 0 879
98 30 94 16 0 439
18 10 27 19 0 159
78 90 94 92 0 679
32 72 37 85 0 639
56 47 40 46 0 919
62 72 51 65 0 479
31 78 46 81 0 699
31 55 45 59 0 359
17 24 29 30 0 139
28 98 15 93 0 759
20 17 15 30 0 299
60 61 53 72 0 779
25 50 37 56 0 419
20 35 22 51 0 179
24 27 10 23 0 299
13 53 5 43 0 959
29 58 29 76 0 979
13 67 24 60 0 919
14 38 31 37 0 279
15 67 16 84 0 959
63 87 48 90 0 519
25 18 9 16 0 99
0 1 7 12 0 19
12 6 28 4 0 39
30 65 40 73 0 619
36 14 43 3 0 759
27 4 30 19 0 619
37 30 39 46 0 339
7 13 21 9 0 39
83 47 66 46 0 799
55 62 70 65 0 619
14 2 26 8 0 959
21 20 24 35 0 99
62 62 78 64 0 559
22 51 9 46 0 259
64 69 76 75 0 459
86 52 99 47 0 719
73 17 64 8 0 399
49 41 46 26 0 519
26 48 15 55 0 199
15 39 30 36 0 479
81 60 82 43 0 539
26 13 9 12 0 139
23 87 36 92 0 439
6 77 16 69 0 859
59 14 46 9 0 499
44 48 31 43 0 519
59 77 49 85 0 519
14 84 28 88 0 199
29 9 17 14 0 819
34 39 49 42 0 499
16 34 33 35 0 359
72 15 66 27 0 739
24 42 16 52 0 359
71 45 65 57 0 999
12 32 0 38 0 759
33 19 44 12 0 279
29 15 15 11 0 519
43 24 30 29 0 339
14 34 5 43 0 79
29 61 25 47 0 119
14 52 6 42 0 719
7 16 16 7 0 59
29 85 22 74 0 239
5 64 17 58 0 219
36 43 29 32 0 859
16 31 16 49 0 259
29 73 14 76 0 639
41 94 42 77 0 419
84 69 99 67 0 959
48 81 47 98 0 619
22 14 35 9 0 239
12 14 21 5 0 559
11 7 13 23 0 39
93 23 93 41 0 839
53 31 69 29 0 319
15 28 0 25 0 99
1 36 10 28 0 199
24 30 38 26 0 79
32 29 23 38 0 339
18 97 12 85 0 659
16 10 16 28 0 199
46 59 45 76 0 699
37 36 36 53 0 979
26 19 23 34 0 259
45 5 35 13 0 319
12 22 11 39 0 359
75 21 71 8 0 539
35 34 38 19 0 899
38 63 32 75 0 539
32 51 20 57 0 819
16 80 21 67 0 999
11 28 23 34 0 139
10 42 25 40 0 579
37 16 25 22 0 299
18 29 4 26 0 199
41 39 58 40 0 319
69 37 59 44 0 459
12 40 25 35 0 479
23 27 28 14 0 599
46 71 46 88 0 679
33 13 37 27 0 959
35 84 35 67 0 559
80 51 75 64 0 379
22 16 23 33 0 639
78 86 71 97 0 719
97 97 91 85 0 559
74 56 67 45 0 799
2 55 13 48 0 739
41 41 25 39 0 479
0 1 3 16 0 19
28 50 31 35 0 359
1 16 9 6 0 59
27 35 36 44 0 839
28 76 11 77 0 799
82 83 93 89 0 759
12 34 28 32 0 159
19 5 21 21 0 919
45 50 43 66 0 899
81 28 73 38 0 779
27 8 27 26 0 259
46 69 62 71 0 579
29 62 18 69 0 579
28 57 37 66 0 419
0 1 10 9 0 19
24 93 16 83 0 459
17 6 29 0 0 99
50 53 45 66 0 939
19 71 12 82 0 839
3 45 17 49 0 119
22 61 11 68 0 459
32 30 18 34 0 199
18 35 20 19 0 219
19 43 33 47 0 239
17 79 5 85 0 799
18 16 30 10 0 759
23 66 11 72 0 659
16 18 12 32 0 119
49 28 42 39 0 219
40 48 24 50 0 439
8 85 22 89 0 819
0 1 0 19 0 19
80 23 80 6 0 359
9 23 26 22 0 439
4 31 19 34 0 459
34 14 31 29 0 479
85 41 80 28 0 719
45 64 58 69 0 899
26 63 13 58 0 619
57 3 57 21 0 559
55 38 57 22 0 179
54 28 42 34 0 439
15 4 31 6 0 579
71 21 76 34 0 639
45 32 29 33 0 519
37 75 24 79 0 579
77 92 75 76 0 739
40 38 30 46 0 959
74 29 70 15 0 739
92 22 77 19 0 879
69 15 77 5 0 639
36 82 24 88 0 599
19 33 24 46 0 79
21 32 15 20 0 459
47 94 57 86 0 419
9 99 0 90 0 399
48 85 59 79 0 359
72 96 80 86 0 759
47 56 31 54 0 339
6 41 21 44 0 739
12 46 3 55 0 639
58 72 62 85 0 859
0 1 5 14 0 19
0 20 5 33 0 39
94 83 84 75 0 659
60 98 60 80 0 959
20 29 29 38 0 219
33 52 32 36 0 119
32 35 32 53 0 139
32 79 17 76 0 699
20 20 24 34 0 239
90 65 75 62 0 739
33 21 28 34 0 999
57 27 57 45 0 239
59 75 72 70 0 839
43 20 44 37 0 179
63 12 57 0 0 299
22 85 19 70 0 819
37 27 48 34 0 439
70 53 68 37 0 859
81 80 91 72 0 899
37 32 30 43 0 139
12 83 6 95 0 619
15 5 4 12 0 39
59 10 51 20 0 579
39 72 50 78 0 679
78 37 89 30 0 379
46 8 51 21 0 519
20 82 12 72 0 359
55 33 59 47 0 519
1 12 7 1 0 599
10 42 26 44 0 199
1 36 1 18 0 179
10 28 17 17 0 199
83 58 97 54 0 579
21 20 32 14 0 159
20 63 20 81 0 339
9 13 15 1 0 239
20 38 20 20 0 519
42 55 38 41 0 579
9 22 20 15 0 59
6 31 20 35 0 59
15 47 1 43 0 359
43 26 43 44 0 139
75 57 82 47 0 859
61 4 63 19 0 759
76 63 78 48 0 599
27 55 32 67 0 299
35 7 24 14 0 399
74 78 59 75 0 719
69 18 80 11 0 939
89 65 85 51 0 999
5 15 7 31 0 79
12 16 6 28 0 119
4 87 9 74 0 379
13 37 20 26 0 359
48 14 61 9 0 479
33 57 34 74 0 719
86 38 97 31 0 919
31 40 42 33 0 419
42 94 49 83 0 479
43 57 41 42 0 459
21 42 17 29 0 399
63 67 52 74 0 639
5 11 22 10 0 319
27 46 22 34 0 199
22 16 28 28 0 359
0 1 1 18 0 19
46 5 53 16 0 339
27 79 32 66 0 359
61 85 59 69 0 759
33 51 35 36 0 499
61 60 74 65 0 979
60 14 75 11 0 959
55 8 44 1 0 139
96 33 86 41 0 939
68 94 84 96 0 879
66 56 81 59 0 519
3 42 5 26 0 539
62 72 65 57 0 599
11 30 14 15 0 659
26 71 34 61 0 779
21 31 37 33 0 119
6 25 18 19 0 179
50 14 59 23 0 159
17 71 29 65 0 239
36 59 34 75 0 899
82 46 70 40 0 959
54 77 50 91 0 979
59 43 45 47 0 479
17 86 24 97 0 659
48 79 39 71 0 999
71 75 79 65 0 999
24 25 29 38 0 179
65 82 49 84 0 659
61 75 70 66 0 919
17 12 16 29 0 139
28 50 12 52 0 239
24 21 16 11 0 179
80 74 90 82 0 959
16 40 22 28 0 199
31 48 40 39 0 939
0 1 4 15 0 19
15 62 12 47 0 619
13 30 4 38 0 239
30 18 44 14 0 79
31 36 25 47 0 439
22 6 15 17 0 119
20 88 36 86 0 479
2 40 3 23 0 719
27 43 37 51 0 759
20 29 34 33 0 419
12 35 9 20 0 979
65 14 82 15 0 659
39 44 44 57 0 819
70 25 61 16 0 659
22 69 37 72 0 539
37 85 49 79 0 319
29 46 25 32 0 459
21 17 16 4 0 319
47 33 47 15 0 759
28 76 16 82 0 679
9 15 12 30 0 119
87 15 78 24 0 799
7 75 2 88 0 519
25 40 34 49 0 499
51 72 53 88 0 459
81 69 64 68 0 519
64 67 81 66 0 539
62 97 74 91 0 979
83 42 95 48 0 339
8 12 19 19 0 39
14 16 9 29 0 199
14 92 30 94 0 439
56 32 68 38 0 679
66 72 83 71 0 679
47 34 41 46 0 899
74 46 58 48 0 719
58 49 57 66 0 739
20 46 18 30 0 559
18 48 2 46 0 119
43 6 50 17 0 939
31 34 33 19 0 719
12 17 12 35 0 99
86 59 74 65 0 899
34 3 33 20 0 219
38 59 21 60 0 139
51 52 58 63 0 259
8 64 15 53 0 759
46 44 39 55 0 959
37 42 52 39 0 939
1 6 8 16 0 119
35 63 25 71 0 439
12 8 4 18 0 39
49 78 49 60 0 339
80 87 80 69 0 779
17 20 14 35 0 59
16 41 33 42 0 339
73 93 88 90 0 519
76 81 60 83 0 939
41 71 37 57 0 959
1 12 18 13 0 299
42 64 58 66 0 839
21 27 30 36 0 239
14 77 28 73 0 659
68 26 59 35 0 359
13 30 0 35 0 819
73 53 85 47 0 679
68 66 85 65 0 679
6 74 6 92 0 719
16 52 33 53 0 479
98 31 86 37 0 899
58 57 61 71 0 719
55 40 41 36 0 779
6 27 2 13 0 139
52 55 42 63 0 619
11 8 8 23 0 539
6 15 20 19 0 419
0 24 4 10 0 239
41 45 36 58 0 879
88 46 88 28 0 879
28 92 28 74 0 519
4 8 10 19 0 259
16 38 25 29 0 519
31 81 16 84 0 359
52 87 48 74 0 479
88 78 88 96 0 919
48 23 39 14 0 459
3 30 11 40 0 739
70 14 78 24 0 759
19 5 30 12 0 399
39 9 56 8 0 119
16 9 28 15 0 819
3 25 1 9 0 799
78 90 78 72 0 959
48 69 61 64 0 739
8 11 1 22 0 899
45 75 62 74 0 719
1 6 7 18 0 939
1 21 18 20 0 119
53 13 43 21 0 279
29 3 36 14 0 999
54 25 55 41 0 759
32 68 16 66 0 319
17 4 23 16 0 59
25 89 31 77 0 679
26 49 9 50 0 259
29 11 41 5 0 559
9 86 6 71 0 379
25 32 21 18 0 299
20 28 21 11 0 919
58 42 56 58 0 559
9 40 9 57 0 79
24 48 34 56 0 119
28 94 39 87 0 719
21 37 23 53 0 279
51 13 51 31 0 799
71 77 85 73 0 799
39 36 22 37 0 99
59 76 58 59 0 739
8 22 17 31 0 559
31 73 35 87 0 319
29 56 41 62 0 659
26 68 40 64 0 919
89 66 80 75 0 899
10 22 16 34 0 319
24 45 40 43 0 499
20 17 5 14 0 59
87 48 83 34 0 579
37 51 27 59 0 359
61 91 64 76 0 759
53 84 66 79 0 779
55 20 57 4 0 539
66 19 63 5 0 639
17 62 25 52 0 499
14 47 16 31 0 179
10 73 4 61 0 699
57 64 63 75 0 279
21 12 33 18 0 939
6 4 12 15 0 459
73 50 71 66 0 779
22 64 6 66 0 799
9 49 25 51 0 679
40 1 40 18 0 679
16 20 5 13 0 999
47 33 42 20 0 919
0 1 6 13 0 19
29 54 33 68 0 499
53 39 58 26 0 439
34 42 31 57 0 119
14 16 15 33 0 679
80 71 94 67 0 819
84 47 91 36 0 659
24 7 7 6 0 259
13 49 19 37 0 319
32 65 45 60 0 859
41 61 51 69 0 679
36 22 42 11 0 459
14 53 28 49 0 579
18 28 2 30 0 319
50 63 49 80 0 819
0 1 7 12 0 19
15 18 31 20 0 179
61 17 57 31 0 679
10 28 16 17 0 219
45 32 52 43 0 179
40 42 36 56 0 519
52 26 54 10 0 399
45 80 42 65 0 819
7 18 20 22 0 199
39 24 39 6 0 379
18 49 8 41 0 339
17 29 3 25 0 79
0 1 2 17 0 19
61 82 72 75 0 779
44 58 38 70 0 639
30 9 28 25 0 59
13 60 30 59 0 219
53 57 39 54 0 499
17 23 29 29 0 439
59 58 54 71 0 339
29 26 15 30 0 99
2 53 13 46 0 699
16 56 5 63 0 639
67 83 73 72 0 819
17 55 0 54 0 679
12 6 29 7 0 39
47 20 60 15 0 939
79 40 67 34 0 939
40 49 39 66 0 739
10 65 17 76 0 779
24 22 18 34 0 79
11 22 14 7 0 139
28 22 31 37 0 319
71 7 71 25 0 559
9 78 6 63 0 419
26 58 35 49 0 559
41 85 33 75 0 919
33 76 38 63 0 939
68 12 84 14 0 639
52 61 55 46 0 979
35 25 30 38 0 159
13 20 8 33 0 139
67 54 82 57 0 739
31 29 43 35 0 399
51 58 50 41 0 659
45 19 45 1 0 439
44 80 53 89 0 479
16 42 4 48 0 159
60 57 59 40 0 499
69 40 78 31 0 859
24 21 30 33 0 659
73 33 80 22 0 799
42 66 35 77 0 199
0 1 0 19 0 19
20 48 27 59 0 679
4 14 16 20 0 39
63 14 51 8 0 619
23 15 17 3 0 79
20 69 6 65 0 339
26 32 39 37 0 199
51 11 41 3 0 879
23 61 8 63 0 539
57 87 51 75 0 439
51 74 57 86 0 459
57 85 46 78 0 479
56 15 72 17 0 379
18 18 2 20 0 159
42 95 45 80 0 539
98 35 96 19 0 859
81 23 80 6 0 599
32 59 25 70 0 979
49 39 48 22 0 439
20 4 14 16 0 599
99 76 98 59 0 659
98 58 84 54 0 679
37 64 52 62 0 959
72 66 71 83 0 919
89 14 74 11 0 459
89 68 90 85 0 339
1 22 3 6 0 179
9 15 22 10 0 119
95 46 95 64 0 819
24 96 10 92 0 679
82 71 75 60 0 859
44 17 46 33 0 779
46 79 53 90 0 499
18 68 18 86 0 719
17 49 21 35 0 239
61 97 70 88 0 439
45 34 31 30 0 379
23 30 18 18 0 599
3 86 10 97 0 419
40 25 32 15 0 259
41 36 49 46 0 259
69 59 70 42 0 999
16 53 15 36 0 379
15 12 6 3 0 539
13 57 1 63 0 639
22 26 31 17 0 559
58 39 51 50 0 339
6 25 15 16 0 59
25 31 31 43 0 479
40 45 30 37 0 939
31 6 18 11 0 59
48 71 35 66 0 979
14 20 6 11 0 59
17 1 3 5 0 39
8 17 17 26 0 139
49 21 54 8 0 719
17 51 26 60 0 879
34 80 37 65 0 719
37 57 30 68 0 959
74 20 91 21 0 919
39 61 29 53 0 199
66 45 53 40 0 419
1 1 15 4 0 19
23 55 20 40 0 919
17 20 13 34 0 259
20 82 25 95 0 519
20 21 32 15 0 219
23 87 23 69 0 559
57 37 57 20 0 979
10 28 16 40 0 319
8 12 13 25 0 39
38 67 37 84 0 299
14 44 12 28 0 319
35 96 48 92 0 719
40 15 56 17 0 259
5 65 16 58 0 999
78 36 86 46 0 879
35 87 33 71 0 799
9 30 16 41 0 179
16 68 32 66 0 839
83 52 79 38 0 499
8 54 3 66 0 179
77 72 88 79 0 899
18 66 4 62 0 199
1 5 11 13 0 79
44 14 35 5 0 479
19 12 29 4 0 979
57 15 58 31 0 339
57 40 64 51 0 259
14 4 15 21 0 39
21 18 31 26 0 139
49 44 32 43 0 379
10 41 14 55 0 99
0 82 2 66 0 719
58 36 47 29 0 679
22 64 38 66 0 159
21 11 8 7 0 139
74 69 87 74 0 739
0 1 15 4 0 19
26 24 21 11 0 159
28 39 28 57 0 259
59 70 53 58 0 899
8 12 21 16 0 939
28 68 42 72 0 999
49 11 59 3 0 999
25 17 8 16 0 199
80 45 95 48 0 579
80 31 86 43 0 899
33 9 30 24 0 359
28 98 11 97 0 439
32 43 20 37 0 499
46 33 55 24 0 739
48 61 57 53 0 439
45 2 62 1 0 459
29 43 14 40 0 399
26 29 35 38 0 859
28 12 45 11 0 639
5 64 17 70 0 219
51 26 45 15 0 759
2 18 2 36 0 39
9 58 3 46 0 99
49 87 52 72 0 759
43 26 52 17 0 499
34 7 24 15 0 99
27 14 19 4 0 139
8 84 18 76 0 799
35 80 23 86 0 419
26 16 26 34 0 79
61 44 48 49 0 819
28 61 29 78 0 259
61 44 77 42 0 859
49 97 61 91 0 799
78 57 66 63 0 899
67 62 77 69 0 919
21 10 28 21 0 299
73 82 77 69 0 959
38 67 31 56 0 899
0 1 8 11 0 19
53 92 55 76 0 979
46 92 30 94 0 879
16 55 31 52 0 419
6 4 1 17 0 79
15 39 28 34 0 159
29 31 26 46 0 199
43 84 39 70 0 659
19 51 24 64 0 759
16 67 13 52 0 339
54 88 48 76 0 839
30 58 36 70 0 559
3 55 14 48 0 959
46 87 49 72 0 699
31 81 46 79 0 739
12 71 28 73 0 299
39 63 47 54 0 299
39 78 55 80 0 339
92 67 80 61 0 699
53 66 46 55 0 379
58 10 44 14 0 639
43 61 38 48 0 239
40 50 28 44 0 479
90 59 75 62 0 459
22 19 34 13 0 739
94 57 94 75 0 499
47 55 30 54 0 319
21 26 24 41 0 899
30 23 25 35 0 679
53 59 67 63 0 919
85 81 85 99 0 599
12 45 11 62 0 99
7 11 22 14 0 39
56 34 60 20 0 519
89 83 78 90 0 679
73 22 66 11 0 259
25 79 28 64 0 399
23 29 19 43 0 719
5 16 9 30 0 859
12 92 8 78 0 799
66 78 62 92 0 799
33 13 23 5 0 239
8 77 23 80 0 139
68 35 55 31 0 959
82 70 71 63 0 919
76 35 92 33 0 579
59 51 66 62 0 919
62 44 55 55 0 879
77 57 77 39 0 959
30 20 24 32 0 239
45 12 52 23 0 299
3 18 10 29 0 179
18 40 29 47 0 439
0 1 11 8 0 19
40 17 45 4 0 699
44 59 59 56 0 699
57 41 59 57 0 319
38 28 36 44 0 679
41 41 26 38 0 159
20 21 14 32 0 239
8 47 0 37 0 819
80 21 91 14 0 819
25 59 28 74 0 239
28 75 28 93 0 259
9 39 5 53 0 199
44 20 38 32 0 679
45 55 56 48 0 679
47 98 49 82 0 419
5 73 9 87 0 359
0 1 4 15 0 19
30 60 47 61 0 919
25 72 34 63 0 459
24 52 8 50 0 639
75 77 83 67 0 759
0 68 0 86 0 479
40 37 31 28 0 379
36 42 41 55 0 159
21 14 36 11 0 59
25 93 18 82 0 559
23 31 30 21 0 659
52 75 60 85 0 659
96 56 89 67 0 879
2 82 11 91 0 639
6 93 10 79 0 739
1 85 8 74 0 679
23 18 26 3 0 179
6 14 17 7 0 79
8 3 7 20 0 499
48 66 48 48 0 879
40 55 46 67 0 339
73 71 60 75 0 939
9 73 25 75 0 719
55 77 47 67 0 799
73 63 78 50 0 839
68 39 85 40 0 699
72 54 60 60 0 759
36 31 22 27 0 299
2 63 17 66 0 939
46 59 48 43 0 979
10 75 22 69 0 779
11 9 13 25 0 39
25 21 29 7 0 799
11 80 15 66 0 619
6 3 19 8 0 59
65 54 77 48 0 939
98 81 98 98 0 399
18 34 12 46 0 79
31 21 15 23 0 239
52 26 52 44 0 799
51 23 49 39 0 439
20 23 19 39 0 79
59 11 51 21 0 599
7 54 1 65 0 479
40 21 50 13 0 139
11 38 25 42 0 379
47 81 63 83 0 719
66 15 67 32 0 499
62 48 50 54 0 839
62 40 46 41 0 539
39 18 38 2 0 999
30 35 26 21 0 339
39 4 28 10 0 119
12 6 25 11 0 39
67 41 69 57 0 839
47 32 36 38 0 999
29 78 20 87 0 459
41 30 25 32 0 339
21 24 31 32 0 299
56 54 69 58 0 619
51 64 60 72 0 759
49 12 61 18 0 299
4 67 13 59 0 199
34 52 29 39 0 239
24 89 12 95 0 619
22 29 37 26 0 419
73 67 65 57 0 879
85 79 96 72 0 719
2 4 9 15 0 559
78 58 94 56 0 399
14 51 6 42 0 359
29 6 23 18 0 59
10 73 20 81 0 499
30 54 30 36 0 239
1 39 9 29 0 559
93 21 98 34 0 839
29 12 20 3 0 579
39 54 25 50 0 979
96 89 84 83 0 939
84 84 87 99 0 959
1 18 9 8 0 99
80 99 81 82 0 739
30 13 21 22 0 419
80 57 94 53 0 259
13 12 1 6 0 59
37 59 23 63 0 919
19 1 19 19 0 399
15 25 27 31 0 119
21 12 36 15 0 739
74 64 57 63 0 479
25 30 25 12 0 179
46 49 32 53 0 899
18 21 24 9 0 219
47 75 54 86 0 359
26 23 21 10 0 99
83 91 83 73 0 639
66 52 65 69 0 999
13 76 2 83 0 619
25 42 34 51 0 219
31 55 34 70 0 359
36 22 51 24 0 219
37 49 36 66 0 519
32 79 26 67 0 979
20 40 14 52 0 439
11 12 15 26 0 99
24 65 37 60 0 899
7 13 18 20 0 39
59 41 63 27 0 519
7 17 19 11 0 959
13 27 14 44 0 159
36 5 50 2 0 279
76 31 84 21 0 739
22 36 5 37 0 159
74 52 74 34 0 639
0 1 11 8 0 19
56 6 73 7 0 799
48 22 62 26 0 719
27 16 40 11 0 139
67 48 81 52 0 739
26 59 39 64 0 339
17 77 29 83 0 799
65 29 77 35 0 639
43 16 32 23 0 179
19 35 19 53 0 359
13 51 20 62 0 319
49 81 64 84 0 479
2 2 19 3 0 199
29 18 26 33 0 179
61 17 44 18 0 319
14 8 23 17 0 159
90 42 78 36 0 359
61 26 73 32 0 899
10 17 10 35 0 219
6 14 6 32 0 39
14 14 14 32 0 439
18 10 14 24 0 159
70 32 70 50 0 639
50 55 40 63 0 859
55 86 68 90 0 519
4 17 16 11 0 59
22 72 10 66 0 759
0 1 12 7 0 19
37 11 42 24 0 199
32 73 33 56 0 619
60 3 51 12 0 859
17 33 5 39 0 319
50 68 52 84 0 559
39 88 39 70 0 739
65 26 68 41 0 339
18 83 3 80 0 579
2 23 11 32 0 99
24 93 24 75 0 339
51 49 66 46 0 239
35 85 29 97 0 519
73 41 79 53 0 199
95 59 89 47 0 479
34 6 49 9 0 679
20 34 16 20 0 79
44 61 44 79 0 379
84 72 91 83 0 719
98 6 95 21 0 719
28 67 37 58 0 939
57 97 66 89 0 659
16 85 23 96 0 379
18 15 18 33 0 59
49 5 59 13 0 479
33 80 27 68 0 859
27 23 19 13 0 799
23 82 29 94 0 259
77 57 94 58 0 759
34 89 20 93 0 779
18 10 17 27 0 79
55 25 44 32 0 959
19 60 6 55 0 499
57 17 51 28 0 259
58 67 69 74 0 899
26 65 34 55 0 899
67 57 66 74 0 799
29 77 18 84 0 279
5 84 15 92 0 819
46 13 42 27 0 499
33 20 33 37 0 79
16 21 2 17 0 59
15 35 16 18 0 119
11 39 8 54 0 519
16 69 20 83 0 419
51 50 46 37 0 419
77 81 85 91 0 919
25 6 39 10 0 499
80 40 83 55 0 839
32 67 47 64 0 379
17 26 31 22 0 979
19 33 19 51 0 919
28 24 33 37 0 79
52 40 48 26 0 959
22 13 30 23 0 499
27 74 19 84 0 739
30 35 20 27 0 259
32 16 23 7 0 319
88 86 72 84 0 999
19 54 27 44 0 739
90 5 92 21 0 859
85 59 69 58 0 979
68 97 55 92 0 819
77 83 77 66 0 459
77 67 85 77 0 479
3 23 8 10 0 879
87 94 82 82 0 519
64 31 80 33 0 419
19 16 7 10 0 59
1 63 7 74 0 499
33 5 45 11 0 279
24 45 35 51 0 559
31 56 25 44 0 979
30 2 46 0 0 439
37 49 51 45 0 399
56 27 67 34 0 699
43 26 56 21 0 179
43 80 43 98 0 939
87 66 83 80 0 299
33 57 21 63 0 639
15 91 4 98 0 999
12 28 26 32 0 719
55 80 68 84 0 799
78 40 92 44 0 919
82 86 92 79 0 859
12 56 10 72 0 679
97 76 81 74 0 939
0 1 14 5 0 19
11 39 27 41 0 519
6 81 14 91 0 299
11 73 8 88 0 319
35 71 24 64 0 879
70 32 58 26 0 799
37 44 29 34 0 459
44 87 43 71 0 599
78 71 78 89 0 659
16 56 30 53 0 219
48 86 57 95 0 759
13 33 3 25 0 279
28 11 16 5 0 59
72 73 74 57 0 859
28 14 20 24 0 839
33 19 18 16 0 239
14 96 6 87 0 299
29 56 29 74 0 619
37 79 41 93 0 399
22 74 26 88 0 559
2 34 12 41 0 579
0 36 17 35 0 839
96 55 90 43 0 339
26 64 24 80 0 559
13 50 8 63 0 659
21 35 7 38 0 219
22 31 21 47 0 719
12 42 29 41 0 479
63 18 58 31 0 819
65 86 72 97 0 739
51 32 45 44 0 539
24 33 20 47 0 259
31 52 16 55 0 579
28 68 15 63 0 599
71 24 76 37 0 979
19 38 34 35 0 979
11 7 26 4 0 39
2 35 2 53 0 59
73 66 68 79 0 659
22 35 22 18 0 719
15 69 2 64 0 399
34 12 27 23 0 759
63 35 57 47 0 799
37 49 47 57 0 319
35 22 48 27 0 179
17 39 26 30 0 839
51 99 51 81 0 559
5 62 8 77 0 379
44 45 40 31 0 899
40 32 48 22 0 919
48 21 34 17 0 939
18 83 11 94 0 419
30 28 27 43 0 359
64 29 72 39 0 459
78 45 73 32 0 779
14 14 31 15 0 79
85 49 85 67 0 799
63 62 71 72 0 819
10 37 18 47 0 99
9 11 4 24 0 39
54 8 54 26 0 159
11 98 4 87 0 459
39 41 31 51 0 959
14 55 5 63 0 199
36 9 51 12 0 139
27 23 37 31 0 199
44 0 37 11 0 919
15 36 19 50 0 859
53 7 40 3 0 99
36 24 49 29 0 199
15 33 27 28 0 459
60 49 73 54 0 659
14 82 2 76 0 999
21 44 30 52 0 399
0 1 9 10 0 19
13 57 2 64 0 319
70 85 80 93 0 739
24 44 36 50 0 479
53 30 36 29 0 499
1 42 18 43 0 379
34 37 34 55 0 139
64 44 60 58 0 479
40 87 41 70 0 939
18 21 19 37 0 119
41 32 41 50 0 339
18 77 9 86 0 659
40 36 39 19 0 119
16 5 29 0 0 339
17 30 3 34 0 419
82 80 77 93 0 719
15 84 7 74 0 339
67 86 58 95 0 299
26 51 13 56 0 299
17 73 27 65 0 839
27 84 25 68 0 859
70 36 73 21 0 239
7 67 19 61 0 239
36 24 38 8 0 959
61 29 62 46 0 919
18 13 32 9 0 499
78 75 90 69 0 939
80 41 77 56 0 739
45 46 61 47 0 519
33 17 38 30 0 239
73 57 60 62 0 999
55 80 62 69 0 699
21 6 4 7 0 59
4 5 14 12 0 79
13 11 0 7 0 99
33 31 42 22 0 199
43 68 46 83 0 539
17 11 13 25 0 399
21 50 6 47 0 99
40 1 28 6 0 119
7 30 21 27 0 119
25 73 25 91 0 399
74 34 62 40 0 999
13 44 28 41 0 339
25 90 34 99 0 579
85 76 72 81 0 579
80 61 81 78 0 739
26 26 34 36 0 119
38 17 49 24 0 219
34 32 35 15 0 439
1 41 18 42 0 319
27 86 33 74 0 339
9 9 11 25 0 39
24 11 14 3 0 979
77 69 66 76 0 439
48 87 57 78 0 579
72 82 63 91 0 599
18 22 5 17 0 839
82 53 90 63 0 979
55 9 49 21 0 599
7 21 24 20 0 519
67 15 60 4 0 839
63 4 59 18 0 659
40 67 31 58 0 939
32 24 42 16 0 119
8 51 8 33 0 99
36 42 51 39 0 479
78 2 87 11 0 759
87 12 79 22 0 779
26 43 25 60 0 219
34 8 42 18 0 199
2 18 4 2 0 39
50 14 50 32 0 559
59 38 47 32 0 739
3 82 17 86 0 139
83 56 88 69 0 859
31 95 48 96 0 879
4 25 4 7 0 59
97 44 85 38 0 579
37 84 25 90 0 659
21 6 20 23 0 579
33 47 28 60 0 239
0 18 11 11 0 39
8 29 17 38 0 219
9 5 26 4 0 79
27 19 38 12 0 119
71 28 81 36 0 699
20 58 28 48 0 839
68 82 54 78 0 959
43 22 38 35 0 819
76 74 64 68 0 439
51 54 50 37 0 379
0 53 10 61 0 699
17 12 21 26 0 219
7 61 24 60 0 519
4 12 14 4 0 79
15 69 5 61 0 239
57 18 68 25 0 339
48 65 63 68 0 459
29 39 46 38 0 399
34 9 22 3 0 179
29 47 42 42 0 279
63 81 56 92 0 599
67 88 56 94 0 759
10 10 19 19 0 39
18 45 19 62 0 259
91 22 87 36 0 939
17 35 2 32 0 559
48 66 35 61 0 319
85 76 86 93 0 499
16 38 27 45 0 159
41 37 58 38 0 639
52 62 64 68 0 599
9 11 24 8 0 39
83 30 67 28 0 699
10 20 19 29 0 279
23 18 27 32 0 739
7 2 23 4 0 619
32 22 41 31 0 319
74 64 74 46 0 999
22 31 5 32 0 419
18 77 21 92 0 619
55 54 70 51 0 899
96 35 96 17 0 899
82 76 97 79 0 759
13 24 30 23 0 59
63 33 70 22 0 279
54 70 55 87 0 959
36 40 26 32 0 239
75 46 67 56 0 779
93 79 83 87 0 559
54 72 59 59 0 359
61 90 59 74 0 819
51 1 52 18 0 599
5 44 5 26 0 979
74 67 79 80 0 619
15 24 10 37 0 99
39 8 35 22 0 979
44 11 45 28 0 699
2 62 14 68 0 239
93 39 77 41 0 839
1 30 1 12 0 99
10 24 4 13 0 619
12 24 5 35 0 279
9 46 18 55 0 419
57 16 65 25 0 319
26 40 36 48 0 239
53 15 39 19 0 159
14 60 1 65 0 359
29 33 46 32 0 159
8 34 11 49 0 199
83 33 93 41 0 639
78 61 79 78 0 979
24 8 41 9 0 479
11 14 19 24 0 299
31 15 15 13 0 519
77 40 62 43 0 859
54 93 68 97 0 699
5 8 19 4 0 59
17 41 1 43 0 199
82 46 74 56 0 879
54 84 71 83 0 919
36 53 47 47 0 519
94 87 98 73 0 899
33 54 27 43 0 159
40 50 53 55 0 479
51 46 68 47 0 739
13 17 29 19 0 159
62 59 78 61 0 779
64 42 54 50 0 639
65 50 71 38 0 899
11 18 28 19 0 99
48 16 62 12 0 199
42 52 56 56 0 199
10 39 19 48 0 579
23 39 29 51 0 359
69 43 69 61 0 159
5 47 5 65 0 199
4 42 9 30 0 299
2 14 1 31 0 79
74 55 68 67 0 659
22 36 36 40 0 79
22 15 9 10 0 59
72 93 74 77 0 699
31 44 42 51 0 499
64 66 76 60 0 399
29 39 31 55 0 959
85 74 73 68 0 819
9 56 22 51 0 659
35 20 18 19 0 259
33 70 35 86 0 779
43 42 43 24 0 899
9 24 3 36 0 259
41 4 33 14 0 419
27 70 42 67 0 179
42 18 52 26 0 239
95 49 87 59 0 599
30 42 28 58 0 199
1 18 16 21 0 99
37 43 31 31 0 399
27 31 11 29 0 639
30 51 37 61 0 439
23 53 36 58 0 559
80 69 67 64 0 539
32 35 16 37 0 499
39 52 53 56 0 459
42 62 45 77 0 639
58 35 74 33 0 979
35 52 19 50 0 579
90 79 73 78 0 779
29 42 41 36 0 619
62 21 49 26 0 939
59 39 57 54 0 659
16 49 7 58 0 619
8 58 18 50 0 319
30 13 14 15 0 419
2 97 8 86 0 279
0 40 15 43 0 119
10 11 4 23 0 659
50 30 36 34 0 799
36 35 40 49 0 819
8 93 25 94 0 539
15 35 11 49 0 999
20 60 18 76 0 359
29 32 24 45 0 539
29 51 30 34 0 959
15 62 12 77 0 579
6 11 16 19 0 99
79 59 81 74 0 979
25 36 28 51 0 339
34 56 37 41 0 919
8 10 15 21 0 39
5 25 12 36 0 559
19 34 27 24 0 179
4 65 15 72 0 299
31 28 35 14 0 819
20 14 15 27 0 79
27 25 12 28 0 159
35 12 27 2 0 339
27 75 25 91 0 559
15 5 30 8 0 39
9 31 7 15 0 879
26 33 42 31 0 259
42 30 38 44 0 279
78 37 74 23 0 859
2 52 19 53 0 719
43 51 26 50 0 559
32 65 20 71 0 659
3 14 19 12 0 859
43 23 30 18 0 239
66 66 64 82 0 999
80 60 80 42 0 719
21 56 7 52 0 459
40 67 40 85 0 379
4 37 18 41 0 259
15 54 28 59 0 219
2 86 6 99 0 539
42 80 33 71 0 759
68 83 79 89 0 599
37 59 49 65 0 519
51 84 56 71 0 619
6 54 20 50 0 519
17 62 32 65 0 419
52 44 36 46 0 279
17 8 28 15 0 499
2 31 13 38 0 339
50 36 36 32 0 399
49 13 49 31 0 159
30 9 25 22 0 779
1 24 3 8 0 259
16 31 26 23 0 819
16 60 33 59 0 159
24 35 10 31 0 859
10 32 21 25 0 879
61 39 58 54 0 679
62 47 46 45 0 939
57 40 71 44 0 979
9 11 9 29 0 159
10 49 25 52 0 979
6 30 12 18 0 119
88 70 81 81 0 879
20 30 32 36 0 79
10 27 5 14 0 59
62 23 67 10 0 739
89 31 88 14 0 399
34 79 17 80 0 779
97 80 97 62 0 779
27 44 44 45 0 379
87 63 89 79 0 599
12 12 25 17 0 199
30 37 22 27 0 499
80 90 83 75 0 999
53 41 69 39 0 839
64 27 67 13 0 359
9 33 0 41 0 99
57 79 55 63 0 599
28 27 26 11 0 139
89 45 77 50 0 499
4 27 9 14 0 219
8 76 18 84 0 399
54 33 56 49 0 859
11 95 26 92 0 439
31 54 37 43 0 919
26 72 10 74 0 479
13 34 20 45 0 179
21 61 21 43 0 799
98 89 98 71 0 979
39 32 39 50 0 379
80 48 84 34 0 399
62 22 55 32 0 499
99 68 92 79 0 979
42 43 57 40 0 299
42 85 45 70 0 659
9 49 20 56 0 279
32 18 36 32 0 279
11 23 10 6 0 399
21 34 38 35 0 259
33 69 28 82 0 519
90 12 84 1 0 499
89 52 76 47 0 579
77 38 92 35 0 979
30 20 24 8 0 239
7 11 24 12 0 79
42 68 50 58 0 559
26 43 41 40 0 139
84 0 81 15 0 519
59 19 76 20 0 679
31 59 28 44 0 959
34 45 50 47 0 499
7 55 19 61 0 239
41 83 26 86 0 479
4 14 0 28 0 39
62 13 74 7 0 219
3 11 2 28 0 79
2 29 11 38 0 99
56 87 58 71 0 699
57 18 69 12 0 259
10 0 27 1 0 79
31 16 14 17 0 179
38 59 40 43 0 299
26 49 29 64 0 579
70 68 78 58 0 279
28 35 27 52 0 179
48 91 58 83 0 539
43 42 48 55 0 299
48 56 39 65 0 319
11 9 1 17 0 39
35 24 51 25 0 639
54 85 53 68 0 379
87 92 73 96 0 619
52 40 47 27 0 839
56 48 57 65 0 839
45 16 36 7 0 339
39 89 28 82 0 479
45 63 54 72 0 919
19 64 31 70 0 459
47 22 57 30 0 779
21 35 21 53 0 79
19 13 16 28 0 79
90 64 75 61 0 999
64 24 76 18 0 959
63 74 74 67 0 819
69 47 80 54 0 239
31 30 26 42 0 119
60 76 48 70 0 959
39 46 50 39 0 459
45 11 58 16 0 559
69 52 65 38 0 899
88 77 74 73 0 859
52 68 50 52 0 919
38 13 42 27 0 979
22 90 22 72 0 839
22 71 28 83 0 859
53 61 38 64 0 999
4 67 19 69 0 839
18 19 20 3 0 59
5 54 13 45 0 319
8 20 0 30 0 79
4 65 18 61 0 379
7 40 22 37 0 979
69 31 78 22 0 919
30 95 35 82 0 459
67 65 72 78 0 559
96 24 81 27 0 759
32 80 43 87 0 559
68 78 68 96 0 799
50 65 58 55 0 739
32 51 48 49 0 939
46 40 42 53 0 179
66 45 80 41 0 819
56 57 39 56 0 219
30 53 37 64 0 419
58 70 74 68 0 719
20 1 22 17 0 619
10 22 27 23 0 759
8 70 21 65 0 919
33 14 49 12 0 139
19 39 2 40 0 79
37 40 48 33 0 299
71 92 73 76 0 819
8 13 17 21 0 239
28 3 19 12 0 59
23 45 30 55 0 859
19 29 22 14 0 479
83 79 98 82 0 959
0 1 0 19 0 19
49 61 55 73 0 359
26 87 38 81 0 899
34 80 18 78 0 519
53 39 45 49 0 879
43 22 41 38 0 299
41 45 45 31 0 919
44 15 39 2 0 659
15 39 25 31 0 279
12 31 16 45 0 139
87 58 74 53 0 619
0 1 10 9 0 19
78 4 76 20 0 759
37 19 24 14 0 79
29 15 37 25 0 439
11 2 2 11 0 59
77 21 64 25 0 939
28 87 12 89 0 219
0 1 7 12 0 19
43 30 60 29 0 899
50 57 42 67 0 579
57 58 50 69 0 339
35 37 30 50 0 959
30 51 38 61 0 979
31 96 46 93 0 859
51 52 51 70 0 179
93 81 81 87 0 839
3 8 15 14 0 339
3 15 19 17 0 39
5 71 2 86 0 879
35 57 45 49 0 479
17 40 26 31 0 339
14 32 13 15 0 999
67 78 78 85 0 699
35 40 49 44 0 179
0 1 3 16 0 19
32 49 35 64 0 419
64 48 48 49 0 499
74 74 59 71 0 879
59 41 50 32 0 199
5 13 21 11 0 39
31 60 17 63 0 479
55 9 62 20 0 119
51 16 43 26 0 539
23 28 36 33 0 779
33 78 37 64 0 419
68 67 59 58 0 699
43 52 27 54 0 259
23 43 29 55 0 479
21 52 29 62 0 99
9 28 18 19 0 139
81 31 68 26 0 959
13 65 3 72 0 379
28 16 44 17 0 619
78 65 78 47 0 859
55 95 39 97 0 599
24 17 8 15 0 219
0 1 9 10 0 19
15 0 3 6 0 259
81 39 80 56 0 239
59 78 72 73 0 619
20 34 12 44 0 559
22 2 27 15 0 199
14 75 14 93 0 539
88 88 98 96 0 959
20 41 19 24 0 179
32 20 30 36 0 759
78 30 89 37 0 879
82 82 94 88 0 879
4 49 14 57 0 179
8 59 21 54 0 139
14 92 27 87 0 319
96 51 95 68 0 779
9 28 6 13 0 179
25 28 25 46 0 539
0 1 9 10 0 19
24 1 17 12 0 859
15 24 10 11 0 59
28 25 42 22 0 79
39 34 43 20 0 139
80 49 90 41 0 539
12 29 23 22 0 259
14 14 7 3 0 599
43 53 59 51 0 199
53 71 37 69 0 799
33 79 45 85 0 679
84 15 70 11 0 659
2 54 12 46 0 279
28 92 20 82 0 279
52 69 66 65 0 419
89 10 72 9 0 779
16 28 20 42 0 159
81 16 95 20 0 539
15 48 26 41 0 99
41 27 49 37 0 959
31 54 26 66 0 919
71 82 63 92 0 979
75 77 77 61 0 839
37 28 50 33 0 979
1 11 10 2 0 119
48 89 51 74 0 939
22 11 27 24 0 99
24 52 8 54 0 959
40 92 56 94 0 479
6 85 7 68 0 579
94 82 77 81 0 439
5 12 13 21 0 119
45 27 49 13 0 719
87 70 86 53 0 819
6 27 17 34 0 299
53 26 69 24 0 419
61 70 51 62 0 739
27 61 27 43 0 519
19 32 6 37 0 499
76 6 63 1 0 439
2 67 7 80 0 179
36 49 33 64 0 259
32 91 46 87 0 419
63 8 62 24 0 719
20 3 12 13 0 539
90 37 73 36 0 699
15 18 18 33 0 699
20 26 35 29 0 279
12 58 2 66 0 159
27 58 14 53 0 699
18 24 1 25 0 239
17 39 25 49 0 399
5 25 3 40 0 59
84 84 80 98 0 719
17 61 27 53 0 279
21 74 14 85 0 819
17 78 20 93 0 859
15 10 0 13 0 579
84 70 98 66 0 879
21 34 16 21 0 979
10 44 18 34 0 359
38 21 38 3 0 459
21 51 25 65 0 799
62 45 65 30 0 619
36 83 22 80 0 799
25 27 31 15 0 159
58 41 63 28 0 339
97 67 82 64 0 639
21 22 11 30 0 219
9 21 7 5 0 79
27 2 34 13 0 99
35 4 23 10 0 99
59 20 48 13 0 459
4 26 11 15 0 79
68 25 84 27 0 979
92 43 84 33 0 939
55 9 54 25 0 339
69 23 77 33 0 439
95 64 85 56 0 659
49 22 65 20 0 619
8 94 8 76 0 999
37 74 22 72 0 559
73 8 81 18 0 819
2 16 7 29 0 79
14 51 24 59 0 459
9 36 22 31 0 419
18 17 13 30 0 99
91 37 74 38 0 759
33 73 44 80 0 359
35 37 44 46 0 879
6 18 7 35 0 719
64 15 79 18 0 499
8 55 5 70 0 379
11 38 16 26 0 759
37 21 39 6 0 139
9 12 23 8 0 459
19 32 23 19 0 719
30 67 37 78 0 379
89 69 89 51 0 519
24 42 16 32 0 839
73 17 89 15 0 439
5 15 1 29 0 39
30 21 34 8 0 79
44 91 35 82 0 939
50 44 57 34 0 419
42 45 28 49 0 219
21 17 37 16 0 139
36 72 45 81 0 799
48 7 35 12 0 179
5 34 7 18 0 299
12 47 25 42 0 299
57 44 58 27 0 259
27 39 12 36 0 199
27 11 21 23 0 279
20 46 32 40 0 279
7 60 10 45 0 339
25 34 17 24 0 259
18 81 22 67 0 699
29 23 22 13 0 219
19 53 9 45 0 399
0 1 10 9 0 19
13 21 24 27 0 59
26 29 27 46 0 179
32 13 15 14 0 179
16 33 21 46 0 339
35 6 46 13 0 659
19 71 34 73 0 459
34 98 30 84 0 599
26 46 37 39 0 279
54 67 61 56 0 859
40 64 23 65 0 639
23 92 35 86 0 499
3 82 13 75 0 599
94 15 90 1 0 939
0 1 17 2 0 19
23 42 10 47 0 299
12 6 10 22 0 79
44 22 36 12 0 239
2 12 5 27 0 79
76 59 88 53 0 419
49 82 63 86 0 499
2 21 7 34 0 99
35 48 24 41 0 579
53 92 47 80 0 979
19 49 22 34 0 399
27 3 21 15 0 359
27 47 15 53 0 199
17 87 21 73 0 839
97 38 82 41 0 979
82 42 73 51 0 999
0 1 7 12 0 19
23 27 33 35 0 839
49 54 42 43 0 779
15 31 32 30 0 319
7 4 5 20 0 99
5 21 19 17 0 119
19 16 16 31 0 139
13 35 29 33 0 319
28 58 37 67 0 359
23 1 31 11 0 199
31 12 32 29 0 219
51 30 47 43 0 319
61 90 65 76 0 819
81 32 66 34 0 439
14 49 27 44 0 979
24 45 25 28 0 139
26 43 37 50 0 339
80 7 73 18 0 379
27 58 35 68 0 379
71 84 70 67 0 939
61 57 61 39 0 879
20 28 26 39 0 779
9 28 4 15 0 179
17 20 4 25 0 59
80 12 94 16 0 959
36 33 49 28 0 419
47 49 57 57 0 319
2 9 5 24 0 899
4 2 20 0 0 599
52 64 42 72 0 439
27 9 26 25 0 59
41 35 29 41 0 799
53 53 41 59 0 399
27 59 29 43 0 839
31 31 19 36 0 339
8 44 12 58 0 759
14 60 3 53 0 399
28 53 39 46 0 779
63 59 74 66 0 599
98 60 83 57 0 559
55 46 43 52 0 539
60 82 53 93 0 959
33 60 30 45 0 179
27 32 22 45 0 139
26 3 39 8 0 99
18 36 12 24 0 279
30 37 16 33 0 339
28 44 37 35 0 959
89 91 87 75 0 999
36 52 30 40 0 999
5 28 19 32 0 59
16 12 7 21 0 639
24 36 39 33 0 119
5 27 1 13 0 279
42 37 57 39 0 239
42 23 57 26 0 219
41 62 28 57 0 339
58 4 55 19 0 519
24 36 21 21 0 199
51 83 52 99 0 379
61 8 72 15 0 219
64 83 77 78 0 259
56 58 59 43 0 479
35 40 40 27 0 259
56 22 54 38 0 199
77 18 60 17 0 859
16 19 27 26 0 139
20 68 4 66 0 359
11 79 11 97 0 399
6 14 11 1 0 39
34 63 40 75 0 419
40 74 51 81 0 439
42 78 48 66 0 439
54 50 55 33 0 279
39 63 54 66 0 359
46 78 46 60 0 519
84 22 90 34 0 759
18 60 13 47 0 839
38 26 41 41 0 399
27 39 33 27 0 319
36 81 49 86 0 739
70 66 60 58 0 639
40 65 42 50 0 759
9 44 19 52 0 739
0 1 4 15 0 19
68 54 71 69 0 719
26 24 19 13 0 79
20 44 33 49 0 199
26 4 17 13 0 199
5 52 7 68 0 219
5 62 17 56 0 659
0 1 10 9 0 19
28 19 29 3 0 319
47 77 38 68 0 879
31 47 26 59 0 299
73 67 70 52 0 839
26 79 25 95 0 839
90 84 92 68 0 359
62 2 66 16 0 479
10 7 9 23 0 39
5 15 3 31 0 79
59 36 60 53 0 459
82 74 71 80 0 659
94 53 82 47 0 939
14 3 13 20 0 99
67 80 53 77 0 719
27 33 12 30 0 239
9 42 19 34 0 899
21 50 18 65 0 179
49 5 47 21 0 119
74 18 74 36 0 679
12 23 14 39 0 299
64 43 66 27 0 979
88 84 97 75 0 919
19 33 8 40 0 119
83 70 78 83 0 699
21 8 10 1 0 59
14 65 30 66 0 359
5 67 3 83 0 119
77 29 65 23 0 679
33 24 33 6 0 259
96 16 96 34 0 919
30 37 27 22 0 779
14 94 6 84 0 559
79 81 66 86 0 639
51 43 57 31 0 519
11 29 16 17 0 339
47 23 43 9 0 719
49 38 66 39 0 579
11 27 10 10 0 639
66 43 63 58 0 459
85 54 90 41 0 779
50 18 61 25 0 959
50 40 56 28 0 679
60 81 60 99 0 939
23 44 13 52 0 219
10 13 23 8 0 59
23 54 37 50 0 299
25 41 20 28 0 399
19 45 27 55 0 279
3 5 12 14 0 279
34 72 26 82 0 839
36 25 26 33 0 619
57 54 64 43 0 459
8 4 3 17 0 279
28 58 28 40 0 239
66 26 51 29 0 759
77 32 74 47 0 459
47 45 36 52 0 279
44 33 40 19 0 979
56 14 49 3 0 559
34 69 43 60 0 379
91 50 78 55 0 979
89 93 86 78 0 759
17 13 24 2 0 839
7 27 15 17 0 119
15 16 32 15 0 139
74 39 65 30 0 579
76 20 83 10 0 899
29 39 42 44 0 199
23 1 22 18 0 119
29 54 23 42 0 459
12 51 21 60 0 259
0 1 9 10 0 19
33 70 16 69 0 819
40 44 37 29 0 319
31 28 40 37 0 739
40 39 45 27 0 879
41 62 50 53 0 379
50 53 37 48 0 859
48 69 34 73 0 419
14 23 8 11 0 179
76 57 81 70 0 499
29 39 25 25 0 679
35 10 41 22 0 259
17 14 33 12 0 219
48 73 39 82 0 539
80 58 80 76 0 839
31 57 46 60 0 679
49 44 45 30 0 379
35 68 33 53 0 999
84 28 74 36 0 999
0 20 5 33 0 39
65 71 55 79 0 679
92 81 86 92 0 999
62 70 50 64 0 719
31 38 31 56 0 339
69 45 83 42 0 619
34 70 34 52 0 919
59 55 50 64 0 799
26 35 43 34 0 739
16 21 29 26 0 299
10 27 7 12 0 59
46 85 60 89 0 619
38 73 52 69 0 899
0 1 6 13 0 19
40 22 46 10 0 199
45 65 32 60 0 959
54 43 64 35 0 819
76 19 76 1 0 979
29 30 17 36 0 459
31 28 47 26 0 899
12 31 29 30 0 499
25 14 12 19 0 259
10 23 10 5 0 99
18 37 35 38 0 859
96 29 89 40 0 859
21 59 27 71 0 159
77 62 93 64 0 859
25 7 26 24 0 79
25 25 42 26 0 199
73 77 78 64 0 839
58 61 62 47 0 819
41 89 54 94 0 679
26 31 33 42 0 299
33 43 40 54 0 319
10 8 10 26 0 39
44 79 51 68 0 379
38 62 42 76 0 999
23 33 14 24 0 159
66 77 50 75 0 939
3 17 20 18 0 39
48 91 42 79 0 739
90 70 95 57 0 959
19 72 10 63 0 499
52 45 37 48 0 819
8 33 17 42 0 179
85 59 85 77 0 559
18 40 26 50 0 279
8 85 6 69 0 299
12 20 26 24 0 279
25 42 32 31 0 179
39 38 33 26 0 219
32 4 37 17 0 279
2 12 6 26 0 159
37 15 47 23 0 759
43 65 28 68 0 919
29 9 14 6 0 359
70 25 70 7 0 859
28 14 11 13 0 519
0 45 4 31 0 619
20 24 19 41 0 599
7 28 19 34 0 99
80 23 96 25 0 739
15 62 0 59 0 899
26 88 21 75 0 799
57 27 52 39 0 819
82 59 98 61 0 539
13 66 17 80 0 219
50 87 62 81 0 819
13 9 18 22 0 199
29 26 39 18 0 219
27 22 24 36 0 839
13 5 28 8 0 39
43 26 38 13 0 579
85 37 69 39 0 599
32 22 28 36 0 199
25 41 20 29 0 899
35 60 41 48 0 619
75 39 84 48 0 639
48 28 39 37 0 199
13 67 6 78 0 239
57 35 66 44 0 439
82 74 93 68 0 899
2 37 9 48 0 459
59 42 64 29 0 819
1 76 16 79 0 339
8 64 14 52 0 559
9 24 21 18 0 139
51 30 57 42 0 419
18 53 2 51 0 659
38 66 33 79 0 399
14 29 8 40 0 119
81 87 95 83 0 519
87 98 74 93 0 979
16 8 33 7 0 79
10 49 12 65 0 139
19 61 33 65 0 559
15 8 10 21 0 739
55 71 48 82 0 599
4 62 15 55 0 719
35 67 29 55 0 639
33 54 49 52 0 579
70 86 62 96 0 959
51 68 62 75 0 699
66 47 54 53 0 379
51 75 53 91 0 959
13 38 29 40 0 659
74 24 59 21 0 439
20 74 32 80 0 679
35 35 19 37 0 959
94 17 97 2 0 979
62 81 68 93 0 859
55 91 60 78 0 399
34 63 45 70 0 979
13 75 26 70 0 759
3 30 16 25 0 99
58 18 71 23 0 959
81 21 94 16 0 919
49 55 59 47 0 639
22 79 34 73 0 819
15 31 16 14 0 239
68 36 69 53 0 879
9 11 10 28 0 39
30 24 45 21 0 519
69 30 79 22 0 339
29 31 23 19 0 879
18 77 15 92 0 379
13 29 29 27 0 79
82 48 77 60 0 699
47 56 38 65 0 379
71 82 70 98 0 679
87 8 80 19 0 539
54 73 40 77 0 939
31 51 31 69 0 879
77 70 73 56 0 979
4 14 13 23 0 39
7 50 23 52 0 539
58 97 53 84 0 379
9 47 2 58 0 279
44 39 44 21 0 219
48 88 34 92 0 599
27 23 27 40 0 299
54 86 66 80 0 479
66 79 51 82 0 499
41 25 38 10 0 919
74 8 72 24 0 239
90 83 80 91 0 979
70 91 63 80 0 579
10 19 6 5 0 59
56 93 50 81 0 619
50 80 65 83 0 639
71 68 87 69 0 799
49 85 33 83 0 679
94 17 89 4 0 459
60 71 53 60 0 979
63 82 78 85 0 739
78 86 90 80 0 759
20 44 32 50 0 399
73 79 90 78 0 799
90 79 75 76 0 819
24 75 26 59 0 299
11 40 0 33 0 419
93 65 82 72 0 879
12 29 24 35 0 179
2 69 12 61 0 219
10 26 17 15 0 119
35 71 34 88 0 879
28 19 21 30 0 259
98 70 83 67 0 999
30 33 14 31 0 979
27 42 33 30 0 179
63 85 68 98 0 319
0 40 1 23 0 159
49 35 65 37 0 559
39 53 22 54 0 519
41 56 34 67 0 619
8 31 9 14 0 99
69 23 77 33 0 359
87 38 81 49 0 959
15 6 9 18 0 59
28 61 27 45 0 679
10 27 14 41 0 379
69 51 55 48 0 899
62 80 62 62 0 839
10 48 11 31 0 319
46 10 34 5 0 659
1 30 17 28 0 59
10 11 4 23 0 939
42 67 58 69 0 859
2 41 18 39 0 419
9 87 25 89 0 679
39 11 51 17 0 519
35 53 20 55 0 499
15 95 20 83 0 619
42 50 55 45 0 519
29 51 16 56 0 399
40 2 25 5 0 479
29 98 35 86 0 539
13 47 2 54 0 719
11 29 23 35 0 239
27 24 15 18 0 779
30 53 19 46 0 659
12 43 9 28 0 579
4 11 14 3 0 939
32 65 36 52 0 519
10 13 7 28 0 99
22 9 19 24 0 339
62 77 68 65 0 539
28 21 26 37 0 139
22 32 10 38 0 79
31 31 16 34 0 319
36 65 32 78 0 959
74 65 70 79 0 659
8 53 20 47 0 539
35 51 37 35 0 999
57 53 44 58 0 679
81 50 96 52 0 759
18 70 16 54 0 199
31 81 21 73 0 759
23 46 28 33 0 139
19 61 18 78 0 639
50 54 48 70 0 399
15 71 22 60 0 439
12 6 17 19 0 679
55 76 62 65 0 859
17 14 22 27 0 139
24 59 15 68 0 939
8 63 20 69 0 339
41 45 25 43 0 199
84 9 76 18 0 919
17 4 5 10 0 99
33 48 47 44 0 259
46 29 60 25 0 699
42 49 28 53 0 859
6 21 16 13 0 619
58 23 74 21 0 899
39 19 38 2 0 519
51 72 58 83 0 859
46 36 37 45 0 439
21 44 9 50 0 819
43 91 36 80 0 639
93 88 82 95 0 779
39 17 39 35 0 79
42 15 37 28 0 139
0 1 16 3 0 19
20 18 30 10 0 439
78 63 64 67 0 579
15 13 16 30 0 199
49 53 65 51 0 599
44 15 55 8 0 99
8 15 18 23 0 219
59 48 56 33 0 659
58 25 53 12 0 459
11 66 21 74 0 379
59 82 71 76 0 979
36 8 44 18 0 359
41 4 27 8 0 899
25 67 20 54 0 919
27 22 20 11 0 779
57 46 48 37 0 819
96 14 81 17 0 759
40 45 53 40 0 859
11 24 17 36 0 539
37 68 45 78 0 819
62 73 67 86 0 739
1 1 2 17 0 19
56 80 43 85 0 639
30 69 33 54 0 979
46 3 47 20 0 579
0 1 11 8 0 19
30 50 27 35 0 879
58 21 49 13 0 999
86 52 74 58 0 839
16 7 25 16 0 139
34 50 47 55 0 359
14 48 13 65 0 199
55 91 62 80 0 839
52 29 52 47 0 739
33 64 48 67 0 859
28 48 35 59 0 599
27 53 23 39 0 199
38 45 24 41 0 299
26 34 14 40 0 639
64 75 47 74 0 779
19 44 16 29 0 259
30 60 29 77 0 239
27 53 12 50 0 279
34 54 39 66 0 499
23 14 39 16 0 59
94 90 86 80 0 999
36 34 43 23 0 799
68 25 81 20 0 899
67 14 68 31 0 379
25 94 20 81 0 859
37 31 25 37 0 399
22 38 8 34 0 159
56 65 49 55 0 759
89 48 87 64 0 579
80 92 84 78 0 759
56 32 56 14 0 319
89 30 78 37 0 859
65 16 55 8 0 579
5 49 15 41 0 159
38 79 55 80 0 699
22 26 34 20 0 719
0 1 17 0 0 19
13 40 0 44 0 599
15 24 21 36 0 259
16 13 22 25 0 539
80 37 93 33 0 959
27 98 10 99 0 339
39 43 31 53 0 759
19 13 27 23 0 879
7 76 18 69 0 179
14 18 4 10 0 919
64 80 66 96 0 759
0 2 9 10 0 19
20 52 36 54 0 479
12 4 23 11 0 999
0 1 0 19 0 19
18 44 3 41 0 519
65 77 51 73 0 839
33 15 33 33 0 439
1 42 7 54 0 219
20 24 20 42 0 119
20 43 16 29 0 139
52 60 38 64 0 519
4 86 18 90 0 479
19 23 8 30 0 199
9 51 7 35 0 599
20 19 37 20 0 59
47 30 55 40 0 699
19 39 31 34 0 419
31 36 14 37 0 299
37 85 26 78 0 279
74 24 64 32 0 879
25 22 33 31 0 359
39 79 53 83 0 679
21 28 5 26 0 259
79 23 93 27 0 799
0 41 14 45 0 299
29 1 33 15 0 119
57 22 43 25 0 479
82 84 68 88 0 559
21 12 25 26 0 179
36 43 49 48 0 699
58 30 45 26 0 539
87 77 72 80 0 679
55 41 38 42 0 999
21 35 8 30 0 79
16 34 18 18 0 359
45 37 45 20 0 419
13 75 23 83 0 239
37 65 29 55 0 439
65 71 76 78 0 599
38 21 52 25 0 739
73 66 82 74 0 839
36 24 32 11 0 339
75 86 71 72 0 659
48 32 43 45 0 319
62 66 65 51 0 879
24 90 40 89 0 859
51 49 39 43 0 879
39 42 41 26 0 899
29 33 24 46 0 479
16 24 16 6 0 119
38 64 28 72 0 479
45 30 47 46 0 939
77 51 66 57 0 499
0 1 6 13 0 19
6 14 21 17 0 39
50 57 50 39 0 819
4 14 15 7 0 39
33 8 34 25 0 99
2 50 5 65 0 759
15 23 4 30 0 679
34 26 39 39 0 159
22 21 29 10 0 99
46 80 38 90 0 719
49 32 49 50 0 179
58 70 45 65 0 919
45 48 37 58 0 499
4 59 8 45 0 739
25 57 9 55 0 519
81 80 71 88 0 859
60 36 56 22 0 599
42 49 42 67 0 539
16 11 11 24 0 379
11 18 17 30 0 179
20 78 5 81 0 839
7 13 15 3 0 559
39 67 23 65 0 519
90 36 78 41 0 899
31 17 42 10 0 839
29 29 36 18 0 519
73 44 73 62 0 819
44 11 31 6 0 299
79 62 63 61 0 799
12 79 15 93 0 599
49 27 38 20 0 439
28 33 41 28 0 259
63 17 73 9 0 319
21 59 14 48 0 679
20 17 4 15 0 699
37 76 47 84 0 419
27 27 23 41 0 279
18 33 29 40 0 379
43 2 56 7 0 779
8 32 3 19 0 159
57 64 47 72 0 499
55 26 53 42 0 819
1 64 12 57 0 659
32 93 15 92 0 979
15 26 17 11 0 119
5 13 8 28 0 39
35 46 21 50 0 419
61 84 46 82 0 879
90 20 98 29 0 979
59 87 51 77 0 479
14 26 17 11 0 439
2 18 8 30 0 39
16 33 33 32 0 859
80 3 88 13 0 779
20 40 26 29 0 99
26 54 40 58 0 559
13 35 25 41 0 159
52 35 58 47 0 619
2 71 3 87 0 399
39 39 48 30 0 199
11 40 8 25 0 779
38 24 28 32 0 239
38 11 41 26 0 939
58 32 61 47 0 159
39 2 49 10 0 979
59 60 57 44 0 379
50 79 41 70 0 699
14 44 0 41 0 139
33 87 27 99 0 999
51 11 62 18 0 159
18 85 25 74 0 299
60 28 47 33 0 919
54 33 67 28 0 499
16 8 29 3 0 879
88 34 97 43 0 559
48 50 56 40 0 519
76 38 76 56 0 999
64 32 74 40 0 559
40 50 42 66 0 839
64 24 59 37 0 439
24 42 28 56 0 919
0 34 15 37 0 839
93 33 86 23 0 659
40 61 51 68 0 419
38 20 26 14 0 919
6 91 14 81 0 979
37 58 53 60 0 979
43 34 40 49 0 419
30 49 46 51 0 979
14 15 19 28 0 99
4 61 15 68 0 219
17 50 22 37 0 139
26 67 28 83 0 939
31 30 42 23 0 499
50 49 47 64 0 139
31 45 42 38 0 359
1 64 14 59 0 379
39 81 56 80 0 559
87 23 74 28 0 719
39 13 44 0 0 479
14 49 18 35 0 259
26 33 27 50 0 99
46 61 52 73 0 539
70 10 62 20 0 919
8 8 2 20 0 159
33 75 29 61 0 559
78 65 82 79 0 579
22 4 18 18 0 79
21 0 13 10 0 179
52 46 58 58 0 759
61 26 47 30 0 979
12 29 29 30 0 179
6 36 11 23 0 519
14 36 0 40 0 279
49 45 42 56 0 199
21 51 15 63 0 559
14 38 9 25 0 239
45 84 40 97 0 699
4 13 12 3 0 379
14 39 17 24 0 419
36 45 22 49 0 299
42 24 55 19 0 519
70 12 71 29 0 679
9 98 4 86 0 359
98 45 95 60 0 459
23 23 13 31 0 279
28 20 36 10 0 119
6 54 2 68 0 199
43 88 55 94 0 579
15 67 13 51 0 639
48 59 59 52 0 379
42 7 28 11 0 779
88 48 75 53 0 999
43 51 54 44 0 839
0 1 12 7 0 19
49 80 62 75 0 939
56 71 48 81 0 859
13 48 30 49 0 859
58 68 66 78 0 879
33 54 43 46 0 979
18 20 19 4 0 379
16 9 22 20 0 79
91 58 77 62 0 579
16 21 8 31 0 99
64 58 62 43 0 899
34 59 33 76 0 539
16 28 11 41 0 759
63 43 61 59 0 959
64 7 64 25 0 419
3 43 8 56 0 799
0 2 3 16 0 19
14 56 10 70 0 119
81 69 79 54 0 459
13 16 13 34 0 299
24 31 12 25 0 259
19 29 11 39 0 119
11 49 17 37 0 919
45 48 45 30 0 499
2 57 13 50 0 299
29 33 26 18 0 239
3 18 10 29 0 299
55 41 46 32 0 719
74 94 89 97 0 999
10 38 21 45 0 119
43 47 56 52 0 999
79 79 62 78 0 999
36 81 41 69 0 479
50 70 51 53 0 359
31 27 18 32 0 399
55 34 70 37 0 299
20 4 21 21 0 79
16 56 31 53 0 919
46 23 31 20 0 459
98 81 89 90 0 979
39 39 36 24 0 839
53 82 57 96 0 699
0 1 11 8 0 19
0 1 11 8 0 19
66 45 54 51 0 259
83 41 92 50 0 919
19 42 25 54 0 619
20 26 20 43 0 179
0 1 5 14 0 19
0 1 16 3 0 19
45 80 45 62 0 699
82 34 69 29 0 999
20 44 7 49 0 199
15 35 30 32 0 399
31 62 28 77 0 779
15 70 10 82 0 919
11 78 20 69 0 819
20 70 5 73 0 839
5 72 13 82 0 859
14 27 4 19 0 139
32 16 24 26 0 159
15 8 15 26 0 59
41 56 39 40 0 179
10 10 18 0 0 39
47 41 47 24 0 339
34 74 27 85 0 839
95 65 82 70 0 839
75 80 63 86 0 299
18 91 29 84 0 499
76 21 68 11 0 619
62 74 70 84 0 719
39 7 32 18 0 119
26 44 27 28 0 539
29 33 23 21 0 159
23 22 7 20 0 179
60 79 60 61 0 979
99 46 91 36 0 739
34 71 33 88 0 979
34 21 23 14 0 739
40 96 24 95 0 619
12 2 6 14 0 399
80 68 89 77 0 799
15 13 13 28 0 59
20 47 33 52 0 259
31 36 20 43 0 379
61 7 76 5 0 419
20 22 37 23 0 279
89 51 95 63 0 639
30 3 37 14 0 739
70 97 68 81 0 939
28 43 33 30 0 979
50 46 63 41 0 519
70 66 79 57 0 959
45 29 30 32 0 399
58 65 73 68 0 859
38 40 40 56 0 599
6 14 22 12 0 39
61 23 48 28 0 159
35 28 49 32 0 299
18 62 34 64 0 399
52 42 60 52 0 199
82 78 73 69 0 599
17 48 13 34 0 739
4 36 6 52 0 959
20 49 23 34 0 539
57 64 65 54 0 859
17 40 23 28 0 819
30 48 38 58 0 359
33 34 31 50 0 859
0 85 3 70 0 299
80 7 69 14 0 619
31 42 17 39 0 159
54 39 69 42 0 139
22 23 10 28 0 359
30 65 44 62 0 359
32 42 47 39 0 359
12 59 13 43 0 479
35 61 31 47 0 919
34 0 47 5 0 119
62 44 67 57 0 919
80 37 74 25 0 419
34 14 50 16 0 119
62 87 49 82 0 459
49 23 40 14 0 239
21 73 9 79 0 399
5 29 5 46 0 179
15 69 14 86 0 679
21 2 34 7 0 179
22 32 30 22 0 439
7 11 8 28 0 39
24 23 22 7 0 99
33 19 39 7 0 959
1 15 17 13 0 199
41 34 37 48 0 499
59 80 59 62 0 379
59 63 73 67 0 399
73 68 76 53 0 419
57 5 56 22 0 879
14 40 31 41 0 399
71 89 56 86 0 879
20 42 35 39 0 479
78 19 63 16 0 299
15 22 17 38 0 819
19 18 33 22 0 59
13 83 9 70 0 419
58 30 64 18 0 839
86 40 82 54 0 959
80 54 78 70 0 639
15 54 22 65 0 779
17 50 21 36 0 779
67 9 76 18 0 759
0 60 1 43 0 919
15 63 9 51 0 719
5 40 15 32 0 339
94 21 98 7 0 699
16 34 2 38 0 439
74 55 87 50 0 899
6 46 23 47 0 119
39 34 33 22 0 459
26 97 33 86 0 779
52 85 64 80 0 399
0 89 6 77 0 419
51 66 46 79 0 499
12 66 12 48 0 319
46 44 35 51 0 839
56 81 67 88 0 339
67 46 68 29 0 819
96 71 86 79 0 739
17 75 29 81 0 719
85 55 79 67 0 679
11 21 3 31 0 719
75 63 83 53 0 479
25 16 27 32 0 219
69 11 53 13 0 279
38 19 28 11 0 259
75 61 68 50 0 879
7 59 18 52 0 639
74 46 83 55 0 479
14 43 29 40 0 219
23 64 20 79 0 539
43 23 49 35 0 919
47 57 64 58 0 799
77 70 72 83 0 939
25 32 15 24 0 699
27 66 24 81 0 859
65 36 55 28 0 579
64 66 77 61 0 999
24 76 24 94 0 439
8 17 18 9 0 139
40 15 25 18 0 259
12 15 0 21 0 299
88 52 98 44 0 439
58 61 72 57 0 419
2 18 6 4 0 39
47 38 56 29 0 619
35 85 24 78 0 599
24 79 29 92 0 619
19 89 27 99 0 319
26 59 40 63 0 539
95 21 89 33 0 559
19 18 18 1 0 419
15 93 31 95 0 839
39 52 51 58 0 219
11 0 11 18 0 979
19 70 14 57 0 779
42 66 52 74 0 599
8 79 12 93 0 779
15 5 7 15 0 39
25 48 15 40 0 139
37 66 42 53 0 379
43 14 34 23 0 659
13 87 20 76 0 279
3 24 20 25 0 99
62 2 46 4 0 559
51 16 50 33 0 539
17 39 9 49 0 239
3 69 20 68 0 319
39 36 43 22 0 219
34 68 30 54 0 639
43 45 55 39 0 159
24 13 19 0 0 99
19 1 36 2 0 119
16 30 10 42 0 279
32 53 19 48 0 379
51 76 65 72 0 659
49 27 48 44 0 959
35 69 33 53 0 559
97 1 86 8 0 999
38 49 35 64 0 259
60 88 65 75 0 639
61 37 59 52 0 899
0 1 2 17 0 19
36 87 30 75 0 499
5 66 13 76 0 739
20 37 9 30 0 299
0 1 16 3 0 19
65 52 49 54 0 619
0 1 10 9 0 19
41 71 27 75 0 719
98 62 85 57 0 959
69 81 55 84 0 499
16 2 3 7 0 39
68 89 82 85 0 539
16 18 4 12 0 359
68 87 76 97 0 579
8 64 2 52 0 679
4 8 4 26 0 79
21 49 26 36 0 719
47 75 63 73 0 799
16 58 23 47 0 839
19 54 17 38 0 379
9 51 14 38 0 839
47 59 49 43 0 359
49 71 48 88 0 719
27 16 42 19 0 219
17 29 31 26 0 979
16 48 8 58 0 119
7 79 5 63 0 199
54 45 49 32 0 859
49 33 58 24 0 879
69 63 60 72 0 479
22 73 17 60 0 259
34 7 48 3 0 379
93 33 76 32 0 759
42 27 41 10 0 939
33 84 47 80 0 699
20 94 27 83 0 879
24 28 39 25 0 79
1 39 16 42 0 359
51 20 49 36 0 539
74 39 82 49 0 779
3 22 12 31 0 739
30 75 41 82 0 459
38 21 35 36 0 939
24 36 40 34 0 279
20 18 20 36 0 199
32 10 20 4 0 519
16 2 10 14 0 39
57 96 60 81 0 779
66 61 53 56 0 899
29 9 41 3 0 399
64 93 54 85 0 899
29 68 34 81 0 579
33 55 46 60 0 999
56 11 54 27 0 379
54 26 61 15 0 399
38 19 48 27 0 379
28 39 31 54 0 459
13 40 13 58 0 459
87 54 84 69 0 859
9 77 19 69 0 759
0 1 2 17 0 19
91 48 89 64 0 979
59 55 59 37 0 719
49 16 62 11 0 579
32 17 31 0 0 99
73 4 73 22 0 619
73 23 89 25 0 639
31 4 23 14 0 59
90 35 99 26 0 779
40 62 46 50 0 879
89 65 96 54 0 319
26 11 12 7 0 59
20 48 23 33 0 159
22 27 28 39 0 219
48 49 47 32 0 899
51 80 36 83 0 579
38 65 43 52 0 819
16 45 28 39 0 579
25 49 33 39 0 999
81 50 66 53 0 979
44 15 30 19 0 219
54 7 56 23 0 739
23 11 40 12 0 119
48 82 38 74 0 879
39 37 54 40 0 119
61 29 68 40 0 519
47 31 56 22 0 519
21 61 21 43 0 119
42 38 45 23 0 239
84 29 93 38 0 819
3 24 18 27 0 299
8 39 22 35 0 139
15 94 26 87 0 779
9 19 17 29 0 999
11 49 15 63 0 199
38 39 47 30 0 499
8 10 14 22 0 39
25 48 15 40 0 459
61 48 73 42 0 179
85 64 82 79 0 699
63 21 61 5 0 399
6 20 5 3 0 439
7 2 22 5 0 619
13 24 14 41 0 419
46 83 38 73 0 499
29 73 14 76 0 519
23 7 10 12 0 79
65 24 62 9 0 699
30 31 20 39 0 419
36 95 29 84 0 219
66 66 55 73 0 439
25 19 16 10 0 799
41 3 37 16 0 579
54 16 38 18 0 199
53 27 36 26 0 599
94 49 85 58 0 539
8 19 22 15 0 339
73 76 61 71 0 399
29 76 37 86 0 259
4 29 6 45 0 699
15 15 32 16 0 79
3 38 17 41 0 279
45 60 34 53 0 379
12 59 21 50 0 779
24 46 9 43 0 879
54 52 66 46 0 399
55 75 61 87 0 759
24 79 38 75 0 579
17 87 11 99 0 159
95 69 80 72 0 799
24 17 34 25 0 139
38 89 28 97 0 739
51 80 62 73 0 459
19 10 4 7 0 219
93 40 83 32 0 619
0 1 16 3 0 19
34 21 39 8 0 99
31 19 18 14 0 479
62 73 49 68 0 859
15 10 20 23 0 99
20 22 6 26 0 119
70 87 54 85 0 459
14 7 7 18 0 59
29 56 18 49 0 619
28 76 24 90 0 959
15 41 20 28 0 199
91 78 80 84 0 879
11 39 24 44 0 119
39 55 26 50 0 239
26 60 18 50 0 319
87 49 79 59 0 919
63 21 77 25 0 799
42 46 48 58 0 359
39 41 54 44 0 799
72 76 71 93 0 799
68 59 77 68 0 419
89 34 81 24 0 579
20 31 4 30 0 279
82 75 94 81 0 859
85 98 89 84 0 659
36 75 19 74 0 699
24 13 30 1 0 419
52 98 40 92 0 399
0 1 8 11 0 19
34 82 29 95 0 599
28 94 27 78 0 619
14 15 25 8 0 619
15 50 23 60 0 379
96 18 96 36 0 879
40 61 50 69 0 539
77 47 91 51 0 959
52 73 48 87 0 739
71 71 83 77 0 839
68 48 62 60 0 759
60 80 51 89 0 799
14 40 18 54 0 79
60 18 58 2 0 879
32 12 16 10 0 359
14 7 23 16 0 379
41 8 31 16 0 499
2 83 6 97 0 259
51 68 50 51 0 339
94 56 84 48 0 999
0 1 14 5 0 19
39 57 52 61 0 579
37 60 29 50 0 459
94 69 86 60 0 879
25 50 14 57 0 699
95 17 95 35 0 959
16 48 17 65 0 199
25 53 16 62 0 999
58 48 51 59 0 639
62 4 57 17 0 239
25 34 15 42 0 179
34 54 50 53 0 139
81 62 89 52 0 579
22 3 7 6 0 59
25 21 34 13 0 459
3 44 2 61 0 219
37 9 54 10 0 399
48 18 64 16 0 479
7 14 13 2 0 899
55 74 59 88 0 459
0 1 7 12 0 19
14 17 14 35 0 259
48 75 40 65 0 619
73 37 77 23 0 719
66 42 49 43 0 839
47 25 35 30 0 979
23 17 36 22 0 79
36 18 37 35 0 319
46 28 57 34 0 539
28 55 22 43 0 939
21 16 19 0 0 379
35 21 20 24 0 599
28 28 43 25 0 559
45 2 43 17 0 159
0 1 5 14 0 19
64 20 76 26 0 679
8 27 4 13 0 59
20 37 21 20 0 219
20 25 17 10 0 379
72 62 60 68 0 719
94 57 85 48 0 779
73 37 59 41 0 799
11 24 11 6 0 59
29 63 41 57 0 599
38 37 21 36 0 139
79 60 96 61 0 939
68 37 72 51 0 899
71 50 71 67 0 919
60 90 57 75 0 319
55 57 55 74 0 579
16 70 9 81 0 879
21 19 21 1 0 159
32 66 26 78 0 279
8 29 22 33 0 59
33 85 50 86 0 799
20 45 13 34 0 139
0 53 5 66 0 99
77 3 89 9 0 759
47 68 58 61 0 819
75 21 84 12 0 719
11 98 14 83 0 179
80 83 88 93 0 899
49 14 32 13 0 579
12 90 19 79 0 239
19 80 4 77 0 259
19 50 27 40 0 939
93 39 89 52 0 619
97 81 84 85 0 939
26 7 12 3 0 979
4 27 9 40 0 99
40 65 54 69 0 939
23 35 16 46 0 559
12 94 26 90 0 639
22 50 32 42 0 199
3 83 0 69 0 459
12 17 27 14 0 139
49 32 49 15 0 559
45 44 34 51 0 339
23 5 39 4 0 339
55 33 55 15 0 559
7 13 23 15 0 39
34 52 51 51 0 399
51 19 44 29 0 619
49 14 51 30 0 339
38 71 48 63 0 419
28 38 29 55 0 599
9 35 14 47 0 179
22 11 22 29 0 59
28 35 41 40 0 699
34 36 26 46 0 999
47 45 35 50 0 979
39 5 39 23 0 359
18 30 20 46 0 119
1 23 14 28 0 119
4 24 14 16 0 79
65 55 77 61 0 879
33 82 34 65 0 699
36 57 24 51 0 539
85 90 70 87 0 939
55 30 58 15 0 979
46 32 31 29 0 799
37 2 27 10 0 259
61 10 61 28 0 499
6 15 13 25 0 39
20 73 17 88 0 819
16 40 24 50 0 79
28 64 41 69 0 519
13 43 18 56 0 119
49 81 38 88 0 439
70 6 84 2 0 759
15 39 0 37 0 179
5 22 20 19 0 179
91 71 78 76 0 919
16 3 31 5 0 39
21 49 22 32 0 439
60 52 77 53 0 479
31 28 19 22 0 99
86 79 71 76 0 779
5 80 12 91 0 859
53 15 42 8 0 359
30 91 25 78 0 699
39 23 53 27 0 399
24 76 16 86 0 359
51 38 48 53 0 499
43 36 43 54 0 179
22 68 5 67 0 719
24 50 26 66 0 559
94 54 87 65 0 279
89 52 97 42 0 539
97 43 89 53 0 559
23 13 19 27 0 759
40 76 34 64 0 959
19 18 22 3 0 59
64 47 74 55 0 779
17 62 17 79 0 839
60 32 60 50 0 639
74 37 75 20 0 699
21 4 21 22 0 219
84 11 70 7 0 739
62 93 54 83 0 819
47 23 36 17 0 299
68 96 62 84 0 719
36 11 53 12 0 259
88 13 73 16 0 419
30 33 29 16 0 419
67 27 74 38 0 519
36 81 39 96 0 659
90 60 93 75 0 919
93 76 88 89 0 939
2 19 2 1 0 179
55 77 39 75 0 999
52 72 48 86 0 559
39 69 36 54 0 759
26 54 37 48 0 299
49 25 43 13 0 879
16 31 27 24 0 259
95 34 87 24 0 699
66 89 66 71 0 659
17 66 22 53 0 219
58 60 62 74 0 839
46 52 53 41 0 999
38 32 47 23 0 199
45 28 61 30 0 899
30 24 21 33 0 239
53 55 40 50 0 919
69 73 70 90 0 559
18 3 18 21 0 819
39 67 29 60 0 179
53 17 51 33 0 519
95 36 88 47 0 979
13 76 16 62 0 559
55 81 43 75 0 719
39 47 41 63 0 359
9 50 21 44 0 739
51 63 40 57 0 499
16 31 12 45 0 219
4 78 8 64 0 279
0 1 7 12 0 19
89 89 97 98 0 539
38 80 44 92 0 919
33 2 29 16 0 419
65 76 65 94 0 659
16 29 26 21 0 579
34 23 22 17 0 499
76 88 91 91 0 839
67 55 64 40 0 679
37 90 21 88 0 459
78 82 76 98 0 719
76 96 89 92 0 739
63 81 46 82 0 479
49 39 55 27 0 799
54 26 56 10 0 359
30 18 42 12 0 319
14 25 9 38 0 179
36 3 40 17 0 139
32 10 20 16 0 679
43 64 39 78 0 659
29 37 21 27 0 239
30 34 17 39 0 279
14 55 20 43 0 459
29 44 17 50 0 859
78 54 89 61 0 999
6 70 13 81 0 399
49 36 41 26 0 979
79 81 94 84 0 639
22 51 18 64 0 319
47 14 58 21 0 659
33 29 33 11 0 999
22 25 13 16 0 139
39 14 44 1 0 899
12 4 28 2 0 159
58 96 56 80 0 319
61 60 56 73 0 579
53 67 60 56 0 959
30 17 30 35 0 259
43 25 49 13 0 559
23 7 8 4 0 479
32 64 29 79 0 439
34 5 44 13 0 459
1 91 15 95 0 279
5 38 11 50 0 179
40 91 30 83 0 419
28 47 39 40 0 859
33 39 26 29 0 99
26 5 18 15 0 179
27 27 40 32 0 479
40 33 56 35 0 499
29 65 33 79 0 839
56 30 70 26 0 639
9 53 4 66 0 279
24 35 26 50 0 639
82 39 70 33 0 619
16 16 27 9 0 239
22 28 16 16 0 199
25 55 9 57 0 639
13 47 17 61 0 519
57 32 49 22 0 699
36 51 25 58 0 499
34 69 32 53 0 539
68 80 56 86 0 679
18 26 9 35 0 79
14 39 27 44 0 179
20 56 14 68 0 519
36 91 44 81 0 459
13 7 28 10 0 39
42 7 39 22 0 379
70 78 72 62 0 679
55 21 38 22 0 719
47 63 45 47 0 399
59 48 55 34 0 539
9 16 4 3 0 579
19 12 15 26 0 99
14 6 10 20 0 39
56 79 48 89 0 579
11 9 12 26 0 39
28 12 31 27 0 79
5 26 19 30 0 99
21 15 21 33 0 959
82 38 94 32 0 839
51 87 67 88 0 499
61 57 64 42 0 959
28 43 35 54 0 499
21 94 18 79 0 659
8 53 25 54 0 979
25 94 31 82 0 539
13 24 9 38 0 59
13 18 0 23 0 219
5 48 19 52 0 379
44 44 44 62 0 399
28 38 28 20 0 239
6 75 22 73 0 739
38 74 34 60 0 519
36 65 32 79 0 539
59 34 63 20 0 379
7 11 21 15 0 39
45 23 50 36 0 479
70 41 82 35 0 979
60 73 46 69 0 779
93 40 76 41 0 659
82 44 65 43 0 559
23 23 38 20 0 919
48 70 52 56 0 599
74 20 60 24 0 879
21 19 33 25 0 239
20 78 37 77 0 559
48 26 38 33 0 179
30 9 34 23 0 459
15 40 22 50 0 439
75 77 72 92 0 679
7 13 17 5 0 39
28 33 26 49 0 179
29 83 38 74 0 799
38 75 26 81 0 819
19 5 35 3 0 79
45 88 44 71 0 819
24 47 31 36 0 699
23 68 8 71 0 899
17 83 8 92 0 519
21 64 13 54 0 939
20 94 23 79 0 679
25 51 14 44 0 519
35 13 21 17 0 119
28 47 25 32 0 779
77 32 80 47 0 379
12 1 3 10 0 939
23 80 28 93 0 699
21 10 14 20 0 79
56 22 60 35 0 579
10 29 21 22 0 219
7 69 23 71 0 599
27 44 34 33 0 179
17 38 13 52 0 299
76 98 87 91 0 599
66 17 73 28 0 539
11 40 12 57 0 139
66 40 52 36 0 599
63 69 48 67 0 299
18 29 14 15 0 579
5 66 13 76 0 219
60 19 62 3 0 539
62 21 51 28 0 299
69 17 59 9 0 559
98 72 96 88 0 919
18 55 5 50 0 139
51 29 56 16 0 359
29 40 15 44 0 499
64 44 66 60 0 879
12 35 26 39 0 219
17 3 13 17 0 39
52 68 61 59 0 559
37 49 35 33 0 879
35 89 34 72 0 559
3 39 8 52 0 79
56 72 67 65 0 639
22 15 9 20 0 59
63 67 68 80 0 479
92 32 82 40 0 599
96 62 91 49 0 959
1 19 9 29 0 159
57 58 54 44 0 759
54 45 71 46 0 779
71 47 79 37 0 799
6 78 19 73 0 439
7 13 19 7 0 39
95 22 94 5 0 739
24 92 8 93 0 979
62 28 62 46 0 599
76 35 86 27 0 659
42 23 35 12 0 99
41 51 28 56 0 359
6 12 5 29 0 39
25 53 14 46 0 999
0 1 7 12 0 19
11 4 2 13 0 59
69 59 82 54 0 639
18 14 6 20 0 319
1 44 1 26 0 939
88 29 83 42 0 899
40 46 44 59 0 619
26 31 37 24 0 259
8 42 15 31 0 359
29 57 39 65 0 279
94 55 88 43 0 419
36 44 20 46 0 239
19 31 24 18 0 119
32 77 36 91 0 779
31 48 18 44 0 279
16 27 29 32 0 219
31 53 14 54 0 439
59 43 51 53 0 239
17 41 3 45 0 199
27 20 27 38 0 179
9 81 8 64 0 319
88 44 90 60 0 439
40 37 47 48 0 299
5 66 15 74 0 779
16 13 15 30 0 259
19 38 21 22 0 139
11 22 11 40 0 499
27 41 29 57 0 959
21 29 26 16 0 159
16 6 11 19 0 79
52 40 39 35 0 439
11 9 22 16 0 39
22 82 8 78 0 759
30 26 19 33 0 159
53 72 63 80 0 459
88 64 83 51 0 719
1 27 9 37 0 159
87 75 72 78 0 759
4 34 17 39 0 319
59 68 49 60 0 779
12 51 15 66 0 299
91 13 77 17 0 839
0 1 10 9 0 19
44 78 45 61 0 839
49 20 45 34 0 379
21 49 28 38 0 439
18 80 33 83 0 679
82 77 75 66 0 739
61 86 53 96 0 779
28 8 24 22 0 559
54 40 38 38 0 479
60 34 47 29 0 679
35 24 40 37 0 99
28 63 24 77 0 419
19 12 31 18 0 819
25 34 11 38 0 499
10 1 18 11 0 139
57 4 40 3 0 459
36 9 48 3 0 179
89 78 88 95 0 819
29 4 32 19 0 339
35 17 42 6 0 759
65 53 68 68 0 679
25 92 24 75 0 419
32 49 49 50 0 299
52 26 47 13 0 639
35 52 47 58 0 339
43 70 37 82 0 619
66 53 78 59 0 379
21 64 21 82 0 619
72 27 67 14 0 819
62 92 56 81 0 619
51 22 58 11 0 619
62 10 73 3 0 599
36 35 39 20 0 499
0 20 17 19 0 39
41 35 39 51 0 439
4 1 16 7 0 859
43 74 31 80 0 739
38 15 35 29 0 599
26 97 20 85 0 179
26 37 15 30 0 939
41 49 26 46 0 639
12 64 7 77 0 159
51 18 45 6 0 699
32 25 29 10 0 339
24 21 15 30 0 579
27 80 27 97 0 639
68 39 77 48 0 539
64 81 61 96 0 419
47 6 53 18 0 139
3 15 17 19 0 39
28 66 31 51 0 559
56 26 47 35 0 879
64 39 74 47 0 699
9 43 21 49 0 79
23 36 31 46 0 259
94 74 81 79 0 839
34 66 48 70 0 719
25 38 19 26 0 419
8 26 13 39 0 799
98 65 82 63 0 899
25 12 40 9 0 59
10 6 11 23 0 119
32 74 29 59 0 559
28 29 21 40 0 379
92 51 98 63 0 939
17 20 22 33 0 699
47 74 55 84 0 859
23 3 24 20 0 639
43 54 29 50 0 219
9 80 13 66 0 899
29 96 21 87 0 279
91 37 82 46 0 679
12 44 16 30 0 239
14 40 30 38 0 319
28 42 45 41 0 359
39 46 24 43 0 459
22 26 36 22 0 319
12 54 25 59 0 599
29 83 35 95 0 519
13 18 9 4 0 59
86 49 84 65 0 539
22 42 10 48 0 959
53 44 52 61 0 499
26 91 26 73 0 459
29 40 29 58 0 259
50 50 66 52 0 359
95 84 93 68 0 539
38 26 39 9 0 879
80 27 93 32 0 739
8 90 21 95 0 639
6 96 0 84 0 279
8 12 5 27 0 39
26 20 10 22 0 599
59 71 64 84 0 239
15 19 19 33 0 479
63 74 60 89 0 299
61 73 76 75 0 419
28 82 34 70 0 959
11 54 5 66 0 979
6 45 19 50 0 459
11 60 23 54 0 899
23 27 35 21 0 79
92 84 81 90 0 579
55 43 71 45 0 919
49 47 40 38 0 279
22 16 11 9 0 519
3 33 17 29 0 439
59 24 61 8 0 459
38 11 54 9 0 139
33 19 39 31 0 359
94 93 98 79 0 699
73 7 57 5 0 439
70 28 77 18 0 819
5 33 21 31 0 439
56 23 71 20 0 619
29 35 45 33 0 159
7 48 19 42 0 219
0 1 2 17 0 19
62 5 78 3 0 739
20 28 9 35 0 399
80 55 82 71 0 259
82 69 75 79 0 279
13 98 15 83 0 319
40 13 35 26 0 139
18 33 11 23 0 479
54 11 54 29 0 419
47 73 54 83 0 699
33 23 23 31 0 359
23 70 32 79 0 579
29 20 31 36 0 179
31 68 45 64 0 899
55 16 46 24 0 439
17 16 31 20 0 219
67 89 62 76 0 519
43 74 51 65 0 479
53 60 51 44 0 499
58 59 65 70 0 579
72 79 84 85 0 699
6 19 22 21 0 339
63 24 47 26 0 419
30 56 25 43 0 879
18 67 32 63 0 659
1 23 1 5 0 919
54 98 67 93 0 719
72 77 85 82 0 579
6 67 18 61 0 819
34 56 25 65 0 159
77 40 78 56 0 879
9 75 1 85 0 399
27 22 14 17 0 899
13 51 13 69 0 239
56 70 45 63 0 879
78 47 64 43 0 619
18 73 35 74 0 899
32 61 32 43 0 339
62 66 73 59 0 959
50 37 42 47 0 499
38 31 47 22 0 699
15 75 21 87 0 799
40 55 49 64 0 619
90 0 90 18 0 959
22 30 35 25 0 79
23 97 14 88 0 399
47 60 35 66 0 939
18 76 23 88 0 539
48 54 51 69 0 319
6 64 6 46 0 439
17 62 22 75 0 539
58 14 53 26 0 579
5 39 0 52 0 79
49 59 38 66 0 799
18 4 24 16 0 199
49 29 53 43 0 479
15 25 15 7 0 719
51 16 35 14 0 659
1 78 2 95 0 259
24 32 29 44 0 379
68 80 53 83 0 759
22 28 14 38 0 159
39 19 25 15 0 239
0 26 3 12 0 59
63 73 61 89 0 799
31 38 18 43 0 499
44 58 47 73 0 839
58 3 70 9 0 899
27 30 18 22 0 359
51 73 46 60 0 959
3 6 8 19 0 59
33 32 49 30 0 459
73 73 58 70 0 839
43 50 52 41 0 419
23 20 19 6 0 899
80 5 80 23 0 819
38 69 31 58 0 659
58 73 67 82 0 579
0 1 13 6 0 19
4 17 18 14 0 159
53 97 45 87 0 799
51 24 35 26 0 699
13 71 28 69 0 259
48 95 41 84 0 899
71 46 81 38 0 939
54 84 54 66 0 839
11 7 19 17 0 39
16 28 20 14 0 79
23 15 34 22 0 79
30 47 45 50 0 979
40 38 37 53 0 759
18 45 27 36 0 299
24 40 16 50 0 599
22 83 33 77 0 639
57 57 61 43 0 799
44 16 56 22 0 639
27 51 38 58 0 119
15 32 20 45 0 379
71 70 72 53 0 739
43 21 36 10 0 159
44 78 47 93 0 399
75 67 65 59 0 759
23 72 33 79 0 239
40 33 56 31 0 299
20 84 6 80 0 279
71 26 68 11 0 579
68 77 76 87 0 819
93 89 85 99 0 639
19 10 15 23 0 799
59 77 47 71 0 679
51 69 40 62 0 399
1 1 10 9 0 19
0 2 11 8 0 19
55 7 59 21 0 199
22 33 12 41 0 459
29 80 44 83 0 819
34 48 26 58 0 519
78 23 87 14 0 779
40 62 25 59 0 559
55 70 51 84 0 739
48 54 43 67 0 519
46 68 58 62 0 799
8 60 7 43 0 639
16 27 3 22 0 659
17 33 1 35 0 679
1 36 12 29 0 699
15 36 3 42 0 779
19 94 27 84 0 579
64 30 72 20 0 839
81 51 94 55 0 979
31 58 16 61 0 139
24 65 16 55 0 899
28 81 17 74 0 819
36 19 49 24 0 859
53 11 38 14 0 959
39 8 22 7 0 899
34 43 17 42 0 779
15 93 32 92 0 399
3 11 11 1 0 959
39 37 47 27 0 919
11 19 0 26 0 999
73 33 69 19 0 919
28 75 26 59 0 539
13 42 1 36 0 499
31 11 31 29 0 719
53 13 53 31 0 479
29 9 28 26 0 119
49 12 61 6 0 739
64 57 80 59 0 819
82 92 69 88 0 819
65 55 74 64 0 639
26 30 26 12 0 119
31 21 40 12 0 999
45 76 28 75 0 659
38 34 47 25 0 279
17 11 2 8 0 879
1 14 15 11 0 559
24 56 39 53 0 599
13 24 20 13 0 59
32 18 49 19 0 359
47 27 64 28 0 439
81 35 95 31 0 719
16 30 23 19 0 159
61 46 77 44 0 539
70 64 82 58 0 519
21 56 21 39 0 159
9 19 24 22 0 79
0 1 5 14 0 19
46 84 50 70 0 559
38 33 42 47 0 339
43 81 59 79 0 599
27 96 31 82 0 659
72 72 75 87 0 639
66 39 49 40 0 419
45 60 41 46 0 859
0 24 14 20 0 119
46 78 32 82 0 719
47 30 55 40 0 699
38 69 51 74 0 939
53 69 68 66 0 399
39 45 52 40 0 799
38 45 38 63 0 459
1 16 13 11 0 39
44 82 55 75 0 839
0 1 1 18 0 19
46 59 30 61 0 899
16 90 11 77 0 919
67 56 63 42 0 939
31 48 26 36 0 919
5 60 7 76 0 259
26 66 15 73 0 999
66 87 69 72 0 539
32 62 36 76 0 679
26 3 23 18 0 59
53 50 42 56 0 759
5 66 16 72 0 359
12 46 12 28 0 679
4 11 20 9 0 59
66 73 67 56 0 819
33 53 41 63 0 279
30 44 14 42 0 199
51 32 50 15 0 539
29 39 18 46 0 239
36 51 35 68 0 539
19 63 19 81 0 279
41 39 51 47 0 719
0 1 11 8 0 19
28 69 34 81 0 699
52 83 48 69 0 579
10 34 26 32 0 239
25 43 26 60 0 319
40 12 25 15 0 159
93 32 78 29 0 979
22 34 11 41 0 399
35 75 49 79 0 919
57 40 44 45 0 499
53 55 57 41 0 479
37 24 36 41 0 459
62 85 55 74 0 739
21 91 18 76 0 639
8 87 5 72 0 339
89 78 97 68 0 619
6 34 17 28 0 59
82 63 87 76 0 659
44 17 33 24 0 339
11 7 22 14 0 79
0 1 1 18 0 139
12 71 28 69 0 379
26 45 40 49 0 459
31 42 20 35 0 539
83 94 95 99 0 799
11 69 20 60 0 479
0 18 7 29 0 39
48 75 35 70 0 859
67 33 66 16 0 519
0 1 10 9 0 19
88 92 85 77 0 919
85 78 99 74 0 939
47 99 42 86 0 639
16 78 4 84 0 359
34 19 38 5 0 299
55 86 44 79 0 979
8 12 21 7 0 39
2 65 9 76 0 739
34 60 50 58 0 799
35 26 22 31 0 299
25 69 15 61 0 879
58 32 62 46 0 359
16 4 28 10 0 39
42 33 40 49 0 459
16 61 9 50 0 579
70 36 83 41 0 319
3 15 11 5 0 39
65 65 53 59 0 479
29 66 29 48 0 259
50 41 42 50 0 839
22 30 16 42 0 319
16 43 14 59 0 339
30 35 15 38 0 259
9 29 10 46 0 319
70 50 79 41 0 919
3 52 17 48 0 419
19 82 18 98 0 639
4 44 17 49 0 759
31 69 23 59 0 479
31 81 47 83 0 559
48 36 40 46 0 839
25 54 24 37 0 259
95 62 85 54 0 979
76 42 70 54 0 679
7 30 20 35 0 99
24 47 21 62 0 99
6 69 10 83 0 739
36 30 27 39 0 519
58 55 46 61 0 699
47 45 58 38 0 959
12 37 27 34 0 819
15 27 30 30 0 79
46 78 61 81 0 759
0 1 6 13 0 19
88 18 96 28 0 839
31 39 32 23 0 299
24 51 13 44 0 99
29 93 17 87 0 639
0 1 4 15 0 19
53 89 42 96 0 519
86 42 94 52 0 919
48 75 64 73 0 499
15 25 17 9 0 479
16 7 32 9 0 659
28 12 29 29 0 799
