100 100 100 1000 149 150
11 14 3 19 0 44
0 14 5 23 0 29
12 43 8 34 0 104
14 21 26 22 0 104
10 3 8 14 0 29
29 12 40 10 0 119
19 8 31 9 0 119
0 0 12 2 0 14
17 16 21 25 0 59
30 33 39 29 0 149
8 7 3 15 0 29
11 17 19 11 0 44
13 3 15 15 0 44
15 15 25 19 0 59
3 14 15 15 0 44
19 12 14 20 0 89
41 22 52 20 0 149
44 16 50 8 0 134
21 1 29 7 0 44
16 13 16 0 0 149
17 14 22 22 0 104
0 1 5 9 0 14
2 17 3 29 0 44
0 1 9 5 0 14
13 15 1 13 0 44
13 5 10 16 0 44
4 9 3 21 0 29
17 23 22 14 0 74
1 42 13 41 0 134
25 10 16 14 0 134
6 7 18 8 0 149
23 8 25 19 0 89
5 28 12 34 0 89
21 22 24 32 0 104
1 14 5 23 0 29
16 12 26 16 0 44
19 35 12 28 0 134
2 24 8 16 0 74
16 20 11 11 0 59
3 42 12 46 0 74
0 1 6 8 0 14
19 9 21 21 0 74
9 18 16 24 0 44
8 30 4 40 0 59
16 11 21 19 0 74
9 18 12 8 0 44
5 8 2 18 0 59
44 22 34 26 0 134
9 28 2 34 0 134
29 6 33 15 0 59
20 34 26 26 0 134
1 12 4 22 0 29
19 4 15 13 0 119
20 7 20 20 0 44
11 12 8 22 0 74
6 8 11 17 0 29
0 1 10 4 0 44
1 29 12 26 0 119
0 0 10 4 0 14
14 15 8 8 0 44
0 1 9 5 0 14
11 4 15 13 0 29
14 13 21 7 0 44
12 33 10 44 0 119
1 13 9 19 0 29
12 15 1 13 0 44
20 2 19 15 0 149
18 7 21 17 0 89
12 19 0 18 0 59
16 7 23 1 0 59
16 24 16 10 0 59
1 14 0 26 0 29
18 36 10 30 0 119
4 2 16 0 0 119
8 24 7 11 0 104
20 7 25 15 0 44
9 23 6 34 0 89
34 19 44 22 0 119
27 17 35 23 0 134
35 14 47 15 0 134
27 32 18 28 0 134
0 1 1 13 0 14
0 28 6 36 0 89
14 18 13 5 0 59
18 5 17 17 0 89
2 29 1 41 0 59
20 29 8 28 0 74
12 21 17 13 0 104
0 0 0 14 0 14
24 1 27 11 0 74
0 15 7 9 0 29
17 14 10 20 0 149
0 0 5 9 0 14
13 19 9 29 0 119
9 18 13 9 0 74
0 1 8 6 0 14
22 5 14 10 0 104
16 19 18 8 0 74
10 6 2 0 0 104
34 17 44 20 0 149
0 0 12 2 0 14
7 35 16 40 0 89
12 15 24 16 0 44
19 11 24 2 0 59
3 17 16 18 0 74
39 28 36 38 0 119
17 23 30 22 0 104
6 10 16 6 0 119
16 5 18 16 0 134
0 17 11 19 0 74
14 33 7 39 0 119
18 20 19 33 0 59
6 12 12 20 0 119
0 1 9 5 0 14
46 34 56 30 0 149
9 11 3 19 0 119
41 7 53 9 0 104
12 1 22 4 0 44
6 8 1 17 0 29
0 1 1 13 0 14
8 7 15 1 0 134
13 18 11 29 0 119
2 42 8 34 0 74
12 8 20 14 0 59
18 7 26 12 0 89
19 6 19 19 0 149
8 17 16 12 0 89
0 1 0 14 0 14
2 7 5 17 0 134
24 31 23 19 0 119
17 19 13 29 0 59
4 10 9 19 0 89
16 34 3 33 0 104
59 2 47 3 0 149
1 28 8 34 0 149
11 6 21 3 0 59
9 4 9 17 0 29
8 20 11 9 0 89
6 8 19 9 0 29
8 2 2 10 0 59
0 1 2 12 0 14
26 12 27 25 0 104
28 9 30 20 0 74
1 12 11 9 0 59
3 33 12 38 0 119
6 16 10 6 0 44
21 16 11 13 0 104
5 3 13 9 0 149
5 2 5 15 0 44
16 11 13 1 0 44
10 43 4 36 0 134
20 51 18 40 0 119
6 9 14 14 0 29
8 27 8 14 0 59
11 4 0 6 0 29
30 19 30 6 0 89
15 43 21 35 0 119
16 16 10 8 0 119
11 31 22 28 0 134
31 19 24 26 0 149
5 9 1 19 0 29
7 37 19 35 0 119
13 28 8 20 0 74
12 13 1 11 0 44
10 13 4 6 0 44
18 15 9 11 0 149
0 0 13 1 0 14
11 6 18 12 0 74
6 25 13 19 0 104
19 16 10 12 0 74
10 48 10 62 0 149
10 5 2 0 0 29
3 20 11 15 0 44
37 37 28 32 0 119
20 26 33 25 0 119
28 0 22 8 0 149
12 18 12 32 0 104
13 12 25 11 0 119
0 1 8 6 0 14
18 9 10 4 0 44
15 28 22 34 0 104
19 17 9 13 0 119
0 0 13 1 0 14
11 3 22 6 0 59
27 20 18 24 0 119
15 12 17 23 0 89
34 36 46 34 0 134
44 14 54 18 0 149
6 25 6 38 0 104
7 33 2 42 0 59
0 0 6 8 0 14
26 36 33 43 0 149
9 31 19 35 0 89
6 34 18 36 0 104
13 41 5 47 0 149
27 12 37 15 0 89
8 14 13 23 0 44
0 0 6 8 0 14
22 34 17 25 0 119
18 40 29 43 0 134
1 7 12 4 0 44
0 6 6 14 0 44
28 8 28 22 0 149
34 59 40 52 0 134
10 43 13 33 0 149
21 30 27 37 0 119
3 6 0 16 0 59
11 26 16 34 0 89
17 1 5 3 0 59
12 33 15 43 0 104
1 14 9 9 0 149
1 2 9 7 0 149
0 7 11 5 0 44
9 5 15 13 0 29
21 4 14 10 0 74
9 4 15 11 0 29
17 25 19 37 0 134
26 13 37 15 0 149
2 7 1 19 0 89
10 30 10 44 0 89
0 1 1 13 0 14
6 30 9 19 0 74
25 18 35 21 0 104
39 20 45 13 0 134
5 8 12 14 0 29
25 12 22 22 0 119
8 6 3 15 0 29
12 38 2 42 0 134
9 33 9 47 0 119
15 19 13 7 0 134
13 41 15 53 0 149
12 31 20 26 0 89
12 19 4 24 0 59
0 0 4 10 0 14
15 26 6 30 0 59
7 10 18 8 0 74
38 37 49 35 0 104
49 35 55 27 0 119
10 7 21 5 0 59
10 3 21 1 0 29
4 22 14 26 0 44
0 14 11 17 0 29
26 19 35 15 0 119
0 1 0 14 0 14
9 20 10 32 0 74
10 31 0 34 0 89
27 38 35 43 0 134
13 0 10 10 0 29
20 3 23 13 0 149
17 18 10 12 0 104
12 26 8 36 0 134
18 25 24 32 0 134
23 8 12 10 0 104
7 15 11 5 0 59
5 23 14 18 0 44
10 5 0 8 0 29
12 5 6 12 0 104
12 4 1 1 0 59
9 48 10 60 0 134
11 3 1 7 0 29
19 34 29 31 0 74
11 4 1 7 0 29
35 42 27 47 0 149
9 48 18 52 0 149
8 6 20 8 0 29
0 0 8 6 0 14
2 13 5 3 0 29
12 15 12 28 0 44
3 26 10 32 0 149
37 30 31 37 0 119
5 18 16 20 0 149
23 2 14 6 0 89
12 3 18 10 0 29
12 19 18 12 0 59
3 29 3 43 0 59
3 42 1 31 0 104
2 41 14 40 0 149
10 19 5 11 0 44
45 13 47 1 0 134
26 31 26 18 0 149
0 9 6 16 0 44
29 43 32 32 0 149
8 20 15 13 0 74
12 2 5 9 0 29
22 8 31 3 0 89
38 29 46 24 0 89
31 37 40 42 0 134
13 9 19 17 0 104
32 43 22 40 0 149
8 10 8 24 0 74
22 23 13 19 0 119
11 15 14 4 0 59
8 7 9 19 0 134
2 0 11 5 0 119
9 7 22 8 0 74
0 0 5 9 0 14
0 15 0 28 0 74
12 10 2 6 0 74
0 1 1 13 0 14
25 15 27 27 0 89
3 11 3 25 0 134
12 12 14 24 0 74
0 1 6 8 0 14
5 36 14 40 0 104
13 12 1 11 0 74
1 11 5 1 0 89
5 2 17 1 0 104
18 4 8 8 0 119
17 11 4 12 0 74
5 1 10 10 0 74
1 42 7 35 0 74
5 2 8 12 0 74
6 9 18 8 0 104
1 13 5 3 0 29
11 9 2 4 0 74
0 1 10 4 0 14
0 0 1 13 0 14
16 15 17 27 0 119
17 27 17 13 0 134
6 27 18 26 0 89
12 19 3 23 0 59
4 10 10 18 0 29
7 32 18 34 0 149
19 2 26 8 0 59
17 9 17 23 0 59
9 20 7 31 0 149
16 50 27 47 0 89
8 7 5 17 0 29
21 12 21 25 0 149
17 16 15 27 0 74
21 24 21 11 0 74
6 15 18 16 0 59
15 11 22 18 0 44
8 11 6 22 0 89
0 0 10 4 0 14
29 30 41 29 0 89
11 17 16 8 0 44
30 23 39 19 0 119
23 19 18 28 0 134
21 5 18 16 0 44
22 5 15 11 0 74
20 12 9 15 0 89
19 8 25 1 0 104
0 0 8 6 0 14
5 16 16 18 0 59
21 28 26 20 0 134
10 35 18 40 0 119
19 4 18 16 0 119
8 56 12 46 0 149
0 1 2 12 0 14
11 29 13 41 0 134
5 24 10 32 0 149
12 1 12 14 0 29
10 5 21 3 0 29
16 1 13 11 0 104
8 33 7 45 0 149
22 15 23 3 0 89
17 0 9 5 0 119
8 31 17 27 0 59
7 34 12 42 0 134
18 13 6 14 0 89
36 20 25 17 0 89
22 29 13 33 0 149
0 1 3 11 0 14
29 21 40 24 0 74
6 39 15 35 0 119
38 35 32 42 0 104
19 16 28 12 0 149
12 17 20 22 0 44
10 15 5 23 0 44
5 23 3 11 0 119
20 7 8 8 0 44
10 9 9 21 0 74
10 3 14 12 0 59
53 9 47 1 0 119
0 0 11 3 0 14
6 9 2 18 0 29
17 9 23 1 0 74
11 20 15 29 0 134
10 21 10 8 0 149
3 13 9 21 0 119
23 29 22 42 0 89
19 9 14 18 0 44
17 4 17 17 0 59
21 3 24 14 0 44
6 7 16 4 0 59
27 34 24 44 0 134
2 9 8 2 0 44
28 32 32 42 0 134
5 38 11 45 0 104
9 4 20 6 0 29
15 27 15 41 0 89
1 17 12 20 0 44
0 1 6 8 0 14
0 1 9 5 0 14
11 18 6 10 0 89
4 12 12 18 0 44
6 9 13 3 0 29
10 21 21 23 0 149
13 7 13 21 0 149
10 43 10 30 0 104
4 27 5 39 0 89
7 28 14 34 0 104
22 18 28 26 0 59
9 12 12 22 0 149
3 3 8 12 0 74
0 33 10 36 0 104
9 15 21 13 0 104
12 42 22 38 0 149
12 8 1 5 0 59
4 14 5 27 0 149
16 4 21 13 0 74
13 0 12 12 0 119
35 18 44 14 0 134
15 36 25 39 0 134
0 0 6 8 0 14
0 0 12 2 0 14
16 15 21 7 0 119
10 10 21 7 0 89
8 15 19 13 0 74
0 0 7 7 0 14
2 3 6 12 0 89
21 3 18 14 0 74
4 17 9 9 0 59
5 10 17 9 0 44
28 6 33 15 0 134
17 12 5 11 0 119
40 51 52 52 0 149
8 21 10 32 0 89
9 5 21 3 0 59
9 20 9 33 0 104
0 0 1 13 0 14
5 3 17 1 0 44
20 13 30 16 0 74
6 10 17 7 0 119
8 12 6 24 0 89
23 18 33 15 0 59
40 23 38 34 0 89
4 9 11 15 0 29
33 1 39 9 0 89
0 1 10 4 0 14
26 17 16 20 0 59
5 11 11 3 0 44
20 4 21 17 0 89
20 12 8 10 0 89
3 12 8 20 0 59
1 0 8 6 0 74
26 7 14 8 0 74
7 11 16 6 0 119
1 13 14 14 0 29
9 14 5 23 0 104
24 9 32 4 0 119
12 33 12 20 0 89
0 1 7 7 0 14
6 7 15 11 0 29
5 20 2 10 0 44
18 26 6 24 0 104
10 33 1 29 0 104
36 39 41 31 0 134
13 32 16 22 0 149
0 1 5 9 0 14
27 46 24 56 0 104
28 14 41 15 0 74
1 12 0 0 0 59
13 23 15 35 0 119
16 12 13 23 0 104
0 1 1 13 0 14
15 13 6 8 0 134
0 26 7 33 0 44
19 12 25 5 0 119
10 3 21 5 0 29
14 9 19 1 0 59
22 42 31 37 0 104
4 10 10 18 0 29
11 42 23 43 0 149
12 1 4 6 0 29
5 10 14 6 0 29
6 23 6 10 0 104
11 30 21 27 0 119
0 1 0 14 0 14
6 8 12 0 0 29
16 55 9 49 0 134
13 8 15 19 0 44
25 15 17 9 0 59
47 2 52 10 0 149
13 15 1 13 0 44
6 23 6 10 0 104
15 14 16 2 0 89
0 1 4 10 0 14
25 12 15 9 0 149
27 28 15 27 0 134
11 3 0 6 0 29
21 8 17 17 0 104
14 11 3 13 0 89
1 13 6 4 0 29
35 24 37 13 0 149
7 39 15 33 0 134
30 6 18 4 0 104
26 8 27 21 0 104
0 0 12 2 0 14
12 2 20 8 0 29
17 16 6 18 0 149
8 10 19 7 0 104
6 13 16 16 0 104
1 15 11 11 0 59
35 4 36 16 0 74
16 19 23 13 0 74
25 2 16 6 0 119
5 11 8 0 0 59
2 18 5 29 0 74
18 13 26 8 0 89
8 6 12 16 0 29
12 15 15 25 0 44
0 0 8 6 0 14
16 13 7 17 0 74
9 18 10 6 0 89
25 5 25 19 0 134
19 7 29 3 0 74
7 20 8 32 0 44
0 1 0 14 0 14
10 4 16 12 0 29
10 3 5 11 0 29
8 21 8 34 0 44
14 5 24 2 0 44
13 12 23 9 0 74
18 25 24 32 0 134
4 24 12 30 0 74
13 0 4 4 0 29
42 24 45 13 0 119
26 27 35 23 0 149
0 1 10 4 0 14
18 18 29 15 0 149
5 8 1 17 0 29
2 24 9 31 0 74
4 11 16 10 0 29
0 1 0 14 0 14
8 34 1 41 0 119
20 7 18 18 0 104
1 1 1 15 0 44
46 23 57 21 0 104
30 17 37 11 0 89
17 12 17 25 0 119
12 1 19 7 0 59
18 16 10 10 0 59
15 26 15 39 0 149
9 22 15 29 0 89
33 15 37 25 0 74
32 4 20 2 0 134
17 26 5 25 0 134
8 5 19 3 0 89
8 1 7 13 0 74
13 8 15 19 0 74
12 15 10 26 0 59
0 1 4 10 0 14
17 38 16 50 0 74
33 14 42 10 0 149
17 26 19 15 0 134
3 11 11 17 0 29
45 4 56 6 0 104
14 13 25 15 0 74
25 14 34 10 0 89
4 22 16 20 0 44
1 13 9 19 0 29
24 32 28 42 0 149
5 10 10 18 0 29
13 6 20 12 0 74
7 9 17 5 0 44
27 25 16 28 0 119
0 1 1 13 0 14
0 27 12 26 0 44
0 0 1 13 0 14
6 10 19 9 0 59
0 0 4 10 0 74
10 61 8 50 0 149
6 4 4 16 0 44
33 26 41 21 0 134
1 12 10 16 0 29
0 1 5 9 0 14
18 41 26 36 0 134
8 35 17 39 0 59
1 21 2 8 0 119
15 4 23 9 0 89
31 33 31 19 0 149
0 15 12 14 0 29
0 0 11 3 0 14
21 17 21 31 0 104
12 11 19 17 0 104
3 30 3 43 0 89
40 9 33 15 0 134
15 12 25 9 0 44
0 1 11 3 0 14
73 11 74 24 0 149
7 17 17 13 0 89
0 1 9 5 0 14
20 15 24 24 0 74
4 13 6 24 0 89
21 35 24 24 0 74
10 18 8 30 0 44
0 1 9 5 0 14
21 13 28 6 0 119
16 43 16 56 0 119
7 7 7 21 0 29
16 40 17 27 0 104
24 2 35 5 0 59
1 4 6 12 0 74
24 32 21 43 0 149
21 21 34 20 0 134
19 19 24 10 0 104
35 18 42 24 0 104
8 33 9 21 0 59
15 20 9 27 0 59
28 13 25 23 0 149
9 5 6 16 0 29
12 11 19 5 0 134
7 26 12 34 0 74
23 4 13 1 0 104
17 28 11 21 0 119
12 16 15 5 0 44
31 8 35 17 0 134
16 21 10 14 0 104
0 0 2 12 0 14
32 25 26 18 0 104
1 18 13 17 0 104
10 4 16 12 0 59
1 12 9 7 0 59
15 11 19 1 0 44
10 3 13 13 0 59
69 20 73 11 0 134
11 28 23 29 0 74
57 21 69 19 0 119
0 1 8 6 0 14
8 7 20 6 0 29
14 18 11 29 0 59
1 7 7 15 0 44
4 4 17 3 0 44
1 25 10 30 0 74
34 9 34 22 0 104
0 0 12 2 0 14
9 10 9 23 0 74
8 27 9 15 0 89
39 10 29 13 0 104
40 42 28 40 0 149
5 10 13 5 0 29
11 10 0 12 0 74
6 3 3 13 0 104
14 20 21 13 0 134
7 4 19 3 0 104
27 11 18 16 0 89
7 21 8 34 0 44
0 1 8 6 0 14
36 15 32 24 0 89
2 11 6 2 0 89
23 3 23 17 0 44
0 1 6 8 0 14
33 14 33 1 0 74
14 26 2 24 0 59
15 13 13 1 0 44
16 19 6 22 0 89
9 16 18 20 0 44
33 15 44 12 0 149
46 5 44 16 0 119
8 7 9 19 0 59
10 30 10 44 0 119
0 1 0 14 0 14
0 0 10 4 0 14
11 2 4 8 0 29
3 18 13 15 0 59
20 19 28 14 0 59
23 12 13 9 0 89
0 12 7 5 0 89
0 1 7 7 0 14
2 33 14 34 0 149
1 13 6 4 0 29
30 10 35 19 0 89
3 42 9 49 0 134
12 14 20 8 0 89
7 8 15 3 0 74
9 50 0 54 0 149
14 40 25 43 0 119
19 37 21 25 0 149
0 1 12 0 0 14
12 25 12 12 0 59
17 15 10 8 0 119
11 17 1 13 0 44
12 19 13 31 0 134
56 5 48 10 0 119
18 29 28 32 0 149
13 17 0 16 0 119
0 16 10 20 0 134
13 0 7 7 0 59
30 22 27 33 0 119
0 1 9 5 0 14
47 1 59 3 0 134
4 9 12 14 0 29
12 1 10 12 0 29
17 6 8 10 0 59
0 1 4 10 0 14
15 28 9 35 0 149
20 28 16 38 0 134
1 17 5 7 0 44
0 1 6 8 0 14
11 14 17 7 0 44
11 2 23 3 0 29
2 11 0 0 0 29
17 6 28 8 0 59
18 15 20 26 0 104
6 14 17 11 0 104
14 10 24 14 0 119
1 30 3 41 0 119
8 4 2 12 0 74
0 1 5 9 0 14
12 17 8 26 0 44
21 12 32 10 0 89
12 28 18 36 0 59
0 1 11 3 0 14
41 32 51 35 0 149
8 6 12 16 0 29
11 2 4 8 0 29
0 14 13 15 0 29
25 43 30 34 0 134
9 23 19 19 0 89
10 5 2 10 0 29
44 15 34 18 0 134
21 36 31 33 0 134
20 14 18 26 0 74
8 15 7 27 0 89
5 12 5 25 0 134
15 34 23 39 0 149
9 6 18 2 0 29
10 3 6 12 0 29
0 0 10 4 0 14
13 10 22 6 0 89
9 4 20 2 0 134
6 4 18 2 0 44
13 18 4 14 0 134
12 19 1 21 0 104
13 30 19 37 0 119
36 19 38 30 0 74
15 34 11 43 0 134
31 37 27 27 0 119
14 4 17 15 0 74
36 11 30 18 0 104
16 29 26 32 0 134
21 6 28 0 0 134
14 23 25 21 0 89
8 3 15 9 0 44
19 8 17 19 0 44
2 11 8 4 0 29
2 11 4 22 0 29
10 19 19 23 0 149
37 26 38 38 0 89
1 12 5 21 0 29
48 9 59 7 0 134
7 7 7 21 0 29
24 43 30 50 0 149
13 14 9 23 0 74
14 16 13 29 0 104
19 3 25 11 0 104
19 14 22 24 0 89
11 44 11 31 0 119
28 27 32 18 0 74
3 12 12 8 0 104
9 20 1 15 0 134
11 14 5 21 0 119
24 13 31 19 0 134
1 12 5 3 0 29
8 9 3 17 0 59
12 2 3 7 0 44
8 35 12 44 0 89
15 14 7 9 0 59
0 1 2 12 0 14
6 16 8 4 0 59
16 38 16 52 0 149
45 30 39 23 0 149
8 26 16 32 0 149
8 3 12 12 0 89
0 1 12 2 0 14
24 16 36 18 0 59
9 12 0 8 0 134
0 8 7 15 0 149
7 8 14 2 0 29
10 45 8 56 0 134
59 8 67 3 0 149
13 15 15 27 0 44
0 0 11 3 0 14
11 30 5 37 0 89
1 12 13 13 0 59
3 11 13 7 0 29
19 2 29 5 0 104
18 17 18 4 0 74
0 1 10 4 0 14
15 42 20 50 0 104
9 4 4 12 0 29
11 8 5 1 0 59
12 2 19 9 0 29
45 12 48 2 0 149
0 0 1 13 0 14
0 15 8 20 0 29
35 16 29 23 0 149
33 7 30 18 0 149
0 0 3 11 0 14
4 11 12 16 0 29
0 1 10 4 0 14
24 13 29 21 0 59
18 35 10 30 0 74
16 5 9 11 0 134
21 22 12 18 0 89
6 9 13 15 0 29
34 23 34 36 0 119
5 21 7 33 0 134
31 4 19 5 0 104
6 9 2 18 0 29
6 23 17 25 0 119
9 16 17 11 0 59
23 21 36 20 0 74
18 1 12 8 0 44
0 1 4 10 0 14
13 36 11 25 0 74
35 21 44 16 0 119
4 41 3 29 0 74
0 0 4 10 0 14
14 3 12 14 0 44
0 1 12 2 0 14
3 12 1 1 0 29
5 16 11 9 0 44
17 15 19 3 0 89
19 4 15 13 0 104
17 25 13 35 0 59
15 57 16 44 0 104
14 8 6 14 0 89
15 20 5 23 0 89
23 2 20 12 0 74
17 16 9 11 0 104
15 27 23 21 0 59
1 14 3 3 0 59
10 12 19 7 0 89
21 19 17 9 0 89
0 1 5 9 0 14
11 8 17 15 0 104
50 8 59 13 0 149
2 10 2 24 0 59
10 14 5 23 0 119
10 11 17 17 0 44
16 5 26 2 0 89
4 5 12 10 0 59
7 8 16 4 0 74
14 6 4 2 0 104
26 9 22 0 0 134
29 3 36 10 0 89
1 19 6 10 0 44
26 19 32 26 0 149
1 13 0 26 0 29
5 23 13 29 0 104
13 2 7 9 0 59
0 0 11 3 0 14
2 9 8 16 0 74
6 12 8 24 0 89
37 15 39 27 0 104
17 3 17 17 0 134
0 1 4 10 0 14
18 15 28 12 0 134
11 5 1 1 0 134
0 0 10 4 0 14
12 8 14 20 0 119
0 1 4 10 0 14
19 37 6 36 0 134
5 25 14 30 0 149
32 43 27 35 0 119
10 26 12 14 0 74
6 11 12 18 0 44
20 7 12 2 0 44
8 45 2 52 0 119
26 22 35 17 0 119
5 24 6 36 0 59
11 24 21 21 0 119
15 4 13 15 0 59
22 23 26 14 0 134
10 30 10 44 0 134
2 1 3 13 0 44
15 9 7 3 0 59
7 12 12 4 0 89
0 1 9 5 0 14
25 20 25 33 0 149
10 41 0 38 0 89
22 23 16 16 0 104
18 17 20 28 0 119
23 30 11 31 0 104
16 1 5 3 0 134
5 8 12 2 0 29
0 1 4 10 0 14
37 11 46 6 0 104
15 5 19 15 0 59
10 15 7 25 0 59
12 46 15 57 0 89
25 12 33 7 0 134
9 27 10 40 0 74
28 0 27 13 0 74
17 16 25 11 0 119
32 18 21 21 0 89
4 7 9 15 0 44
10 8 10 22 0 134
24 23 17 17 0 89
22 5 20 16 0 59
13 28 20 22 0 119
18 28 21 17 0 149
8 37 6 26 0 149
18 26 14 16 0 89
10 13 1 17 0 119
34 26 45 29 0 149
47 16 37 13 0 149
15 0 27 1 0 149
10 7 10 20 0 134
41 14 45 5 0 89
0 1 6 8 0 14
32 10 30 22 0 104
30 10 41 7 0 89
6 36 2 26 0 104
12 28 10 40 0 149
12 3 12 16 0 29
20 3 9 5 0 44
0 15 10 18 0 29
20 23 21 35 0 59
19 0 8 2 0 74
24 23 12 22 0 89
1 16 1 29 0 134
3 23 11 29 0 74
20 25 16 16 0 104
27 27 37 31 0 104
2 53 10 48 0 134
22 1 32 4 0 149
0 0 1 13 0 14
21 6 28 0 0 59
5 23 17 25 0 44
15 14 18 24 0 119
6 37 6 50 0 149
25 8 13 9 0 59
17 9 13 19 0 104
7 3 20 4 0 74
7 11 19 13 0 104
25 39 19 31 0 149
0 0 3 11 0 14
4 11 13 15 0 29
5 3 14 8 0 44
0 1 9 5 0 14
21 5 30 10 0 74
19 35 7 37 0 104
0 39 8 44 0 104
20 23 22 12 0 134
4 10 17 11 0 29
2 19 9 25 0 44
25 12 18 18 0 134
3 18 8 26 0 134
25 22 34 18 0 104
26 2 19 9 0 104
10 30 23 29 0 89
22 13 33 11 0 149
0 0 1 13 0 14
19 16 25 9 0 119
15 3 15 17 0 59
17 8 25 13 0 134
9 25 20 28 0 59
0 0 1 13 0 14
10 17 6 8 0 44
18 9 15 19 0 119
4 8 15 5 0 44
21 14 19 3 0 89
17 10 12 18 0 44
29 5 27 17 0 119
13 14 25 13 0 74
18 3 20 14 0 59
18 12 30 10 0 74
4 36 2 48 0 149
4 6 15 3 0 44
17 26 6 28 0 74
15 18 18 8 0 74
41 28 37 37 0 104
16 6 28 8 0 134
25 18 28 28 0 104
5 23 8 34 0 134
0 1 11 3 0 14
19 6 8 8 0 119
30 17 26 8 0 119
25 18 19 11 0 74
10 18 10 4 0 44
13 24 1 25 0 59
2 26 7 35 0 119
6 15 11 23 0 104
28 29 20 34 0 119
18 9 16 20 0 89
34 20 41 27 0 149
0 0 11 3 0 14
9 4 11 15 0 29
9 4 20 2 0 29
6 37 4 26 0 74
24 57 34 60 0 119
8 23 7 11 0 89
12 11 17 3 0 119
0 0 6 8 0 14
3 16 2 28 0 44
55 26 45 29 0 134
