100 100 100 1000 149 150
11 14 3 19 30 150
0 14 5 23 14 150
12 43 8 34 90 150
14 21 26 22 90 150
10 3 8 14 15 150
29 12 40 10 105 150
19 8 31 9 105 150
0 0 12 2 0 150
17 16 21 25 45 150
30 33 39 29 135 150
8 7 3 15 15 150
11 17 19 11 29 150
13 3 15 15 29 150
15 15 25 19 44 150
3 14 15 15 30 150
19 12 14 20 75 150
41 22 52 20 135 150
44 16 50 8 119 150
21 1 29 7 29 150
16 13 16 0 135 150
17 14 22 22 90 150
0 1 5 9 1 150
2 17 3 29 30 150
0 1 9 5 1 150
13 15 1 13 29 150
13 5 10 16 29 150
4 9 3 21 15 150
17 23 22 14 59 150
1 42 13 41 120 150
25 10 16 14 120 150
6 7 18 8 135 150
23 8 25 19 75 150
5 28 12 34 75 150
21 22 24 32 90 150
1 14 5 23 15 150
16 12 26 16 29 150
19 35 12 28 119 150
2 24 8 16 59 150
16 20 11 11 44 150
3 42 12 46 60 150
0 1 6 8 1 150
19 9 21 21 59 150
9 18 16 24 30 150
8 30 4 40 44 150
16 11 21 19 60 150
9 18 12 8 30 150
5 8 2 18 45 150
44 22 34 26 119 150
9 28 2 34 120 150
29 6 33 15 45 150
20 34 26 26 119 150
1 12 4 22 15 150
19 4 15 13 105 150
20 7 20 20 30 150
11 12 8 22 60 150
6 8 11 17 14 150
0 1 10 4 30 150
1 29 12 26 104 150
0 0 10 4 0 150
14 15 8 8 30 150
0 1 9 5 1 150
11 4 15 13 15 150
14 13 21 7 30 150
12 33 10 44 105 150
1 13 9 19 14 150
12 15 1 13 30 150
20 2 19 15 134 150
18 7 21 17 75 150
12 19 0 18 45 150
16 7 23 1 45 150
16 24 16 10 44 150
1 14 0 26 15 150
18 36 10 30 104 150
4 2 16 0 104 150
8 24 7 11 89 150
20 7 25 15 30 150
9 23 6 34 74 150
34 19 44 22 105 150
27 17 35 23 119 150
35 14 47 15 120 150
27 32 18 28 120 150
0 1 1 13 1 150
0 28 6 36 74 150
14 18 13 5 44 150
18 5 17 17 75 150
2 29 1 41 45 150
20 29 8 28 60 150
12 21 17 13 90 150
0 0 0 14 0 150
24 1 27 11 60 150
0 15 7 9 15 150
17 14 10 20 135 150
0 0 5 9 0 150
13 19 9 29 104 150
9 18 13 9 60 150
0 1 8 6 1 150
22 5 14 10 90 150
16 19 18 8 60 150
10 6 2 0 89 150
34 17 44 20 135 150
0 0 12 2 0 150
7 35 16 40 74 150
12 15 24 16 30 150
19 11 24 2 44 150
3 17 16 18 59 150
39 28 36 38 105 150
17 23 30 22 89 150
6 10 16 6 104 150
16 5 18 16 120 150
0 17 11 19 60 150
14 33 7 39 105 150
18 20 19 33 44 150
6 12 12 20 104 150
0 1 9 5 1 150
46 34 56 30 134 150
9 11 3 19 104 150
41 7 53 9 89 150
12 1 22 4 30 150
6 8 1 17 14 150
0 1 1 13 1 150
8 7 15 1 120 150
13 18 11 29 105 150
2 42 8 34 59 150
12 8 20 14 44 150
18 7 26 12 75 150
19 6 19 19 135 150
8 17 16 12 75 150
0 1 0 14 1 150
2 7 5 17 120 150
24 31 23 19 105 150
17 19 13 29 44 150
4 10 9 19 74 150
16 34 3 33 89 150
59 2 47 3 135 150
1 28 8 34 135 150
11 6 21 3 45 150
9 4 9 17 15 150
8 20 11 9 74 150
6 8 19 9 14 150
8 2 2 10 44 150
0 1 2 12 1 150
26 12 27 25 89 150
28 9 30 20 60 150
1 12 11 9 45 150
3 33 12 38 104 150
6 16 10 6 29 150
21 16 11 13 90 150
5 3 13 9 134 150
5 2 5 15 30 150
16 11 13 1 30 150
10 43 4 36 120 150
20 51 18 40 105 150
6 9 14 14 15 150
8 27 8 14 45 150
11 4 0 6 15 150
30 19 30 6 75 150
15 43 21 35 104 150
16 16 10 8 104 150
11 31 22 28 119 150
31 19 24 26 134 150
5 9 1 19 14 150
7 37 19 35 104 150
13 28 8 20 60 150
12 13 1 11 30 150
10 13 4 6 30 150
18 15 9 11 135 150
0 0 13 1 0 150
11 6 18 12 60 150
6 25 13 19 90 150
19 16 10 12 60 150
10 48 10 62 134 150
10 5 2 0 15 150
3 20 11 15 30 150
37 37 28 32 104 150
20 26 33 25 104 150
28 0 22 8 134 150
12 18 12 32 89 150
13 12 25 11 105 150
0 1 8 6 1 150
18 9 10 4 30 150
15 28 22 34 90 150
19 17 9 13 104 150
0 0 13 1 0 150
11 3 22 6 44 150
27 20 18 24 105 150
15 12 17 23 75 150
34 36 46 34 119 150
44 14 54 18 134 150
6 25 6 38 90 150
7 33 2 42 44 150
0 0 6 8 0 150
26 36 33 43 134 150
9 31 19 35 74 150
6 34 18 36 89 150
13 41 5 47 134 150
27 12 37 15 75 150
8 14 13 23 29 150
0 0 6 8 0 150
22 34 17 25 104 150
18 40 29 43 119 150
1 7 12 4 29 150
0 6 6 14 29 150
28 8 28 22 134 150
34 59 40 52 120 150
10 43 13 33 135 150
21 30 27 37 105 150
3 6 0 16 45 150
11 26 16 34 75 150
17 1 5 3 44 150
12 33 15 43 90 150
1 14 9 9 135 150
1 2 9 7 135 150
0 7 11 5 30 150
9 5 15 13 14 150
21 4 14 10 60 150
9 4 15 11 15 150
17 25 19 37 119 150
26 13 37 15 135 150
2 7 1 19 75 150
10 30 10 44 74 150
0 1 1 13 1 150
6 30 9 19 59 150
25 18 35 21 90 150
39 20 45 13 120 150
5 8 12 14 15 150
25 12 22 22 105 150
8 6 3 15 14 150
12 38 2 42 119 150
9 33 9 47 104 150
15 19 13 7 119 150
13 41 15 53 134 150
12 31 20 26 75 150
12 19 4 24 45 150
0 0 4 10 0 150
15 26 6 30 45 150
7 10 18 8 60 150
38 37 49 35 90 150
49 35 55 27 104 150
10 7 21 5 45 150
10 3 21 1 15 150
4 22 14 26 29 150
0 14 11 17 14 150
26 19 35 15 105 150
0 1 0 14 1 150
9 20 10 32 60 150
10 31 0 34 75 150
27 38 35 43 120 150
13 0 10 10 15 150
20 3 23 13 135 150
17 18 10 12 90 150
12 26 8 36 119 150
18 25 24 32 120 150
23 8 12 10 90 150
7 15 11 5 44 150
5 23 14 18 29 150
10 5 0 8 15 150
12 5 6 12 90 150
12 4 1 1 44 150
9 48 10 60 120 150
11 3 1 7 14 150
19 34 29 31 60 150
11 4 1 7 15 150
35 42 27 47 135 150
9 48 18 52 135 150
8 6 20 8 14 150
0 0 8 6 0 150
2 13 5 3 15 150
12 15 12 28 30 150
3 26 10 32 135 150
37 30 31 37 105 150
5 18 16 20 135 150
23 2 14 6 75 150
12 3 18 10 15 150
12 19 18 12 45 150
3 29 3 43 44 150
3 42 1 31 90 150
2 41 14 40 135 150
10 19 5 11 30 150
45 13 47 1 119 150
26 31 26 18 135 150
0 9 6 16 30 150
29 43 32 32 134 150
8 20 15 13 59 150
12 2 5 9 14 150
22 8 31 3 74 150
38 29 46 24 75 150
31 37 40 42 119 150
13 9 19 17 89 150
32 43 22 40 135 150
8 10 8 24 59 150
22 23 13 19 105 150
11 15 14 4 44 150
8 7 9 19 120 150
2 0 11 5 104 150
9 7 22 8 59 150
0 0 5 9 0 150
0 15 0 28 60 150
12 10 2 6 59 150
0 1 1 13 1 150
25 15 27 27 74 150
3 11 3 25 119 150
12 12 14 24 59 150
0 1 6 8 1 150
5 36 14 40 90 150
13 12 1 11 60 150
1 11 5 1 74 150
5 2 17 1 90 150
18 4 8 8 104 150
17 11 4 12 59 150
5 1 10 10 59 150
1 42 7 35 60 150
5 2 8 12 60 150
6 9 18 8 90 150
1 13 5 3 14 150
11 9 2 4 59 150
0 1 10 4 1 150
0 0 1 13 0 150
16 15 17 27 105 150
17 27 17 13 119 150
6 27 18 26 75 150
12 19 3 23 45 150
4 10 10 18 14 150
7 32 18 34 135 150
19 2 26 8 45 150
17 9 17 23 44 150
9 20 7 31 135 150
16 50 27 47 74 150
8 7 5 17 15 150
21 12 21 25 135 150
17 16 15 27 60 150
21 24 21 11 60 150
6 15 18 16 45 150
15 11 22 18 29 150
8 11 6 22 75 150
0 0 10 4 0 150
29 30 41 29 75 150
11 17 16 8 29 150
30 23 39 19 105 150
23 19 18 28 119 150
21 5 18 16 29 150
22 5 15 11 60 150
20 12 9 15 74 150
19 8 25 1 90 150
0 0 8 6 0 150
5 16 16 18 45 150
21 28 26 20 120 150
10 35 18 40 105 150
19 4 18 16 105 150
8 56 12 46 134 150
0 1 2 12 1 150
11 29 13 41 119 150
5 24 10 32 135 150
12 1 12 14 15 150
10 5 21 3 15 150
16 1 13 11 90 150
8 33 7 45 135 150
22 15 23 3 75 150
17 0 9 5 105 150
8 31 17 27 45 150
7 34 12 42 120 150
18 13 6 14 75 150
36 20 25 17 74 150
22 29 13 33 135 150
0 1 3 11 1 150
29 21 40 24 59 150
6 39 15 35 105 150
38 35 32 42 90 150
19 16 28 12 135 150
12 17 20 22 30 150
10 15 5 23 30 150
5 23 3 11 104 150
20 7 8 8 30 150
10 9 9 21 60 150
10 3 14 12 45 150
53 9 47 1 104 150
0 0 11 3 0 150
6 9 2 18 15 150
17 9 23 1 59 150
11 20 15 29 120 150
10 21 10 8 135 150
3 13 9 21 104 150
23 29 22 42 74 150
19 9 14 18 29 150
17 4 17 17 45 150
21 3 24 14 29 150
6 7 16 4 45 150
27 34 24 44 120 150
2 9 8 2 30 150
28 32 32 42 119 150
5 38 11 45 90 150
9 4 20 6 15 150
15 27 15 41 74 150
1 17 12 20 29 150
0 1 6 8 1 150
0 1 9 5 1 150
11 18 6 10 75 150
4 12 12 18 29 150
6 9 13 3 15 150
10 21 21 23 135 150
13 7 13 21 134 150
10 43 10 30 90 150
4 27 5 39 75 150
7 28 14 34 90 150
22 18 28 26 44 150
9 12 12 22 135 150
3 3 8 12 59 150
0 33 10 36 90 150
9 15 21 13 89 150
12 42 22 38 134 150
12 8 1 5 44 150
4 14 5 27 134 150
16 4 21 13 59 150
13 0 12 12 105 150
35 18 44 14 120 150
15 36 25 39 120 150
0 0 6 8 0 150
0 0 12 2 0 150
16 15 21 7 105 150
10 10 21 7 74 150
8 15 19 13 60 150
0 0 7 7 0 150
2 3 6 12 75 150
21 3 18 14 59 150
4 17 9 9 45 150
5 10 17 9 30 150
28 6 33 15 119 150
17 12 5 11 105 150
40 51 52 52 135 150
8 21 10 32 75 150
9 5 21 3 44 150
9 20 9 33 90 150
0 0 1 13 0 150
5 3 17 1 29 150
20 13 30 16 60 150
6 10 17 7 104 150
8 12 6 24 74 150
23 18 33 15 45 150
40 23 38 34 75 150
4 9 11 15 15 150
33 1 39 9 74 150
0 1 10 4 1 150
26 17 16 20 45 150
5 11 11 3 29 150
20 4 21 17 74 150
20 12 8 10 74 150
3 12 8 20 45 150
1 0 8 6 60 150
26 7 14 8 60 150
7 11 16 6 104 150
1 13 14 14 14 150
9 14 5 23 90 150
24 9 32 4 105 150
12 33 12 20 75 150
0 1 7 7 1 150
6 7 15 11 15 150
5 20 2 10 30 150
18 26 6 24 89 150
10 33 1 29 90 150
36 39 41 31 120 150
13 32 16 22 135 150
0 1 5 9 1 150
27 46 24 56 90 150
28 14 41 15 59 150
1 12 0 0 45 150
13 23 15 35 104 150
16 12 13 23 89 150
0 1 1 13 1 150
15 13 6 8 119 150
0 26 7 33 29 150
19 12 25 5 105 150
10 3 21 5 15 150
14 9 19 1 45 150
22 42 31 37 89 150
4 10 10 18 14 150
11 42 23 43 135 150
12 1 4 6 15 150
5 10 14 6 15 150
6 23 6 10 90 150
11 30 21 27 105 150
0 1 0 14 1 150
6 8 12 0 14 150
16 55 9 49 120 150
13 8 15 19 30 150
25 15 17 9 44 150
47 2 52 10 135 150
13 15 1 13 29 150
6 23 6 10 90 150
15 14 16 2 75 150
0 1 4 10 1 150
25 12 15 9 135 150
27 28 15 27 120 150
11 3 0 6 14 150
21 8 17 17 90 150
14 11 3 13 75 150
1 13 6 4 14 150
35 24 37 13 135 150
7 39 15 33 119 150
30 6 18 4 89 150
26 8 27 21 89 150
0 0 12 2 0 150
12 2 20 8 14 150
17 16 6 18 135 150
8 10 19 7 89 150
6 13 16 16 90 150
1 15 11 11 44 150
35 4 36 16 60 150
16 19 23 13 60 150
25 2 16 6 105 150
5 11 8 0 44 150
2 18 5 29 59 150
18 13 26 8 75 150
8 6 12 16 14 150
12 15 15 25 30 150
0 0 8 6 0 150
16 13 7 17 60 150
9 18 10 6 75 150
25 5 25 19 119 150
19 7 29 3 59 150
7 20 8 32 30 150
0 1 0 14 1 150
10 4 16 12 14 150
10 3 5 11 15 150
8 21 8 34 30 150
14 5 24 2 30 150
13 12 23 9 60 150
18 25 24 32 120 150
4 24 12 30 59 150
13 0 4 4 15 150
42 24 45 13 104 150
26 27 35 23 135 150
0 1 10 4 1 150
18 18 29 15 134 150
5 8 1 17 15 150
2 24 9 31 59 150
4 11 16 10 15 150
0 1 0 14 1 150
8 34 1 41 104 150
20 7 18 18 90 150
1 1 1 15 29 150
46 23 57 21 90 150
30 17 37 11 75 150
17 12 17 25 105 150
12 1 19 7 45 150
18 16 10 10 44 150
15 26 15 39 135 150
9 22 15 29 75 150
33 15 37 25 59 150
32 4 20 2 119 150
17 26 5 25 120 150
8 5 19 3 75 150
8 1 7 13 60 150
13 8 15 19 60 150
12 15 10 26 45 150
0 1 4 10 1 150
17 38 16 50 60 150
33 14 42 10 135 150
17 26 19 15 120 150
3 11 11 17 14 150
45 4 56 6 90 150
14 13 25 15 60 150
25 14 34 10 75 150
4 22 16 20 29 150
1 13 9 19 14 150
24 32 28 42 134 150
5 10 10 18 15 150
13 6 20 12 60 150
7 9 17 5 29 150
27 25 16 28 104 150
0 1 1 13 1 150
0 27 12 26 30 150
0 0 1 13 0 150
6 10 19 9 44 150
0 0 4 10 59 150
10 61 8 50 135 150
6 4 4 16 29 150
33 26 41 21 120 150
1 12 10 16 15 150
0 1 5 9 1 150
18 41 26 36 120 150
8 35 17 39 45 150
1 21 2 8 104 150
15 4 23 9 75 150
31 33 31 19 134 150
0 15 12 14 15 150
0 0 11 3 0 150
21 17 21 31 89 150
12 11 19 17 90 150
3 30 3 43 75 150
40 9 33 15 120 150
15 12 25 9 30 150
0 1 11 3 1 150
73 11 74 24 134 150
7 17 17 13 74 150
0 1 9 5 1 150
20 15 24 24 60 150
4 13 6 24 75 150
21 35 24 24 59 150
10 18 8 30 29 150
0 1 9 5 1 150
21 13 28 6 104 150
16 43 16 56 105 150
7 7 7 21 14 150
16 40 17 27 89 150
24 2 35 5 44 150
1 4 6 12 60 150
24 32 21 43 134 150
21 21 34 20 119 150
19 19 24 10 89 150
35 18 42 24 90 150
8 33 9 21 45 150
15 20 9 27 45 150
28 13 25 23 135 150
9 5 6 16 14 150
12 11 19 5 120 150
7 26 12 34 60 150
23 4 13 1 90 150
17 28 11 21 105 150
12 16 15 5 29 150
31 8 35 17 120 150
16 21 10 14 90 150
0 0 2 12 0 150
32 25 26 18 90 150
1 18 13 17 90 150
10 4 16 12 44 150
1 12 9 7 45 150
15 11 19 1 29 150
10 3 13 13 45 150
69 20 73 11 120 150
11 28 23 29 60 150
57 21 69 19 104 150
0 1 8 6 1 150
8 7 20 6 15 150
14 18 11 29 44 150
1 7 7 15 29 150
4 4 17 3 29 150
1 25 10 30 59 150
34 9 34 22 90 150
0 0 12 2 0 150
9 10 9 23 60 150
8 27 9 15 75 150
39 10 29 13 90 150
40 42 28 40 134 150
5 10 13 5 15 150
11 10 0 12 60 150
6 3 3 13 90 150
14 20 21 13 119 150
7 4 19 3 90 150
27 11 18 16 74 150
7 21 8 34 29 150
0 1 8 6 1 150
36 15 32 24 75 150
2 11 6 2 75 150
23 3 23 17 29 150
0 1 6 8 1 150
33 14 33 1 60 150
14 26 2 24 44 150
15 13 13 1 29 150
16 19 6 22 75 150
9 16 18 20 30 150
33 15 44 12 134 150
46 5 44 16 105 150
8 7 9 19 45 150
10 30 10 44 104 150
0 1 0 14 1 150
0 0 10 4 0 150
11 2 4 8 15 150
3 18 13 15 45 150
20 19 28 14 45 150
23 12 13 9 75 150
0 12 7 5 74 150
0 1 7 7 1 150
2 33 14 34 135 150
1 13 6 4 14 150
30 10 35 19 74 150
3 42 9 49 120 150
12 14 20 8 74 150
7 8 15 3 60 150
9 50 0 54 135 150
14 40 25 43 104 150
19 37 21 25 134 150
0 1 12 0 1 150
12 25 12 12 45 150
17 15 10 8 104 150
11 17 1 13 29 150
12 19 13 31 120 150
56 5 48 10 105 150
18 29 28 32 135 150
13 17 0 16 104 150
0 16 10 20 119 150
13 0 7 7 45 150
30 22 27 33 104 150
0 1 9 5 1 150
47 1 59 3 119 150
4 9 12 14 15 150
12 1 10 12 15 150
17 6 8 10 45 150
0 1 4 10 1 150
15 28 9 35 135 150
20 28 16 38 119 150
1 17 5 7 29 150
0 1 6 8 1 150
11 14 17 7 30 150
11 2 23 3 15 150
2 11 0 0 15 150
17 6 28 8 45 150
18 15 20 26 90 150
6 14 17 11 89 150
14 10 24 14 104 150
1 30 3 41 105 150
8 4 2 12 59 150
0 1 5 9 1 150
12 17 8 26 30 150
21 12 32 10 75 150
12 28 18 36 44 150
0 1 11 3 1 150
41 32 51 35 135 150
8 6 12 16 14 150
11 2 4 8 15 150
0 14 13 15 14 150
25 43 30 34 119 150
9 23 19 19 74 150
10 5 2 10 15 150
44 15 34 18 120 150
21 36 31 33 120 150
20 14 18 26 59 150
8 15 7 27 75 150
5 12 5 25 120 150
15 34 23 39 135 150
9 6 18 2 15 150
10 3 6 12 15 150
0 0 10 4 0 150
13 10 22 6 75 150
9 4 20 2 120 150
6 4 18 2 29 150
13 18 4 14 120 150
12 19 1 21 90 150
13 30 19 37 105 150
36 19 38 30 60 150
15 34 11 43 120 150
31 37 27 27 104 150
14 4 17 15 59 150
36 11 30 18 90 150
16 29 26 32 120 150
21 6 28 0 120 150
14 23 25 21 75 150
8 3 15 9 30 150
19 8 17 19 30 150
2 11 8 4 15 150
2 11 4 22 15 150
10 19 19 23 135 150
37 26 38 38 75 150
1 12 5 21 15 150
48 9 59 7 120 150
7 7 7 21 14 150
24 43 30 50 135 150
13 14 9 23 60 150
14 16 13 29 89 150
19 3 25 11 89 150
19 14 22 24 75 150
11 44 11 31 105 150
28 27 32 18 60 150
3 12 12 8 90 150
9 20 1 15 120 150
11 14 5 21 105 150
24 13 31 19 120 150
1 12 5 3 15 150
8 9 3 17 45 150
12 2 3 7 29 150
8 35 12 44 75 150
15 14 7 9 45 150
0 1 2 12 1 150
6 16 8 4 44 150
16 38 16 52 134 150
45 30 39 23 135 150
8 26 16 32 134 150
8 3 12 12 75 150
0 1 12 2 1 150
24 16 36 18 44 150
9 12 0 8 120 150
0 8 7 15 134 150
7 8 14 2 15 150
10 45 8 56 120 150
59 8 67 3 135 150
13 15 15 27 29 150
0 0 11 3 0 150
11 30 5 37 75 150
1 12 13 13 45 150
3 11 13 7 14 150
19 2 29 5 90 150
18 17 18 4 60 150
0 1 10 4 1 150
15 42 20 50 90 150
9 4 4 12 15 150
11 8 5 1 45 150
12 2 19 9 14 150
45 12 48 2 135 150
0 0 1 13 0 150
0 15 8 20 15 150
35 16 29 23 135 150
33 7 30 18 134 150
0 0 3 11 0 150
4 11 12 16 15 150
0 1 10 4 1 150
24 13 29 21 45 150
18 35 10 30 60 150
16 5 9 11 120 150
21 22 12 18 75 150
6 9 13 15 15 150
34 23 34 36 105 150
5 21 7 33 119 150
31 4 19 5 90 150
6 9 2 18 15 150
6 23 17 25 105 150
9 16 17 11 45 150
23 21 36 20 59 150
18 1 12 8 30 150
0 1 4 10 1 150
13 36 11 25 60 150
35 21 44 16 104 150
4 41 3 29 60 150
0 0 4 10 0 150
14 3 12 14 30 150
0 1 12 2 1 150
3 12 1 1 15 150
5 16 11 9 30 150
17 15 19 3 74 150
19 4 15 13 90 150
17 25 13 35 44 150
15 57 16 44 89 150
14 8 6 14 74 150
15 20 5 23 75 150
23 2 20 12 60 150
17 16 9 11 90 150
15 27 23 21 44 150
1 14 3 3 45 150
10 12 19 7 74 150
21 19 17 9 74 150
0 1 5 9 1 150
11 8 17 15 90 150
50 8 59 13 134 150
2 10 2 24 44 150
10 14 5 23 104 150
10 11 17 17 30 150
16 5 26 2 75 150
4 5 12 10 45 150
7 8 16 4 60 150
14 6 4 2 89 150
26 9 22 0 120 150
29 3 36 10 74 150
1 19 6 10 29 150
26 19 32 26 135 150
1 13 0 26 14 150
5 23 13 29 89 150
13 2 7 9 45 150
0 0 11 3 0 150
2 9 8 16 60 150
6 12 8 24 74 150
37 15 39 27 89 150
17 3 17 17 119 150
0 1 4 10 1 150
18 15 28 12 120 150
11 5 1 1 119 150
0 0 10 4 0 150
12 8 14 20 104 150
0 1 4 10 1 150
19 37 6 36 119 150
5 25 14 30 134 150
32 43 27 35 105 150
10 26 12 14 59 150
6 11 12 18 30 150
20 7 12 2 30 150
8 45 2 52 105 150
26 22 35 17 104 150
5 24 6 36 45 150
11 24 21 21 105 150
15 4 13 15 45 150
22 23 26 14 120 150
10 30 10 44 119 150
2 1 3 13 30 150
15 9 7 3 44 150
7 12 12 4 75 150
0 1 9 5 1 150
25 20 25 33 135 150
10 41 0 38 75 150
22 23 16 16 90 150
18 17 20 28 105 150
23 30 11 31 90 150
16 1 5 3 120 150
5 8 12 2 15 150
0 1 4 10 1 150
37 11 46 6 89 150
15 5 19 15 44 150
10 15 7 25 45 150
12 46 15 57 74 150
25 12 33 7 120 150
9 27 10 40 59 150
28 0 27 13 59 150
17 16 25 11 105 150
32 18 21 21 74 150
4 7 9 15 30 150
10 8 10 22 119 150
24 23 17 17 75 150
22 5 20 16 45 150
13 28 20 22 105 150
18 28 21 17 134 150
8 37 6 26 135 150
18 26 14 16 74 150
10 13 1 17 105 150
34 26 45 29 134 150
47 16 37 13 135 150
15 0 27 1 135 150
10 7 10 20 120 150
41 14 45 5 75 150
0 1 6 8 1 150
32 10 30 22 89 150
30 10 41 7 74 150
6 36 2 26 89 150
12 28 10 40 134 150
12 3 12 16 15 150
20 3 9 5 30 150
0 15 10 18 15 150
20 23 21 35 45 150
19 0 8 2 60 150
24 23 12 22 75 150
1 16 1 29 120 150
3 23 11 29 59 150
20 25 16 16 90 150
27 27 37 31 89 150
2 53 10 48 120 150
22 1 32 4 135 150
0 0 1 13 0 150
21 6 28 0 45 150
5 23 17 25 29 150
15 14 18 24 105 150
6 37 6 50 135 150
25 8 13 9 45 150
17 9 13 19 89 150
7 3 20 4 59 150
7 11 19 13 89 150
25 39 19 31 134 150
0 0 3 11 0 150
4 11 13 15 15 150
5 3 14 8 29 150
0 1 9 5 1 150
21 5 30 10 59 150
19 35 7 37 89 150
0 39 8 44 90 150
20 23 22 12 120 150
4 10 17 11 14 150
2 19 9 25 30 150
25 12 18 18 120 150
3 18 8 26 120 150
25 22 34 18 90 150
26 2 19 9 89 150
10 30 23 29 74 150
22 13 33 11 135 150
0 0 1 13 0 150
19 16 25 9 105 150
15 3 15 17 44 150
17 8 25 13 120 150
9 25 20 28 44 150
0 0 1 13 0 150
10 17 6 8 30 150
18 9 15 19 105 150
4 8 15 5 29 150
21 14 19 3 75 150
17 10 12 18 30 150
29 5 27 17 104 150
13 14 25 13 60 150
18 3 20 14 45 150
18 12 30 10 59 150
4 36 2 48 134 150
4 6 15 3 29 150
17 26 6 28 60 150
15 18 18 8 60 150
41 28 37 37 90 150
16 6 28 8 119 150
25 18 28 28 90 150
5 23 8 34 119 150
0 1 11 3 1 150
19 6 8 8 105 150
30 17 26 8 105 150
25 18 19 11 60 150
10 18 10 4 29 150
13 24 1 25 45 150
2 26 7 35 104 150
6 15 11 23 90 150
28 29 20 34 105 150
18 9 16 20 75 150
34 20 41 27 134 150
0 0 11 3 0 150
9 4 11 15 15 150
9 4 20 2 15 150
6 37 4 26 60 150
24 57 34 60 105 150
8 23 7 11 75 150
12 11 17 3 105 150
0 0 6 8 0 150
3 16 2 28 30 150
55 26 45 29 120 150
