100 100 100 1000 149 150
11 14 3 19 0 150
0 14 5 23 0 150
12 43 8 34 0 150
14 21 26 22 0 150
10 3 8 14 0 150
29 12 40 10 0 150
19 8 31 9 0 150
0 0 12 2 0 150
17 16 21 25 0 150
30 33 39 29 0 150
8 7 3 15 0 150
11 17 19 11 0 150
13 3 15 15 0 150
15 15 25 19 0 150
3 14 15 15 0 150
19 12 14 20 0 150
41 22 52 20 0 150
44 16 50 8 0 150
21 1 29 7 0 150
16 13 16 0 0 150
17 14 22 22 0 150
0 1 5 9 0 150
2 17 3 29 0 150
0 1 9 5 0 150
13 15 1 13 0 150
13 5 10 16 0 150
4 9 3 21 0 150
17 23 22 14 0 150
1 42 13 41 0 150
25 10 16 14 0 150
6 7 18 8 0 150
23 8 25 19 0 150
5 28 12 34 0 150
21 22 24 32 0 150
1 14 5 23 0 150
16 12 26 16 0 150
19 35 12 28 0 150
2 24 8 16 0 150
16 20 11 11 0 150
3 42 12 46 0 150
0 1 6 8 0 150
19 9 21 21 0 150
9 18 16 24 0 150
8 30 4 40 0 150
16 11 21 19 0 150
9 18 12 8 0 150
5 8 2 18 0 150
44 22 34 26 0 150
9 28 2 34 0 150
29 6 33 15 0 150
20 34 26 26 0 150
1 12 4 22 0 150
19 4 15 13 0 150
20 7 20 20 0 150
11 12 8 22 0 150
6 8 11 17 0 150
0 1 10 4 0 150
1 29 12 26 0 150
0 0 10 4 0 150
14 15 8 8 0 150
0 1 9 5 0 150
11 4 15 13 0 150
14 13 21 7 0 150
12 33 10 44 0 150
1 13 9 19 0 150
12 15 1 13 0 150
20 2 19 15 0 150
18 7 21 17 0 150
12 19 0 18 0 150
16 7 23 1 0 150
16 24 16 10 0 150
1 14 0 26 0 150
18 36 10 30 0 150
4 2 16 0 0 150
8 24 7 11 0 150
20 7 25 15 0 150
9 23 6 34 0 150
34 19 44 22 0 150
27 17 35 23 0 150
35 14 47 15 0 150
27 32 18 28 0 150
0 1 1 13 0 150
0 28 6 36 0 150
14 18 13 5 0 150
18 5 17 17 0 150
2 29 1 41 0 150
20 29 8 28 0 150
12 21 17 13 0 150
0 0 0 14 0 150
24 1 27 11 0 150
0 15 7 9 0 150
17 14 10 20 0 150
0 0 5 9 0 150
13 19 9 29 0 150
9 18 13 9 0 150
0 1 8 6 0 150
22 5 14 10 0 150
16 19 18 8 0 150
10 6 2 0 0 150
34 17 44 20 0 150
0 0 12 2 0 150
7 35 16 40 0 150
12 15 24 16 0 150
19 11 24 2 0 150
3 17 16 18 0 150
39 28 36 38 0 150
17 23 30 22 0 150
6 10 16 6 0 150
16 5 18 16 0 150
0 17 11 19 0 150
14 33 7 39 0 150
18 20 19 33 0 150
6 12 12 20 0 150
0 1 9 5 0 150
46 34 56 30 0 150
9 11 3 19 0 150
41 7 53 9 0 150
12 1 22 4 0 150
6 8 1 17 0 150
0 1 1 13 0 150
8 7 15 1 0 150
13 18 11 29 0 150
2 42 8 34 0 150
12 8 20 14 0 150
18 7 26 12 0 150
19 6 19 19 0 150
8 17 16 12 0 150
0 1 0 14 0 150
2 7 5 17 0 150
24 31 23 19 0 150
17 19 13 29 0 150
4 10 9 19 0 150
16 34 3 33 0 150
59 2 47 3 0 150
1 28 8 34 0 150
11 6 21 3 0 150
9 4 9 17 0 150
8 20 11 9 0 150
6 8 19 9 0 150
8 2 2 10 0 150
0 1 2 12 0 150
26 12 27 25 0 150
28 9 30 20 0 150
1 12 11 9 0 150
3 33 12 38 0 150
6 16 10 6 0 150
21 16 11 13 0 150
5 3 13 9 0 150
5 2 5 15 0 150
16 11 13 1 0 150
10 43 4 36 0 150
20 51 18 40 0 150
6 9 14 14 0 150
8 27 8 14 0 150
11 4 0 6 0 150
30 19 30 6 0 150
15 43 21 35 0 150
16 16 10 8 0 150
11 31 22 28 0 150
31 19 24 26 0 150
5 9 1 19 0 150
7 37 19 35 0 150
13 28 8 20 0 150
12 13 1 11 0 150
10 13 4 6 0 150
18 15 9 11 0 150
0 0 13 1 0 150
11 6 18 12 0 150
6 25 13 19 0 150
19 16 10 12 0 150
10 48 10 62 0 150
10 5 2 0 0 150
3 20 11 15 0 150
37 37 28 32 0 150
20 26 33 25 0 150
28 0 22 8 0 150
12 18 12 32 0 150
13 12 25 11 0 150
0 1 8 6 0 150
18 9 10 4 0 150
15 28 22 34 0 150
19 17 9 13 0 150
0 0 13 1 0 150
11 3 22 6 0 150
27 20 18 24 0 150
15 12 17 23 0 150
34 36 46 34 0 150
44 14 54 18 0 150
6 25 6 38 0 150
7 33 2 42 0 150
0 0 6 8 0 150
26 36 33 43 0 150
9 31 19 35 0 150
6 34 18 36 0 150
13 41 5 47 0 150
27 12 37 15 0 150
8 14 13 23 0 150
0 0 6 8 0 150
22 34 17 25 0 150
18 40 29 43 0 150
1 7 12 4 0 150
0 6 6 14 0 150
28 8 28 22 0 150
34 59 40 52 0 150
10 43 13 33 0 150
21 30 27 37 0 150
3 6 0 16 0 150
11 26 16 34 0 150
17 1 5 3 0 150
12 33 15 43 0 150
1 14 9 9 0 150
1 2 9 7 0 150
0 7 11 5 0 150
9 5 15 13 0 150
21 4 14 10 0 150
9 4 15 11 0 150
17 25 19 37 0 150
26 13 37 15 0 150
2 7 1 19 0 150
10 30 10 44 0 150
0 1 1 13 0 150
6 30 9 19 0 150
25 18 35 21 0 150
39 20 45 13 0 150
5 8 12 14 0 150
25 12 22 22 0 150
8 6 3 15 0 150
12 38 2 42 0 150
9 33 9 47 0 150
15 19 13 7 0 150
13 41 15 53 0 150
12 31 20 26 0 150
12 19 4 24 0 150
0 0 4 10 0 150
15 26 6 30 0 150
7 10 18 8 0 150
38 37 49 35 0 150
49 35 55 27 0 150
10 7 21 5 0 150
10 3 21 1 0 150
4 22 14 26 0 150
0 14 11 17 0 150
26 19 35 15 0 150
0 1 0 14 0 150
9 20 10 32 0 150
10 31 0 34 0 150
27 38 35 43 0 150
13 0 10 10 0 150
20 3 23 13 0 150
17 18 10 12 0 150
12 26 8 36 0 150
18 25 24 32 0 150
23 8 12 10 0 150
7 15 11 5 0 150
5 23 14 18 0 150
10 5 0 8 0 150
12 5 6 12 0 150
12 4 1 1 0 150
9 48 10 60 0 150
11 3 1 7 0 150
19 34 29 31 0 150
11 4 1 7 0 150
35 42 27 47 0 150
9 48 18 52 0 150
8 6 20 8 0 150
0 0 8 6 0 150
2 13 5 3 0 150
12 15 12 28 0 150
3 26 10 32 0 150
37 30 31 37 0 150
5 18 16 20 0 150
23 2 14 6 0 150
12 3 18 10 0 150
12 19 18 12 0 150
3 29 3 43 0 150
3 42 1 31 0 150
2 41 14 40 0 150
10 19 5 11 0 150
45 13 47 1 0 150
26 31 26 18 0 150
0 9 6 16 0 150
29 43 32 32 0 150
8 20 15 13 0 150
12 2 5 9 0 150
22 8 31 3 0 150
38 29 46 24 0 150
31 37 40 42 0 150
13 9 19 17 0 150
32 43 22 40 0 150
8 10 8 24 0 150
22 23 13 19 0 150
11 15 14 4 0 150
8 7 9 19 0 150
2 0 11 5 0 150
9 7 22 8 0 150
0 0 5 9 0 150
0 15 0 28 0 150
12 10 2 6 0 150
0 1 1 13 0 150
25 15 27 27 0 150
3 11 3 25 0 150
12 12 14 24 0 150
0 1 6 8 0 150
5 36 14 40 0 150
13 12 1 11 0 150
1 11 5 1 0 150
5 2 17 1 0 150
18 4 8 8 0 150
17 11 4 12 0 150
5 1 10 10 0 150
1 42 7 35 0 150
5 2 8 12 0 150
6 9 18 8 0 150
1 13 5 3 0 150
11 9 2 4 0 150
0 1 10 4 0 150
0 0 1 13 0 150
16 15 17 27 0 150
17 27 17 13 0 150
6 27 18 26 0 150
12 19 3 23 0 150
4 10 10 18 0 150
7 32 18 34 0 150
19 2 26 8 0 150
17 9 17 23 0 150
9 20 7 31 0 150
16 50 27 47 0 150
8 7 5 17 0 150
21 12 21 25 0 150
17 16 15 27 0 150
21 24 21 11 0 150
6 15 18 16 0 150
15 11 22 18 0 150
8 11 6 22 0 150
0 0 10 4 0 150
29 30 41 29 0 150
11 17 16 8 0 150
30 23 39 19 0 150
23 19 18 28 0 150
21 5 18 16 0 150
22 5 15 11 0 150
20 12 9 15 0 150
19 8 25 1 0 150
0 0 8 6 0 150
5 16 16 18 0 150
21 28 26 20 0 150
10 35 18 40 0 150
19 4 18 16 0 150
8 56 12 46 0 150
0 1 2 12 0 150
11 29 13 41 0 150
5 24 10 32 0 150
12 1 12 14 0 150
10 5 21 3 0 150
16 1 13 11 0 150
8 33 7 45 0 150
22 15 23 3 0 150
17 0 9 5 0 150
8 31 17 27 0 150
7 34 12 42 0 150
18 13 6 14 0 150
36 20 25 17 0 150
22 29 13 33 0 150
0 1 3 11 0 150
29 21 40 24 0 150
6 39 15 35 0 150
38 35 32 42 0 150
19 16 28 12 0 150
12 17 20 22 0 150
10 15 5 23 0 150
5 23 3 11 0 150
20 7 8 8 0 150
10 9 9 21 0 150
10 3 14 12 0 150
53 9 47 1 0 150
0 0 11 3 0 150
6 9 2 18 0 150
17 9 23 1 0 150
11 20 15 29 0 150
10 21 10 8 0 150
3 13 9 21 0 150
23 29 22 42 0 150
19 9 14 18 0 150
17 4 17 17 0 150
21 3 24 14 0 150
6 7 16 4 0 150
27 34 24 44 0 150
2 9 8 2 0 150
28 32 32 42 0 150
5 38 11 45 0 150
9 4 20 6 0 150
15 27 15 41 0 150
1 17 12 20 0 150
0 1 6 8 0 150
0 1 9 5 0 150
11 18 6 10 0 150
4 12 12 18 0 150
6 9 13 3 0 150
10 21 21 23 0 150
13 7 13 21 0 150
10 43 10 30 0 150
4 27 5 39 0 150
7 28 14 34 0 150
22 18 28 26 0 150
9 12 12 22 0 150
3 3 8 12 0 150
0 33 10 36 0 150
9 15 21 13 0 150
12 42 22 38 0 150
12 8 1 5 0 150
4 14 5 27 0 150
16 4 21 13 0 150
13 0 12 12 0 150
35 18 44 14 0 150
15 36 25 39 0 150
0 0 6 8 0 150
0 0 12 2 0 150
16 15 21 7 0 150
10 10 21 7 0 150
8 15 19 13 0 150
0 0 7 7 0 150
2 3 6 12 0 150
21 3 18 14 0 150
4 17 9 9 0 150
5 10 17 9 0 150
28 6 33 15 0 150
17 12 5 11 0 150
40 51 52 52 0 150
8 21 10 32 0 150
9 5 21 3 0 150
9 20 9 33 0 150
0 0 1 13 0 150
5 3 17 1 0 150
20 13 30 16 0 150
6 10 17 7 0 150
8 12 6 24 0 150
23 18 33 15 0 150
40 23 38 34 0 150
4 9 11 15 0 150
33 1 39 9 0 150
0 1 10 4 0 150
26 17 16 20 0 150
5 11 11 3 0 150
20 4 21 17 0 150
20 12 8 10 0 150
3 12 8 20 0 150
1 0 8 6 0 150
26 7 14 8 0 150
7 11 16 6 0 150
1 13 14 14 0 150
9 14 5 23 0 150
24 9 32 4 0 150
12 33 12 20 0 150
0 1 7 7 0 150
6 7 15 11 0 150
5 20 2 10 0 150
18 26 6 24 0 150
10 33 1 29 0 150
36 39 41 31 0 150
13 32 16 22 0 150
0 1 5 9 0 150
27 46 24 56 0 150
28 14 41 15 0 150
1 12 0 0 0 150
13 23 15 35 0 150
16 12 13 23 0 150
0 1 1 13 0 150
15 13 6 8 0 150
0 26 7 33 0 150
19 12 25 5 0 150
10 3 21 5 0 150
14 9 19 1 0 150
22 42 31 37 0 150
4 10 10 18 0 150
11 42 23 43 0 150
12 1 4 6 0 150
5 10 14 6 0 150
6 23 6 10 0 150
11 30 21 27 0 150
0 1 0 14 0 150
6 8 12 0 0 150
16 55 9 49 0 150
13 8 15 19 0 150
25 15 17 9 0 150
47 2 52 10 0 150
13 15 1 13 0 150
6 23 6 10 0 150
15 14 16 2 0 150
0 1 4 10 0 150
25 12 15 9 0 150
27 28 15 27 0 150
11 3 0 6 0 150
21 8 17 17 0 150
14 11 3 13 0 150
1 13 6 4 0 150
35 24 37 13 0 150
7 39 15 33 0 150
30 6 18 4 0 150
26 8 27 21 0 150
0 0 12 2 0 150
12 2 20 8 0 150
17 16 6 18 0 150
8 10 19 7 0 150
6 13 16 16 0 150
1 15 11 11 0 150
35 4 36 16 0 150
16 19 23 13 0 150
25 2 16 6 0 150
5 11 8 0 0 150
2 18 5 29 0 150
18 13 26 8 0 150
8 6 12 16 0 150
12 15 15 25 0 150
0 0 8 6 0 150
16 13 7 17 0 150
9 18 10 6 0 150
25 5 25 19 0 150
19 7 29 3 0 150
7 20 8 32 0 150
0 1 0 14 0 150
10 4 16 12 0 150
10 3 5 11 0 150
8 21 8 34 0 150
14 5 24 2 0 150
13 12 23 9 0 150
18 25 24 32 0 150
4 24 12 30 0 150
13 0 4 4 0 150
42 24 45 13 0 150
26 27 35 23 0 150
0 1 10 4 0 150
18 18 29 15 0 150
5 8 1 17 0 150
2 24 9 31 0 150
4 11 16 10 0 150
0 1 0 14 0 150
8 34 1 41 0 150
20 7 18 18 0 150
1 1 1 15 0 150
46 23 57 21 0 150
30 17 37 11 0 150
17 12 17 25 0 150
12 1 19 7 0 150
18 16 10 10 0 150
15 26 15 39 0 150
9 22 15 29 0 150
33 15 37 25 0 150
32 4 20 2 0 150
17 26 5 25 0 150
8 5 19 3 0 150
8 1 7 13 0 150
13 8 15 19 0 150
12 15 10 26 0 150
0 1 4 10 0 150
17 38 16 50 0 150
33 14 42 10 0 150
17 26 19 15 0 150
3 11 11 17 0 150
45 4 56 6 0 150
14 13 25 15 0 150
25 14 34 10 0 150
4 22 16 20 0 150
1 13 9 19 0 150
24 32 28 42 0 150
5 10 10 18 0 150
13 6 20 12 0 150
7 9 17 5 0 150
27 25 16 28 0 150
0 1 1 13 0 150
0 27 12 26 0 150
0 0 1 13 0 150
6 10 19 9 0 150
0 0 4 10 0 150
10 61 8 50 0 150
6 4 4 16 0 150
33 26 41 21 0 150
1 12 10 16 0 150
0 1 5 9 0 150
18 41 26 36 0 150
8 35 17 39 0 150
1 21 2 8 0 150
15 4 23 9 0 150
31 33 31 19 0 150
0 15 12 14 0 150
0 0 11 3 0 150
21 17 21 31 0 150
12 11 19 17 0 150
3 30 3 43 0 150
40 9 33 15 0 150
15 12 25 9 0 150
0 1 11 3 0 150
73 11 74 24 0 150
7 17 17 13 0 150
0 1 9 5 0 150
20 15 24 24 0 150
4 13 6 24 0 150
21 35 24 24 0 150
10 18 8 30 0 150
0 1 9 5 0 150
21 13 28 6 0 150
16 43 16 56 0 150
7 7 7 21 0 150
16 40 17 27 0 150
24 2 35 5 0 150
1 4 6 12 0 150
24 32 21 43 0 150
21 21 34 20 0 150
19 19 24 10 0 150
35 18 42 24 0 150
8 33 9 21 0 150
15 20 9 27 0 150
28 13 25 23 0 150
9 5 6 16 0 150
12 11 19 5 0 150
7 26 12 34 0 150
23 4 13 1 0 150
17 28 11 21 0 150
12 16 15 5 0 150
31 8 35 17 0 150
16 21 10 14 0 150
0 0 2 12 0 150
32 25 26 18 0 150
1 18 13 17 0 150
10 4 16 12 0 150
1 12 9 7 0 150
15 11 19 1 0 150
10 3 13 13 0 150
69 20 73 11 0 150
11 28 23 29 0 150
57 21 69 19 0 150
0 1 8 6 0 150
8 7 20 6 0 150
14 18 11 29 0 150
1 7 7 15 0 150
4 4 17 3 0 150
1 25 10 30 0 150
34 9 34 22 0 150
0 0 12 2 0 150
9 10 9 23 0 150
8 27 9 15 0 150
39 10 29 13 0 150
40 42 28 40 0 150
5 10 13 5 0 150
11 10 0 12 0 150
6 3 3 13 0 150
14 20 21 13 0 150
7 4 19 3 0 150
27 11 18 16 0 150
7 21 8 34 0 150
0 1 8 6 0 150
36 15 32 24 0 150
2 11 6 2 0 150
23 3 23 17 0 150
0 1 6 8 0 150
33 14 33 1 0 150
14 26 2 24 0 150
15 13 13 1 0 150
16 19 6 22 0 150
9 16 18 20 0 150
33 15 44 12 0 150
46 5 44 16 0 150
8 7 9 19 0 150
10 30 10 44 0 150
0 1 0 14 0 150
0 0 10 4 0 150
11 2 4 8 0 150
3 18 13 15 0 150
20 19 28 14 0 150
23 12 13 9 0 150
0 12 7 5 0 150
0 1 7 7 0 150
2 33 14 34 0 150
1 13 6 4 0 150
30 10 35 19 0 150
3 42 9 49 0 150
12 14 20 8 0 150
7 8 15 3 0 150
9 50 0 54 0 150
14 40 25 43 0 150
19 37 21 25 0 150
0 1 12 0 0 150
12 25 12 12 0 150
17 15 10 8 0 150
11 17 1 13 0 150
12 19 13 31 0 150
56 5 48 10 0 150
18 29 28 32 0 150
13 17 0 16 0 150
0 16 10 20 0 150
13 0 7 7 0 150
30 22 27 33 0 150
0 1 9 5 0 150
47 1 59 3 0 150
4 9 12 14 0 150
12 1 10 12 0 150
17 6 8 10 0 150
0 1 4 10 0 150
15 28 9 35 0 150
20 28 16 38 0 150
1 17 5 7 0 150
0 1 6 8 0 150
11 14 17 7 0 150
11 2 23 3 0 150
2 11 0 0 0 150
17 6 28 8 0 150
18 15 20 26 0 150
6 14 17 11 0 150
14 10 24 14 0 150
1 30 3 41 0 150
8 4 2 12 0 150
0 1 5 9 0 150
12 17 8 26 0 150
21 12 32 10 0 150
12 28 18 36 0 150
0 1 11 3 0 150
41 32 51 35 0 150
8 6 12 16 0 150
11 2 4 8 0 150
0 14 13 15 0 150
25 43 30 34 0 150
9 23 19 19 0 150
10 5 2 10 0 150
44 15 34 18 0 150
21 36 31 33 0 150
20 14 18 26 0 150
8 15 7 27 0 150
5 12 5 25 0 150
15 34 23 39 0 150
9 6 18 2 0 150
10 3 6 12 0 150
0 0 10 4 0 150
13 10 22 6 0 150
9 4 20 2 0 150
6 4 18 2 0 150
13 18 4 14 0 150
12 19 1 21 0 150
13 30 19 37 0 150
36 19 38 30 0 150
15 34 11 43 0 150
31 37 27 27 0 150
14 4 17 15 0 150
36 11 30 18 0 150
16 29 26 32 0 150
21 6 28 0 0 150
14 23 25 21 0 150
8 3 15 9 0 150
19 8 17 19 0 150
2 11 8 4 0 150
2 11 4 22 0 150
10 19 19 23 0 150
37 26 38 38 0 150
1 12 5 21 0 150
48 9 59 7 0 150
7 7 7 21 0 150
24 43 30 50 0 150
13 14 9 23 0 150
14 16 13 29 0 150
19 3 25 11 0 150
19 14 22 24 0 150
11 44 11 31 0 150
28 27 32 18 0 150
3 12 12 8 0 150
9 20 1 15 0 150
11 14 5 21 0 150
24 13 31 19 0 150
1 12 5 3 0 150
8 9 3 17 0 150
12 2 3 7 0 150
8 35 12 44 0 150
15 14 7 9 0 150
0 1 2 12 0 150
6 16 8 4 0 150
16 38 16 52 0 150
45 30 39 23 0 150
8 26 16 32 0 150
8 3 12 12 0 150
0 1 12 2 0 150
24 16 36 18 0 150
9 12 0 8 0 150
0 8 7 15 0 150
7 8 14 2 0 150
10 45 8 56 0 150
59 8 67 3 0 150
13 15 15 27 0 150
0 0 11 3 0 150
11 30 5 37 0 150
1 12 13 13 0 150
3 11 13 7 0 150
19 2 29 5 0 150
18 17 18 4 0 150
0 1 10 4 0 150
15 42 20 50 0 150
9 4 4 12 0 150
11 8 5 1 0 150
12 2 19 9 0 150
45 12 48 2 0 150
0 0 1 13 0 150
0 15 8 20 0 150
35 16 29 23 0 150
33 7 30 18 0 150
0 0 3 11 0 150
4 11 12 16 0 150
0 1 10 4 0 150
24 13 29 21 0 150
18 35 10 30 0 150
16 5 9 11 0 150
21 22 12 18 0 150
6 9 13 15 0 150
34 23 34 36 0 150
5 21 7 33 0 150
31 4 19 5 0 150
6 9 2 18 0 150
6 23 17 25 0 150
9 16 17 11 0 150
23 21 36 20 0 150
18 1 12 8 0 150
0 1 4 10 0 150
13 36 11 25 0 150
35 21 44 16 0 150
4 41 3 29 0 150
0 0 4 10 0 150
14 3 12 14 0 150
0 1 12 2 0 150
3 12 1 1 0 150
5 16 11 9 0 150
17 15 19 3 0 150
19 4 15 13 0 150
17 25 13 35 0 150
15 57 16 44 0 150
14 8 6 14 0 150
15 20 5 23 0 150
23 2 20 12 0 150
17 16 9 11 0 150
15 27 23 21 0 150
1 14 3 3 0 150
10 12 19 7 0 150
21 19 17 9 0 150
0 1 5 9 0 150
11 8 17 15 0 150
50 8 59 13 0 150
2 10 2 24 0 150
10 14 5 23 0 150
10 11 17 17 0 150
16 5 26 2 0 150
4 5 12 10 0 150
7 8 16 4 0 150
14 6 4 2 0 150
26 9 22 0 0 150
29 3 36 10 0 150
1 19 6 10 0 150
26 19 32 26 0 150
1 13 0 26 0 150
5 23 13 29 0 150
13 2 7 9 0 150
0 0 11 3 0 150
2 9 8 16 0 150
6 12 8 24 0 150
37 15 39 27 0 150
17 3 17 17 0 150
0 1 4 10 0 150
18 15 28 12 0 150
11 5 1 1 0 150
0 0 10 4 0 150
12 8 14 20 0 150
0 1 4 10 0 150
19 37 6 36 0 150
5 25 14 30 0 150
32 43 27 35 0 150
10 26 12 14 0 150
6 11 12 18 0 150
20 7 12 2 0 150
8 45 2 52 0 150
26 22 35 17 0 150
5 24 6 36 0 150
11 24 21 21 0 150
15 4 13 15 0 150
22 23 26 14 0 150
10 30 10 44 0 150
2 1 3 13 0 150
15 9 7 3 0 150
7 12 12 4 0 150
0 1 9 5 0 150
25 20 25 33 0 150
10 41 0 38 0 150
22 23 16 16 0 150
18 17 20 28 0 150
23 30 11 31 0 150
16 1 5 3 0 150
5 8 12 2 0 150
0 1 4 10 0 150
37 11 46 6 0 150
15 5 19 15 0 150
10 15 7 25 0 150
12 46 15 57 0 150
25 12 33 7 0 150
9 27 10 40 0 150
28 0 27 13 0 150
17 16 25 11 0 150
32 18 21 21 0 150
4 7 9 15 0 150
10 8 10 22 0 150
24 23 17 17 0 150
22 5 20 16 0 150
13 28 20 22 0 150
18 28 21 17 0 150
8 37 6 26 0 150
18 26 14 16 0 150
10 13 1 17 0 150
34 26 45 29 0 150
47 16 37 13 0 150
15 0 27 1 0 150
10 7 10 20 0 150
41 14 45 5 0 150
0 1 6 8 0 150
32 10 30 22 0 150
30 10 41 7 0 150
6 36 2 26 0 150
12 28 10 40 0 150
12 3 12 16 0 150
20 3 9 5 0 150
0 15 10 18 0 150
20 23 21 35 0 150
19 0 8 2 0 150
24 23 12 22 0 150
1 16 1 29 0 150
3 23 11 29 0 150
20 25 16 16 0 150
27 27 37 31 0 150
2 53 10 48 0 150
22 1 32 4 0 150
0 0 1 13 0 150
21 6 28 0 0 150
5 23 17 25 0 150
15 14 18 24 0 150
6 37 6 50 0 150
25 8 13 9 0 150
17 9 13 19 0 150
7 3 20 4 0 150
7 11 19 13 0 150
25 39 19 31 0 150
0 0 3 11 0 150
4 11 13 15 0 150
5 3 14 8 0 150
0 1 9 5 0 150
21 5 30 10 0 150
19 35 7 37 0 150
0 39 8 44 0 150
20 23 22 12 0 150
4 10 17 11 0 150
2 19 9 25 0 150
25 12 18 18 0 150
3 18 8 26 0 150
25 22 34 18 0 150
26 2 19 9 0 150
10 30 23 29 0 150
22 13 33 11 0 150
0 0 1 13 0 150
19 16 25 9 0 150
15 3 15 17 0 150
17 8 25 13 0 150
9 25 20 28 0 150
0 0 1 13 0 150
10 17 6 8 0 150
18 9 15 19 0 150
4 8 15 5 0 150
21 14 19 3 0 150
17 10 12 18 0 150
29 5 27 17 0 150
13 14 25 13 0 150
18 3 20 14 0 150
18 12 30 10 0 150
4 36 2 48 0 150
4 6 15 3 0 150
17 26 6 28 0 150
15 18 18 8 0 150
41 28 37 37 0 150
16 6 28 8 0 150
25 18 28 28 0 150
5 23 8 34 0 150
0 1 11 3 0 150
19 6 8 8 0 150
30 17 26 8 0 150
25 18 19 11 0 150
10 18 10 4 0 150
13 24 1 25 0 150
2 26 7 35 0 150
6 15 11 23 0 150
28 29 20 34 0 150
18 9 16 20 0 150
34 20 41 27 0 150
0 0 11 3 0 150
9 4 11 15 0 150
9 4 20 2 0 150
6 37 4 26 0 150
24 57 34 60 0 150
8 23 7 11 0 150
12 11 17 3 0 150
0 0 6 8 0 150
3 16 2 28 0 150
55 26 45 29 0 150
