100 100 100 5000 29 1000
6 31 21 34 0 1000
7 11 12 24 0 1000
12 26 0 21 0 1000
3 20 8 33 0 1000
10 31 24 27 0 1000
79 66 85 78 0 1000
70 53 86 51 0 1000
80 26 80 44 0 1000
34 7 49 4 0 1000
45 20 56 13 0 1000
27 25 20 36 0 1000
42 25 26 23 0 1000
42 21 53 14 0 1000
12 86 18 98 0 1000
26 24 38 18 0 1000
21 43 20 26 0 1000
83 81 89 69 0 1000
68 67 52 65 0 1000
41 64 48 53 0 1000
45 25 49 39 0 1000
54 17 54 35 0 1000
57 21 61 7 0 1000
35 31 50 28 0 1000
60 62 52 72 0 1000
39 95 38 78 0 1000
60 84 45 81 0 1000
25 59 20 72 0 1000
50 32 50 50 0 1000
19 51 24 64 0 1000
38 5 40 20 0 1000
2 52 6 38 0 1000
0 1 16 3 0 1000
67 92 77 84 0 1000
13 9 2 2 0 1000
26 7 24 23 0 1000
83 43 92 34 0 1000
7 36 2 49 0 1000
21 37 20 54 0 1000
18 1 14 15 0 1000
3 47 13 39 0 1000
21 88 10 95 0 1000
21 60 28 70 0 1000
16 54 5 61 0 1000
65 42 63 58 0 1000
15 54 8 65 0 1000
40 10 42 26 0 1000
43 52 59 54 0 1000
71 66 61 58 0 1000
10 21 27 20 0 1000
48 44 47 27 0 1000
38 36 36 20 0 1000
94 40 83 33 0 1000
22 54 35 59 0 1000
39 28 41 44 0 1000
26 61 32 49 0 1000
22 68 10 74 0 1000
29 61 39 53 0 1000
49 66 62 61 0 1000
23 32 25 16 0 1000
31 83 36 96 0 1000
19 47 13 35 0 1000
76 17 63 22 0 1000
21 74 29 84 0 1000
30 47 24 35 0 1000
77 62 77 80 0 1000
65 95 67 79 0 1000
1 37 17 35 0 1000
37 23 45 33 0 1000
42 40 30 46 0 1000
41 68 52 75 0 1000
59 59 58 43 0 1000
25 33 40 36 0 1000
24 51 32 61 0 1000
23 7 35 13 0 1000
66 35 54 41 0 1000
92 69 99 80 0 1000
14 45 1 40 0 1000
35 13 51 15 0 1000
28 58 19 67 0 1000
99 75 95 61 0 1000
87 35 78 44 0 1000
4 29 5 12 0 1000
10 3 21 10 0 1000
21 46 4 45 0 1000
32 5 30 21 0 1000
25 45 40 48 0 1000
35 88 27 78 0 1000
25 64 20 77 0 1000
12 29 22 37 0 1000
0 1 7 12 0 1000
56 47 68 53 0 1000
6 97 19 93 0 1000
2 85 9 74 0 1000
21 25 29 34 0 1000
56 21 60 35 0 1000
26 30 40 26 0 1000
64 49 72 39 0 1000
72 38 58 34 0 1000
54 27 57 13 0 1000
93 67 78 64 0 1000
29 29 16 33 0 1000
34 32 34 50 0 1000
27 37 41 33 0 1000
47 40 53 52 0 1000
36 21 39 36 0 1000
82 56 75 45 0 1000
22 4 13 13 0 1000
80 20 76 34 0 1000
0 18 14 14 0 1000
61 71 73 65 0 1000
34 43 19 46 0 1000
26 39 10 41 0 1000
35 20 32 6 0 1000
21 37 35 41 0 1000
9 47 21 53 0 1000
68 63 56 57 0 1000
29 52 28 35 0 1000
34 62 34 44 0 1000
18 2 9 11 0 1000
57 92 51 81 0 1000
88 97 78 89 0 1000
5 69 17 63 0 1000
46 11 33 16 0 1000
2 61 14 66 0 1000
49 82 56 72 0 1000
11 9 25 5 0 1000
22 18 16 7 0 1000
4 21 15 15 0 1000
60 26 50 34 0 1000
42 26 44 10 0 1000
43 80 44 97 0 1000
37 66 22 69 0 1000
18 75 16 59 0 1000
56 24 41 27 0 1000
51 9 65 13 0 1000
23 23 28 36 0 1000
21 61 38 60 0 1000
40 75 49 67 0 1000
74 17 58 19 0 1000
88 12 78 20 0 1000
19 28 3 26 0 1000
81 19 70 26 0 1000
24 31 15 40 0 1000
45 5 42 20 0 1000
54 37 70 35 0 1000
80 74 96 76 0 1000
96 75 83 80 0 1000
21 32 5 30 0 1000
0 1 11 8 0 1000
21 19 19 35 0 1000
24 21 28 7 0 1000
45 71 34 78 0 1000
38 59 37 42 0 1000
6 12 5 29 0 1000
84 55 84 73 0 1000
27 42 38 36 0 1000
56 71 51 83 0 1000
21 18 13 8 0 1000
13 49 28 46 0 1000
9 28 23 32 0 1000
44 32 39 45 0 1000
13 33 13 51 0 1000
98 96 94 83 0 1000
24 13 32 23 0 1000
45 40 37 30 0 1000
45 72 32 76 0 1000
43 46 57 42 0 1000
39 5 30 14 0 1000
27 69 29 53 0 1000
52 39 66 43 0 1000
28 31 28 49 0 1000
75 80 70 67 0 1000
43 11 43 29 0 1000
17 54 11 43 0 1000
23 4 19 18 0 1000
53 88 59 76 0 1000
3 23 15 17 0 1000
43 99 32 92 0 1000
28 81 13 78 0 1000
33 65 32 48 0 1000
26 25 11 28 0 1000
68 54 80 48 0 1000
24 35 20 21 0 1000
10 62 6 76 0 1000
17 8 17 25 0 1000
33 50 42 41 0 1000
68 40 70 56 0 1000
23 40 30 30 0 1000
79 91 93 88 0 1000
59 22 59 40 0 1000
28 58 38 66 0 1000
0 1 0 19 0 1000
20 92 28 82 0 1000
51 49 66 46 0 1000
19 46 19 28 0 1000
93 40 96 55 0 1000
67 85 71 71 0 1000
95 98 93 82 0 1000
75 10 83 0 0 1000
0 1 0 19 0 1000
8 49 18 57 0 1000
21 89 6 92 0 1000
73 68 60 63 0 1000
15 34 2 39 0 1000
47 64 45 49 0 1000
6 14 19 9 0 1000
9 50 14 37 0 1000
2 6 11 15 0 1000
19 23 25 35 0 1000
50 90 62 84 0 1000
77 73 60 72 0 1000
41 30 34 20 0 1000
14 23 14 41 0 1000
16 73 29 68 0 1000
8 23 5 38 0 1000
47 1 47 19 0 1000
7 9 22 12 0 1000
23 88 8 85 0 1000
39 50 45 39 0 1000
2 51 16 55 0 1000
84 35 98 31 0 1000
23 17 33 25 0 1000
13 19 28 22 0 1000
51 90 44 79 0 1000
99 10 88 17 0 1000
8 76 11 61 0 1000
29 27 43 23 0 1000
15 83 1 79 0 1000
31 13 44 18 0 1000
68 30 80 36 0 1000
77 22 77 4 0 1000
44 42 54 34 0 1000
13 14 23 22 0 1000
16 81 6 73 0 1000
49 47 50 64 0 1000
2 19 12 11 0 1000
30 31 15 34 0 1000
83 93 76 82 0 1000
13 26 16 41 0 1000
33 23 34 6 0 1000
7 7 10 22 0 1000
77 19 67 11 0 1000
18 16 11 27 0 1000
83 76 79 90 0 1000
60 23 69 32 0 1000
70 48 61 40 0 1000
42 26 51 17 0 1000
30 85 43 90 0 1000
34 74 19 71 0 1000
76 0 59 1 0 1000
41 36 29 30 0 1000
7 34 24 33 0 1000
9 23 15 11 0 1000
15 23 18 38 0 1000
39 24 56 23 0 1000
64 72 48 74 0 1000
34 16 39 3 0 1000
33 79 41 88 0 1000
19 38 8 45 0 1000
40 96 36 82 0 1000
39 64 47 74 0 1000
7 13 21 17 0 1000
28 57 25 72 0 1000
58 82 67 91 0 1000
51 96 43 86 0 1000
43 59 38 72 0 1000
67 57 50 56 0 1000
54 35 48 23 0 1000
75 32 74 16 0 1000
30 35 36 24 0 1000
30 18 35 5 0 1000
79 54 81 38 0 1000
72 58 81 67 0 1000
14 36 30 34 0 1000
21 72 8 77 0 1000
63 18 52 25 0 1000
33 38 31 23 0 1000
50 44 58 53 0 1000
13 33 28 30 0 1000
84 76 92 66 0 1000
26 17 12 21 0 1000
34 29 30 43 0 1000
23 71 21 55 0 1000
20 34 9 27 0 1000
82 36 71 29 0 1000
19 75 6 70 0 1000
41 40 55 36 0 1000
10 84 23 89 0 1000
68 66 58 58 0 1000
30 53 20 61 0 1000
51 24 64 19 0 1000
10 68 22 63 0 1000
43 14 47 0 0 1000
29 67 37 77 0 1000
25 94 40 91 0 1000
4 6 18 2 0 1000
84 86 98 90 0 1000
17 10 15 26 0 1000
83 56 89 68 0 1000
51 27 62 20 0 1000
76 74 76 56 0 1000
33 15 37 1 0 1000
25 21 8 20 0 1000
26 36 21 49 0 1000
14 21 13 4 0 1000
13 5 20 16 0 1000
6 53 10 39 0 1000
34 49 42 39 0 1000
16 10 18 26 0 1000
51 23 35 21 0 1000
9 18 1 28 0 1000
22 8 12 0 0 1000
45 48 41 34 0 1000
4 85 9 98 0 1000
82 50 82 32 0 1000
1 47 4 32 0 1000
8 75 18 67 0 1000
34 81 33 64 0 1000
27 74 39 79 0 1000
27 42 30 57 0 1000
76 25 81 38 0 1000
86 26 95 35 0 1000
70 55 64 67 0 1000
15 19 26 13 0 1000
56 48 59 33 0 1000
82 53 65 52 0 1000
19 2 19 20 0 1000
32 41 26 53 0 1000
17 36 28 29 0 1000
25 42 29 55 0 1000
68 28 78 36 0 1000
34 26 21 21 0 1000
15 12 0 15 0 1000
20 14 6 10 0 1000
0 1 11 8 0 1000
20 2 20 20 0 1000
27 31 15 37 0 1000
35 87 26 96 0 1000
59 51 68 60 0 1000
9 45 1 35 0 1000
41 7 40 24 0 1000
26 79 9 80 0 1000
62 61 46 63 0 1000
48 33 57 24 0 1000
45 50 39 38 0 1000
94 6 80 2 0 1000
47 28 32 25 0 1000
21 1 34 6 0 1000
20 43 12 33 0 1000
31 27 35 41 0 1000
47 21 47 39 0 1000
17 3 5 9 0 1000
48 31 38 23 0 1000
8 29 19 22 0 1000
52 76 35 75 0 1000
0 1 16 3 0 1000
38 18 21 19 0 1000
10 8 22 2 0 1000
30 37 17 42 0 1000
19 68 11 78 0 1000
12 22 29 21 0 1000
12 5 12 23 0 1000
14 69 13 86 0 1000
6 44 4 60 0 1000
20 74 12 65 0 1000
3 8 18 5 0 1000
15 29 7 39 0 1000
28 48 24 62 0 1000
19 86 27 77 0 1000
68 97 56 91 0 1000
44 32 45 15 0 1000
24 78 34 86 0 1000
32 14 19 9 0 1000
62 17 55 6 0 1000
15 27 8 16 0 1000
94 33 88 45 0 1000
70 98 61 90 0 1000
79 53 94 56 0 1000
74 57 75 40 0 1000
69 58 64 45 0 1000
60 67 61 84 0 1000
40 48 40 66 0 1000
27 76 15 70 0 1000
61 60 59 44 0 1000
14 85 9 72 0 1000
12 60 25 55 0 1000
57 55 74 54 0 1000
23 61 10 66 0 1000
9 11 19 19 0 1000
21 2 35 6 0 1000
0 26 1 43 0 1000
21 37 14 48 0 1000
14 39 19 52 0 1000
51 75 48 90 0 1000
93 11 80 6 0 1000
60 79 53 90 0 1000
77 47 81 61 0 1000
10 8 26 6 0 1000
26 38 16 30 0 1000
17 59 19 43 0 1000
0 1 8 11 0 1000
8 10 6 26 0 1000
25 26 11 22 0 1000
5 34 22 35 0 1000
45 61 40 48 0 1000
42 57 25 58 0 1000
24 46 12 40 0 1000
51 78 34 79 0 1000
58 54 43 51 0 1000
13 1 7 13 0 1000
12 6 17 18 0 1000
42 57 33 48 0 1000
26 33 32 21 0 1000
41 26 39 42 0 1000
0 1 8 11 0 1000
16 21 6 13 0 1000
15 56 14 39 0 1000
29 75 16 80 0 1000
18 85 21 70 0 1000
18 21 16 37 0 1000
54 65 62 55 0 1000
64 85 81 86 0 1000
22 51 35 56 0 1000
0 1 8 11 0 1000
30 20 30 2 0 1000
66 63 77 56 0 1000
11 71 18 82 0 1000
24 44 10 40 0 1000
93 86 83 94 0 1000
31 83 47 81 0 1000
17 28 16 45 0 1000
62 19 58 33 0 1000
25 60 12 55 0 1000
55 76 67 81 0 1000
29 17 22 28 0 1000
23 25 18 38 0 1000
36 10 53 9 0 1000
50 54 45 41 0 1000
41 57 34 67 0 1000
33 80 42 71 0 1000
17 70 18 53 0 1000
33 32 29 18 0 1000
32 78 48 76 0 1000
1 17 6 30 0 1000
0 1 12 7 0 1000
77 77 67 85 0 1000
31 31 16 28 0 1000
10 80 21 73 0 1000
85 66 94 75 0 1000
35 96 51 98 0 1000
0 1 8 11 0 1000
19 47 21 63 0 1000
73 33 73 51 0 1000
28 68 12 70 0 1000
14 46 6 55 0 1000
28 1 37 10 0 1000
27 13 21 1 0 1000
56 89 51 76 0 1000
28 74 30 90 0 1000
13 52 26 47 0 1000
24 10 14 18 0 1000
33 51 50 50 0 1000
14 15 12 31 0 1000
20 9 17 23 0 1000
10 76 8 91 0 1000
56 22 43 27 0 1000
35 4 29 16 0 1000
35 27 52 28 0 1000
25 94 35 86 0 1000
65 37 65 55 0 1000
20 70 3 71 0 1000
20 84 30 76 0 1000
45 66 62 67 0 1000
21 21 21 3 0 1000
26 87 29 72 0 1000
31 16 23 26 0 1000
85 55 76 46 0 1000
35 40 44 49 0 1000
45 59 40 72 0 1000
24 96 27 81 0 1000
23 69 24 53 0 1000
57 12 52 25 0 1000
86 22 90 36 0 1000
48 4 33 1 0 1000
31 25 35 39 0 1000
63 0 49 4 0 1000
6 52 15 61 0 1000
19 20 19 38 0 1000
19 49 32 44 0 1000
21 40 8 35 0 1000
78 89 67 82 0 1000
48 20 46 4 0 1000
62 54 66 40 0 1000
79 23 93 20 0 1000
52 71 57 58 0 1000
26 58 29 43 0 1000
37 83 27 75 0 1000
10 8 14 22 0 1000
33 68 31 84 0 1000
49 72 32 71 0 1000
70 97 54 99 0 1000
25 62 41 61 0 1000
23 4 38 7 0 1000
55 60 69 64 0 1000
25 1 40 3 0 1000
16 30 19 45 0 1000
28 11 30 27 0 1000
34 53 39 40 0 1000
40 58 40 76 0 1000
0 1 6 13 0 1000
46 22 61 24 0 1000
9 9 0 0 0 1000
67 66 75 76 0 1000
36 39 33 54 0 1000
92 36 75 35 0 1000
28 81 28 63 0 1000
70 65 80 73 0 1000
60 36 64 50 0 1000
57 74 48 83 0 1000
27 43 33 55 0 1000
33 54 34 37 0 1000
34 36 19 33 0 1000
19 34 20 51 0 1000
45 65 43 81 0 1000
27 9 43 7 0 1000
66 80 63 66 0 1000
14 69 26 63 0 1000
28 36 35 47 0 1000
24 13 24 31 0 1000
22 53 28 65 0 1000
74 66 66 76 0 1000
58 26 63 13 0 1000
48 66 52 79 0 1000
52 78 64 72 0 1000
64 71 66 55 0 1000
66 56 80 60 0 1000
62 16 79 17 0 1000
95 32 96 15 0 1000
37 23 26 16 0 1000
79 77 81 93 0 1000
79 17 87 7 0 1000
69 87 72 72 0 1000
51 69 61 61 0 1000
74 58 77 73 0 1000
5 2 11 13 0 1000
36 28 33 14 0 1000
45 79 58 74 0 1000
32 14 30 30 0 1000
78 71 64 67 0 1000
35 50 51 48 0 1000
22 50 24 66 0 1000
17 30 11 42 0 1000
32 83 34 67 0 1000
11 76 28 75 0 1000
25 71 42 72 0 1000
35 13 36 30 0 1000
63 93 55 83 0 1000
60 57 45 54 0 1000
71 71 56 68 0 1000
15 14 31 12 0 1000
56 69 46 77 0 1000
64 17 57 6 0 1000
71 45 59 40 0 1000
7 5 21 9 0 1000
18 0 32 3 0 1000
25 5 30 17 0 1000
31 9 31 27 0 1000
61 63 64 48 0 1000
8 55 18 63 0 1000
23 86 8 84 0 1000
46 40 42 54 0 1000
31 33 38 44 0 1000
4 32 16 26 0 1000
8 34 10 50 0 1000
67 94 64 79 0 1000
73 61 77 48 0 1000
12 39 27 42 0 1000
29 21 45 22 0 1000
62 18 55 7 0 1000
17 38 28 45 0 1000
76 19 81 32 0 1000
79 18 78 1 0 1000
30 95 30 77 0 1000
37 38 24 43 0 1000
11 50 13 66 0 1000
59 42 53 54 0 1000
3 29 10 40 0 1000
60 88 68 78 0 1000
39 7 35 21 0 1000
22 68 36 64 0 1000
2 54 15 49 0 1000
25 17 35 25 0 1000
31 22 31 4 0 1000
70 21 58 15 0 1000
18 19 4 15 0 1000
27 38 21 50 0 1000
18 18 24 6 0 1000
16 85 15 68 0 1000
14 4 16 20 0 1000
58 20 54 34 0 1000
0 1 10 9 0 1000
3 54 12 45 0 1000
73 95 56 96 0 1000
51 59 50 42 0 1000
47 65 33 69 0 1000
31 7 32 24 0 1000
65 31 68 46 0 1000
57 1 57 19 0 1000
43 3 43 21 0 1000
4 14 12 4 0 1000
34 25 41 35 0 1000
55 20 45 12 0 1000
39 31 40 14 0 1000
18 7 35 6 0 1000
62 27 73 34 0 1000
5 42 15 34 0 1000
10 91 0 83 0 1000
25 21 23 6 0 1000
38 3 29 12 0 1000
76 48 83 37 0 1000
38 9 33 22 0 1000
29 17 34 4 0 1000
19 46 13 34 0 1000
45 24 32 19 0 1000
0 1 5 14 0 1000
76 79 83 90 0 1000
34 73 46 67 0 1000
40 70 43 56 0 1000
81 67 91 59 0 1000
22 6 22 24 0 1000
22 25 28 13 0 1000
53 19 43 27 0 1000
11 32 15 46 0 1000
55 47 72 48 0 1000
85 48 88 63 0 1000
59 20 62 5 0 1000
94 28 88 17 0 1000
48 65 65 66 0 1000
55 41 67 47 0 1000
72 23 63 32 0 1000
34 73 45 66 0 1000
49 49 35 53 0 1000
91 90 82 81 0 1000
55 83 64 92 0 1000
5 31 4 14 0 1000
98 80 82 78 0 1000
61 61 53 71 0 1000
77 85 70 96 0 1000
62 74 71 83 0 1000
89 53 93 39 0 1000
74 35 58 37 0 1000
13 36 27 32 0 1000
31 54 29 38 0 1000
71 62 84 67 0 1000
33 21 36 36 0 1000
27 25 42 22 0 1000
1 1 8 11 0 1000
98 32 95 18 0 1000
27 85 32 72 0 1000
27 52 18 60 0 1000
15 60 2 55 0 1000
26 54 43 53 0 1000
26 49 9 48 0 1000
56 18 40 20 0 1000
40 19 45 6 0 1000
55 81 53 65 0 1000
77 4 84 15 0 1000
44 38 43 55 0 1000
72 19 80 29 0 1000
15 41 9 29 0 1000
29 54 17 48 0 1000
42 54 33 63 0 1000
34 68 48 64 0 1000
17 40 4 35 0 1000
49 51 44 38 0 1000
26 10 15 17 0 1000
29 84 34 71 0 1000
8 46 5 61 0 1000
42 17 39 32 0 1000
15 31 6 22 0 1000
51 19 63 13 0 1000
50 33 62 27 0 1000
7 20 12 7 0 1000
19 60 32 65 0 1000
0 1 6 13 0 1000
34 74 51 73 0 1000
35 97 31 83 0 1000
76 31 63 36 0 1000
25 77 19 88 0 1000
21 35 37 37 0 1000
30 29 38 19 0 1000
6 96 16 88 0 1000
2 45 16 41 0 1000
33 33 43 41 0 1000
17 65 11 53 0 1000
33 95 32 78 0 1000
49 36 55 24 0 1000
20 83 23 69 0 1000
66 90 70 76 0 1000
82 84 93 78 0 1000
17 49 19 65 0 1000
9 56 26 55 0 1000
24 65 33 56 0 1000
76 21 70 33 0 1000
11 55 16 68 0 1000
11 61 8 76 0 1000
28 5 43 2 0 1000
37 27 21 25 0 1000
28 59 43 62 0 1000
52 75 36 77 0 1000
98 95 88 87 0 1000
33 64 38 51 0 1000
3 10 13 17 0 1000
24 37 36 42 0 1000
36 41 44 31 0 1000
28 35 36 45 0 1000
42 73 39 88 0 1000
63 79 52 72 0 1000
44 16 52 25 0 1000
80 75 94 71 0 1000
54 9 51 24 0 1000
24 91 16 81 0 1000
49 40 65 42 0 1000
65 41 54 34 0 1000
74 12 90 10 0 1000
13 40 15 24 0 1000
74 39 88 35 0 1000
39 44 31 34 0 1000
72 72 56 71 0 1000
18 17 29 10 0 1000
69 40 65 54 0 1000
25 60 8 59 0 1000
37 63 39 47 0 1000
78 46 80 30 0 1000
57 43 45 49 0 1000
77 47 76 30 0 1000
6 43 11 56 0 1000
80 22 89 31 0 1000
68 12 76 22 0 1000
98 27 84 30 0 1000
11 41 2 50 0 1000
20 25 35 22 0 1000
25 16 19 28 0 1000
36 34 33 49 0 1000
14 21 25 14 0 1000
0 1 7 12 0 1000
25 42 16 33 0 1000
34 26 33 10 0 1000
19 25 18 8 0 1000
18 39 13 26 0 1000
14 47 15 64 0 1000
17 1 20 16 0 1000
16 22 27 15 0 1000
50 16 56 27 0 1000
14 39 15 22 0 1000
72 38 65 49 0 1000
19 8 2 7 0 1000
46 56 58 62 0 1000
62 79 47 76 0 1000
19 6 26 17 0 1000
7 35 23 33 0 1000
15 33 15 51 0 1000
21 45 23 29 0 1000
16 50 4 44 0 1000
84 64 87 49 0 1000
83 35 69 39 0 1000
31 54 47 56 0 1000
29 1 22 12 0 1000
20 4 25 17 0 1000
39 52 35 66 0 1000
20 39 4 37 0 1000
0 22 10 30 0 1000
10 96 24 92 0 1000
6 29 6 11 0 1000
56 23 61 10 0 1000
0 1 4 15 0 1000
84 77 68 79 0 1000
35 14 38 29 0 1000
73 16 63 23 0 1000
0 1 15 4 0 1000
9 69 4 82 0 1000
63 26 80 25 0 1000
31 3 39 13 0 1000
82 14 83 31 0 1000
41 21 54 16 0 1000
19 60 9 52 0 1000
90 42 82 52 0 1000
20 23 3 24 0 1000
51 30 51 12 0 1000
64 68 49 71 0 1000
51 83 66 86 0 1000
46 86 46 68 0 1000
37 36 33 22 0 1000
83 33 71 27 0 1000
59 32 75 30 0 1000
4 14 21 13 0 1000
28 32 13 35 0 1000
12 90 26 86 0 1000
42 70 32 62 0 1000
22 15 21 32 0 1000
42 44 32 52 0 1000
5 13 2 28 0 1000
2 27 18 25 0 1000
3 23 13 31 0 1000
13 32 13 50 0 1000
6 88 1 75 0 1000
45 38 61 40 0 1000
27 84 26 67 0 1000
42 11 38 25 0 1000
3 7 10 18 0 1000
20 15 4 13 0 1000
33 34 37 48 0 1000
47 14 50 29 0 1000
3 6 20 5 0 1000
39 36 34 24 0 1000
41 21 29 27 0 1000
36 55 36 73 0 1000
46 68 46 86 0 1000
44 78 52 88 0 1000
37 71 49 66 0 1000
32 14 49 13 0 1000
6 77 1 90 0 1000
13 53 30 52 0 1000
52 27 52 45 0 1000
75 64 68 53 0 1000
64 50 64 68 0 1000
25 17 34 8 0 1000
60 31 56 17 0 1000
83 50 87 36 0 1000
81 67 74 56 0 1000
16 17 30 21 0 1000
37 49 26 42 0 1000
75 61 85 53 0 1000
78 57 89 64 0 1000
62 94 68 82 0 1000
17 27 5 21 0 1000
53 91 37 89 0 1000
22 28 39 29 0 1000
58 14 52 2 0 1000
90 42 73 43 0 1000
22 36 7 33 0 1000
23 18 23 0 0 1000
78 51 68 59 0 1000
68 60 58 68 0 1000
36 88 27 97 0 1000
84 97 88 83 0 1000
37 30 29 21 0 1000
48 48 61 43 0 1000
2 16 17 19 0 1000
0 1 6 13 0 1000
40 88 56 90 0 1000
14 4 31 5 0 1000
57 43 55 59 0 1000
46 68 58 74 0 1000
24 13 24 30 0 1000
16 46 17 29 0 1000
46 26 43 12 0 1000
27 35 29 19 0 1000
89 3 99 11 0 1000
81 62 79 78 0 1000
36 19 31 32 0 1000
0 1 13 6 0 1000
50 69 43 80 0 1000
33 43 49 45 0 1000
24 73 19 60 0 1000
35 38 42 48 0 1000
20 81 11 72 0 1000
2 15 8 3 0 1000
73 64 83 72 0 1000
78 30 82 16 0 1000
10 8 22 14 0 1000
37 67 22 64 0 1000
22 63 16 51 0 1000
94 66 87 55 0 1000
67 10 74 21 0 1000
19 45 25 33 0 1000
35 76 23 70 0 1000
36 52 36 35 0 1000
18 41 30 47 0 1000
24 78 12 84 0 1000
71 70 79 80 0 1000
10 47 1 38 0 1000
16 87 20 73 0 1000
18 28 28 21 0 1000
28 48 17 41 0 1000
28 70 35 81 0 1000
29 80 33 94 0 1000
17 28 27 36 0 1000
29 42 46 43 0 1000
36 90 29 79 0 1000
33 44 21 50 0 1000
45 49 56 42 0 1000
35 28 49 32 0 1000
41 32 39 47 0 1000
4 13 0 27 0 1000
71 39 87 41 0 1000
87 42 91 56 0 1000
91 57 90 74 0 1000
90 75 94 89 0 1000
69 60 61 70 0 1000
13 47 28 49 0 1000
57 33 42 30 0 1000
53 14 53 32 0 1000
83 86 67 84 0 1000
0 31 15 28 0 1000
40 75 52 69 0 1000
84 32 97 37 0 1000
22 68 22 86 0 1000
35 58 19 60 0 1000
25 33 12 38 0 1000
34 64 34 82 0 1000
43 8 35 18 0 1000
21 46 29 36 0 1000
30 34 20 42 0 1000
28 31 33 43 0 1000
0 22 3 7 0 1000
19 5 3 7 0 1000
23 58 7 60 0 1000
18 17 17 0 0 1000
8 32 20 38 0 1000
70 8 68 24 0 1000
25 6 30 19 0 1000
37 10 53 12 0 1000
65 56 80 53 0 1000
18 33 9 24 0 1000
22 26 16 14 0 1000
94 79 93 63 0 1000
39 20 54 17 0 1000
56 95 73 94 0 1000
77 59 90 64 0 1000
56 41 64 31 0 1000
94 74 80 70 0 1000
45 14 44 31 0 1000
83 71 75 81 0 1000
0 1 7 12 0 1000
11 92 1 84 0 1000
47 82 63 80 0 1000
30 84 43 79 0 1000
9 11 2 22 0 1000
50 40 34 38 0 1000
34 78 24 71 0 1000
37 49 33 63 0 1000
5 62 3 46 0 1000
21 69 10 76 0 1000
47 68 59 62 0 1000
30 76 40 68 0 1000
51 83 67 81 0 1000
26 17 41 20 0 1000
10 13 24 17 0 1000
17 21 18 38 0 1000
34 93 51 92 0 1000
38 31 33 18 0 1000
84 3 93 12 0 1000
38 27 26 21 0 1000
17 82 23 93 0 1000
8 79 4 65 0 1000
27 44 23 30 0 1000
16 44 9 55 0 1000
49 86 35 90 0 1000
5 15 15 7 0 1000
29 51 32 36 0 1000
51 32 44 43 0 1000
46 81 45 64 0 1000
18 35 24 47 0 1000
40 28 43 43 0 1000
69 73 60 82 0 1000
12 34 22 26 0 1000
64 36 72 46 0 1000
44 30 43 13 0 1000
25 90 35 98 0 1000
1 86 14 91 0 1000
71 84 75 98 0 1000
19 85 34 88 0 1000
54 49 67 54 0 1000
24 82 26 66 0 1000
10 96 25 93 0 1000
47 24 30 23 0 1000
7 42 17 34 0 1000
21 56 21 38 0 1000
86 78 72 82 0 1000
20 53 18 69 0 1000
18 68 30 74 0 1000
30 75 28 59 0 1000
33 20 18 17 0 1000
64 33 55 42 0 1000
9 41 9 23 0 1000
20 42 16 29 0 1000
73 46 56 47 0 1000
30 15 23 26 0 1000
35 15 51 17 0 1000
41 28 25 27 0 1000
42 49 49 38 0 1000
24 9 28 23 0 1000
17 63 30 67 0 1000
31 52 28 67 0 1000
66 97 49 96 0 1000
72 83 60 89 0 1000
35 37 31 51 0 1000
24 65 14 73 0 1000
81 91 71 83 0 1000
25 43 26 26 0 1000
26 77 25 93 0 1000
67 64 53 68 0 1000
34 85 42 95 0 1000
37 57 21 55 0 1000
35 63 33 79 0 1000
39 49 28 56 0 1000
7 19 3 5 0 1000
37 65 32 52 0 1000
36 51 49 56 0 1000
50 33 51 50 0 1000
32 44 43 51 0 1000
59 52 59 70 0 1000
32 28 34 44 0 1000
81 79 81 61 0 1000
22 46 25 31 0 1000
23 62 29 50 0 1000
95 49 80 52 0 1000
11 14 2 5 0 1000
75 65 75 47 0 1000
14 31 11 16 0 1000
27 69 18 78 0 1000
86 47 90 61 0 1000
4 11 16 6 0 1000
83 36 78 23 0 1000
44 54 32 48 0 1000
19 42 30 48 0 1000
47 48 58 41 0 1000
23 34 21 18 0 1000
19 20 28 11 0 1000
34 26 25 35 0 1000
60 62 73 67 0 1000
20 19 7 14 0 1000
24 26 38 22 0 1000
40 27 36 41 0 1000
51 52 51 34 0 1000
47 85 62 88 0 1000
16 29 31 32 0 1000
26 47 36 39 0 1000
42 6 26 4 0 1000
18 15 1 14 0 1000
21 44 22 27 0 1000
45 5 62 4 0 1000
49 69 51 53 0 1000
27 82 20 93 0 1000
33 50 29 64 0 1000
79 91 93 87 0 1000
77 37 81 51 0 1000
15 13 3 19 0 1000
45 45 36 54 0 1000
0 1 2 17 0 1000
28 66 32 52 0 1000
3 15 14 8 0 1000
29 57 22 67 0 1000
80 30 68 36 0 1000
76 21 62 17 0 1000
5 42 16 49 0 1000
23 81 26 96 0 1000
40 86 47 97 0 1000
1 42 2 59 0 1000
27 76 15 82 0 1000
44 96 51 85 0 1000
23 33 16 22 0 1000
7 17 12 4 0 1000
0 2 3 16 0 1000
67 82 62 95 0 1000
22 72 31 80 0 1000
11 16 6 29 0 1000
22 35 14 25 0 1000
35 14 24 7 0 1000
14 89 15 72 0 1000
32 24 17 27 0 1000
21 22 34 27 0 1000
21 21 37 23 0 1000
19 59 13 48 0 1000
41 11 24 12 0 1000
20 16 16 29 0 1000
48 29 64 30 0 1000
26 87 27 70 0 1000
47 82 55 72 0 1000
55 14 51 0 0 1000
42 46 40 62 0 1000
38 6 49 13 0 1000
54 25 40 21 0 1000
81 75 78 60 0 1000
14 19 21 8 0 1000
93 64 82 71 0 1000
25 13 13 19 0 1000
36 53 25 46 0 1000
77 34 60 35 0 1000
52 33 66 30 0 1000
29 41 28 57 0 1000
93 89 99 77 0 1000
15 17 18 2 0 1000
29 52 25 66 0 1000
15 22 3 28 0 1000
20 55 3 54 0 1000
56 9 42 5 0 1000
51 69 43 59 0 1000
27 43 11 45 0 1000
34 24 51 25 0 1000
53 8 62 17 0 1000
2 18 18 16 0 1000
16 39 11 27 0 1000
15 71 7 61 0 1000
18 51 15 66 0 1000
17 40 1 42 0 1000
19 27 19 45 0 1000
10 83 21 90 0 1000
46 33 48 17 0 1000
18 56 26 46 0 1000
35 60 40 47 0 1000
53 61 66 56 0 1000
45 79 62 80 0 1000
6 14 6 32 0 1000
71 84 77 72 0 1000
12 31 9 46 0 1000
11 98 28 99 0 1000
20 19 10 27 0 1000
12 33 20 42 0 1000
12 57 27 60 0 1000
0 34 13 39 0 1000
21 7 24 22 0 1000
30 53 37 64 0 1000
18 53 33 50 0 1000
29 34 37 24 0 1000
14 58 9 45 0 1000
7 39 16 30 0 1000
50 91 51 75 0 1000
38 12 27 5 0 1000
53 55 47 67 0 1000
60 41 61 25 0 1000
52 16 51 33 0 1000
46 12 46 30 0 1000
10 67 21 60 0 1000
32 75 36 89 0 1000
50 35 39 42 0 1000
47 73 34 68 0 1000
34 23 17 22 0 1000
24 61 25 78 0 1000
9 73 2 62 0 1000
18 48 18 66 0 1000
79 37 86 48 0 1000
0 20 15 23 0 1000
9 7 1 17 0 1000
31 52 28 67 0 1000
70 77 72 61 0 1000
52 21 56 8 0 1000
77 24 82 37 0 1000
38 4 46 14 0 1000
84 14 94 22 0 1000
57 29 63 17 0 1000
28 73 28 91 0 1000
76 54 68 64 0 1000
21 47 5 49 0 1000
3 72 7 58 0 1000
58 84 51 95 0 1000
97 53 94 38 0 1000
47 23 41 35 0 1000
37 59 28 67 0 1000
77 49 94 50 0 1000
49 67 56 56 0 1000
61 14 73 8 0 1000
66 75 74 65 0 1000
4 14 10 2 0 1000
99 30 99 13 0 1000
20 55 4 53 0 1000
31 16 34 1 0 1000
49 31 58 40 0 1000
19 72 21 88 0 1000
15 62 6 53 0 1000
66 87 59 76 0 1000
19 80 31 74 0 1000
72 10 72 28 0 1000
83 17 90 6 0 1000
26 32 14 38 0 1000
82 37 80 22 0 1000
42 21 40 37 0 1000
50 34 51 51 0 1000
16 4 20 18 0 1000
61 39 63 23 0 1000
19 68 35 70 0 1000
34 74 40 86 0 1000
7 13 16 22 0 1000
70 33 74 19 0 1000
46 60 55 69 0 1000
30 38 33 53 0 1000
0 37 3 22 0 1000
22 11 37 8 0 1000
66 12 78 18 0 1000
68 85 54 89 0 1000
65 58 63 74 0 1000
20 17 9 24 0 1000
21 89 19 73 0 1000
30 74 17 69 0 1000
8 65 25 64 0 1000
38 81 22 83 0 1000
25 77 23 62 0 1000
38 74 30 64 0 1000
11 64 26 62 0 1000
17 22 17 39 0 1000
40 49 24 51 0 1000
72 79 55 78 0 1000
6 27 21 30 0 1000
8 41 20 47 0 1000
4 30 15 36 0 1000
26 12 26 30 0 1000
5 39 20 36 0 1000
14 86 6 76 0 1000
0 1 0 19 0 1000
55 37 59 23 0 1000
23 15 22 32 0 1000
50 74 59 83 0 1000
21 88 14 99 0 1000
4 16 20 18 0 1000
15 65 21 53 0 1000
21 52 31 44 0 1000
72 14 56 16 0 1000
42 39 38 25 0 1000
38 87 42 73 0 1000
95 58 94 41 0 1000
67 35 67 53 0 1000
15 42 7 51 0 1000
10 64 22 70 0 1000
73 26 65 17 0 1000
56 23 69 18 0 1000
29 31 43 35 0 1000
20 51 29 43 0 1000
26 89 33 78 0 1000
28 82 18 74 0 1000
15 33 8 22 0 1000
34 66 28 54 0 1000
25 75 24 92 0 1000
9 29 10 12 0 1000
6 37 2 51 0 1000
74 90 65 81 0 1000
0 1 12 7 0 1000
45 33 39 45 0 1000
55 95 55 78 0 1000
32 52 29 67 0 1000
49 65 32 64 0 1000
35 22 37 6 0 1000
88 96 88 78 0 1000
11 14 22 7 0 1000
34 87 34 69 0 1000
1 10 0 27 0 1000
53 76 68 79 0 1000
27 96 16 89 0 1000
75 99 66 90 0 1000
14 39 24 47 0 1000
25 15 15 23 0 1000
15 14 32 15 0 1000
18 75 21 60 0 1000
35 68 35 86 0 1000
2 41 17 38 0 1000
60 73 70 65 0 1000
44 61 61 62 0 1000
15 31 15 13 0 1000
33 26 34 43 0 1000
8 10 21 5 0 1000
10 7 6 21 0 1000
0 1 17 2 0 1000
75 46 83 36 0 1000
11 15 6 28 0 1000
37 32 35 48 0 1000
57 45 60 30 0 1000
19 7 30 14 0 1000
37 24 26 31 0 1000
16 2 24 12 0 1000
23 59 25 43 0 1000
42 11 33 20 0 1000
49 10 55 22 0 1000
4 24 5 41 0 1000
35 83 24 90 0 1000
20 52 27 62 0 1000
21 22 36 25 0 1000
32 17 29 32 0 1000
21 87 24 72 0 1000
1 19 14 14 0 1000
16 27 25 18 0 1000
7 75 24 76 0 1000
25 7 28 22 0 1000
16 43 20 29 0 1000
0 85 17 84 0 1000
93 67 98 80 0 1000
38 18 26 23 0 1000
18 20 29 27 0 1000
1 27 12 34 0 1000
37 42 20 43 0 1000
23 40 15 30 0 1000
29 30 39 38 0 1000
14 72 12 56 0 1000
36 23 31 10 0 1000
17 40 22 27 0 1000
31 53 19 59 0 1000
47 27 48 10 0 1000
48 11 33 14 0 1000
10 10 23 5 0 1000
49 4 59 12 0 1000
46 69 34 63 0 1000
22 70 22 53 0 1000
45 71 43 87 0 1000
46 1 48 17 0 1000
56 87 61 74 0 1000
33 66 24 57 0 1000
78 21 93 24 0 1000
97 63 95 47 0 1000
50 1 53 16 0 1000
32 45 35 60 0 1000
20 15 23 0 0 1000
33 25 41 35 0 1000
24 15 38 18 0 1000
2 65 1 48 0 1000
28 12 24 26 0 1000
19 21 25 33 0 1000
26 65 11 62 0 1000
15 35 24 43 0 1000
26 20 27 3 0 1000
32 35 18 31 0 1000
45 65 31 61 0 1000
35 47 22 52 0 1000
78 24 70 34 0 1000
27 36 23 22 0 1000
24 58 33 49 0 1000
26 81 31 94 0 1000
22 15 20 31 0 1000
47 45 51 31 0 1000
2 4 6 17 0 1000
48 87 45 72 0 1000
14 58 8 46 0 1000
28 23 44 21 0 1000
36 76 43 65 0 1000
21 10 23 26 0 1000
54 34 38 32 0 1000
31 32 30 49 0 1000
57 97 65 87 0 1000
43 57 38 70 0 1000
17 20 4 25 0 1000
25 64 39 60 0 1000
62 47 47 44 0 1000
47 32 35 38 0 1000
50 3 48 19 0 1000
38 8 26 2 0 1000
7 34 13 46 0 1000
3 12 5 27 0 1000
29 51 14 48 0 1000
22 38 11 31 0 1000
22 62 20 47 0 1000
60 55 55 42 0 1000
5 27 17 33 0 1000
16 30 11 17 0 1000
16 4 22 16 0 1000
21 17 21 34 0 1000
49 57 45 43 0 1000
17 29 12 16 0 1000
27 2 12 5 0 1000
0 1 14 5 0 1000
7 57 17 49 0 1000
17 35 31 39 0 1000
19 29 23 43 0 1000
42 25 41 8 0 1000
18 58 24 46 0 1000
16 83 24 73 0 1000
63 59 75 65 0 1000
20 41 22 25 0 1000
42 12 34 22 0 1000
29 22 32 37 0 1000
31 25 22 33 0 1000
18 97 35 98 0 1000
1 74 14 69 0 1000
85 98 93 88 0 1000
13 47 12 30 0 1000
18 68 11 79 0 1000
58 44 73 47 0 1000
42 31 35 20 0 1000
0 1 15 4 0 1000
0 1 7 12 0 1000
78 36 67 42 0 1000
37 15 48 8 0 1000
27 26 29 11 0 1000
5 10 5 27 0 1000
6 68 22 70 0 1000
83 1 96 6 0 1000
11 7 26 10 0 1000
82 51 81 68 0 1000
41 70 27 74 0 1000
9 30 21 36 0 1000
31 2 27 15 0 1000
21 72 23 88 0 1000
17 43 13 29 0 1000
12 28 11 12 0 1000
11 11 4 0 0 1000
12 27 5 38 0 1000
26 47 22 61 0 1000
29 4 40 11 0 1000
36 63 36 81 0 1000
18 61 11 50 0 1000
10 38 19 47 0 1000
3 4 1 20 0 1000
48 50 57 41 0 1000
43 33 34 42 0 1000
64 67 57 56 0 1000
9 27 26 26 0 1000
7 28 9 44 0 1000
24 74 31 85 0 1000
67 27 72 14 0 1000
13 81 1 75 0 1000
17 28 12 41 0 1000
92 84 82 77 0 1000
35 69 52 68 0 1000
19 19 26 30 0 1000
12 14 12 32 0 1000
33 78 20 83 0 1000
73 11 69 24 0 1000
21 11 32 4 0 1000
4 1 20 3 0 1000
2 65 5 80 0 1000
5 79 11 67 0 1000
77 43 89 49 0 1000
58 76 55 90 0 1000
26 15 17 6 0 1000
5 23 10 10 0 1000
82 62 72 70 0 1000
10 41 8 57 0 1000
89 41 98 32 0 1000
54 84 38 82 0 1000
59 63 46 68 0 1000
58 54 46 60 0 1000
18 36 24 47 0 1000
31 7 25 19 0 1000
5 28 12 17 0 1000
66 77 72 65 0 1000
39 40 36 25 0 1000
73 57 66 67 0 1000
83 66 83 48 0 1000
18 25 1 24 0 1000
50 63 53 48 0 1000
81 75 83 59 0 1000
49 33 51 17 0 1000
40 11 54 8 0 1000
81 18 82 35 0 1000
61 7 50 0 0 1000
31 19 34 4 0 1000
88 18 75 23 0 1000
44 1 58 5 0 1000
66 29 77 36 0 1000
50 43 44 55 0 1000
12 83 5 72 0 1000
55 74 72 75 0 1000
37 50 37 32 0 1000
0 1 3 16 0 1000
42 19 31 12 0 1000
19 34 16 49 0 1000
66 28 53 33 0 1000
0 28 3 13 0 1000
13 31 9 17 0 1000
61 9 44 10 0 1000
25 34 21 48 0 1000
17 19 2 16 0 1000
10 12 2 22 0 1000
71 26 60 33 0 1000
17 79 2 82 0 1000
45 48 29 50 0 1000
12 37 19 48 0 1000
82 34 83 18 0 1000
60 54 69 46 0 1000
40 18 34 30 0 1000
67 89 58 98 0 1000
18 44 2 42 0 1000
11 12 25 8 0 1000
89 24 77 30 0 1000
33 36 26 25 0 1000
50 17 50 35 0 1000
7 73 8 56 0 1000
22 52 24 36 0 1000
28 11 21 0 0 1000
48 2 44 16 0 1000
19 51 32 46 0 1000
98 30 94 16 0 1000
18 10 27 19 0 1000
78 90 94 92 0 1000
32 72 37 85 0 1000
56 47 40 46 0 1000
62 72 51 65 0 1000
31 78 46 81 0 1000
31 55 45 59 0 1000
17 24 29 30 0 1000
28 98 15 93 0 1000
20 17 15 30 0 1000
60 61 53 72 0 1000
25 50 37 56 0 1000
20 35 22 51 0 1000
24 27 10 23 0 1000
13 53 5 43 0 1000
29 58 29 76 0 1000
13 67 24 60 0 1000
14 38 31 37 0 1000
15 67 16 84 0 1000
63 87 48 90 0 1000
25 18 9 16 0 1000
0 1 7 12 0 1000
12 6 28 4 0 1000
30 65 40 73 0 1000
36 14 43 3 0 1000
27 4 30 19 0 1000
37 30 39 46 0 1000
7 13 21 9 0 1000
83 47 66 46 0 1000
55 62 70 65 0 1000
14 2 26 8 0 1000
21 20 24 35 0 1000
62 62 78 64 0 1000
22 51 9 46 0 1000
64 69 76 75 0 1000
86 52 99 47 0 1000
73 17 64 8 0 1000
49 41 46 26 0 1000
26 48 15 55 0 1000
15 39 30 36 0 1000
81 60 82 43 0 1000
26 13 9 12 0 1000
23 87 36 92 0 1000
6 77 16 69 0 1000
59 14 46 9 0 1000
44 48 31 43 0 1000
59 77 49 85 0 1000
14 84 28 88 0 1000
29 9 17 14 0 1000
34 39 49 42 0 1000
16 34 33 35 0 1000
72 15 66 27 0 1000
24 42 16 52 0 1000
71 45 65 57 0 1000
12 32 0 38 0 1000
33 19 44 12 0 1000
29 15 15 11 0 1000
43 24 30 29 0 1000
14 34 5 43 0 1000
29 61 25 47 0 1000
14 52 6 42 0 1000
7 16 16 7 0 1000
29 85 22 74 0 1000
5 64 17 58 0 1000
36 43 29 32 0 1000
16 31 16 49 0 1000
29 73 14 76 0 1000
41 94 42 77 0 1000
84 69 99 67 0 1000
48 81 47 98 0 1000
22 14 35 9 0 1000
12 14 21 5 0 1000
11 7 13 23 0 1000
93 23 93 41 0 1000
53 31 69 29 0 1000
15 28 0 25 0 1000
1 36 10 28 0 1000
24 30 38 26 0 1000
32 29 23 38 0 1000
18 97 12 85 0 1000
16 10 16 28 0 1000
46 59 45 76 0 1000
37 36 36 53 0 1000
26 19 23 34 0 1000
45 5 35 13 0 1000
12 22 11 39 0 1000
75 21 71 8 0 1000
35 34 38 19 0 1000
38 63 32 75 0 1000
32 51 20 57 0 1000
16 80 21 67 0 1000
11 28 23 34 0 1000
10 42 25 40 0 1000
37 16 25 22 0 1000
18 29 4 26 0 1000
41 39 58 40 0 1000
69 37 59 44 0 1000
12 40 25 35 0 1000
23 27 28 14 0 1000
46 71 46 88 0 1000
33 13 37 27 0 1000
35 84 35 67 0 1000
80 51 75 64 0 1000
22 16 23 33 0 1000
78 86 71 97 0 1000
97 97 91 85 0 1000
74 56 67 45 0 1000
2 55 13 48 0 1000
41 41 25 39 0 1000
0 1 3 16 0 1000
28 50 31 35 0 1000
1 16 9 6 0 1000
27 35 36 44 0 1000
28 76 11 77 0 1000
82 83 93 89 0 1000
12 34 28 32 0 1000
19 5 21 21 0 1000
45 50 43 66 0 1000
81 28 73 38 0 1000
27 8 27 26 0 1000
46 69 62 71 0 1000
29 62 18 69 0 1000
28 57 37 66 0 1000
0 1 10 9 0 1000
24 93 16 83 0 1000
17 6 29 0 0 1000
50 53 45 66 0 1000
19 71 12 82 0 1000
3 45 17 49 0 1000
22 61 11 68 0 1000
32 30 18 34 0 1000
18 35 20 19 0 1000
19 43 33 47 0 1000
17 79 5 85 0 1000
18 16 30 10 0 1000
23 66 11 72 0 1000
16 18 12 32 0 1000
49 28 42 39 0 1000
40 48 24 50 0 1000
8 85 22 89 0 1000
0 1 0 19 0 1000
80 23 80 6 0 1000
9 23 26 22 0 1000
4 31 19 34 0 1000
34 14 31 29 0 1000
85 41 80 28 0 1000
45 64 58 69 0 1000
26 63 13 58 0 1000
57 3 57 21 0 1000
55 38 57 22 0 1000
54 28 42 34 0 1000
15 4 31 6 0 1000
71 21 76 34 0 1000
45 32 29 33 0 1000
37 75 24 79 0 1000
77 92 75 76 0 1000
40 38 30 46 0 1000
74 29 70 15 0 1000
92 22 77 19 0 1000
69 15 77 5 0 1000
36 82 24 88 0 1000
19 33 24 46 0 1000
21 32 15 20 0 1000
47 94 57 86 0 1000
9 99 0 90 0 1000
48 85 59 79 0 1000
72 96 80 86 0 1000
47 56 31 54 0 1000
6 41 21 44 0 1000
12 46 3 55 0 1000
58 72 62 85 0 1000
0 1 5 14 0 1000
0 20 5 33 0 1000
94 83 84 75 0 1000
60 98 60 80 0 1000
20 29 29 38 0 1000
33 52 32 36 0 1000
32 35 32 53 0 1000
32 79 17 76 0 1000
20 20 24 34 0 1000
90 65 75 62 0 1000
33 21 28 34 0 1000
57 27 57 45 0 1000
59 75 72 70 0 1000
43 20 44 37 0 1000
63 12 57 0 0 1000
22 85 19 70 0 1000
37 27 48 34 0 1000
70 53 68 37 0 1000
81 80 91 72 0 1000
37 32 30 43 0 1000
12 83 6 95 0 1000
15 5 4 12 0 1000
59 10 51 20 0 1000
39 72 50 78 0 1000
78 37 89 30 0 1000
46 8 51 21 0 1000
20 82 12 72 0 1000
55 33 59 47 0 1000
1 12 7 1 0 1000
10 42 26 44 0 1000
1 36 1 18 0 1000
10 28 17 17 0 1000
83 58 97 54 0 1000
21 20 32 14 0 1000
20 63 20 81 0 1000
9 13 15 1 0 1000
20 38 20 20 0 1000
42 55 38 41 0 1000
9 22 20 15 0 1000
6 31 20 35 0 1000
15 47 1 43 0 1000
43 26 43 44 0 1000
75 57 82 47 0 1000
61 4 63 19 0 1000
76 63 78 48 0 1000
27 55 32 67 0 1000
35 7 24 14 0 1000
74 78 59 75 0 1000
69 18 80 11 0 1000
89 65 85 51 0 1000
5 15 7 31 0 1000
12 16 6 28 0 1000
4 87 9 74 0 1000
13 37 20 26 0 1000
48 14 61 9 0 1000
33 57 34 74 0 1000
86 38 97 31 0 1000
31 40 42 33 0 1000
42 94 49 83 0 1000
43 57 41 42 0 1000
21 42 17 29 0 1000
63 67 52 74 0 1000
5 11 22 10 0 1000
27 46 22 34 0 1000
22 16 28 28 0 1000
0 1 1 18 0 1000
46 5 53 16 0 1000
27 79 32 66 0 1000
61 85 59 69 0 1000
33 51 35 36 0 1000
61 60 74 65 0 1000
60 14 75 11 0 1000
55 8 44 1 0 1000
96 33 86 41 0 1000
68 94 84 96 0 1000
66 56 81 59 0 1000
3 42 5 26 0 1000
62 72 65 57 0 1000
11 30 14 15 0 1000
26 71 34 61 0 1000
21 31 37 33 0 1000
6 25 18 19 0 1000
50 14 59 23 0 1000
17 71 29 65 0 1000
36 59 34 75 0 1000
82 46 70 40 0 1000
54 77 50 91 0 1000
59 43 45 47 0 1000
17 86 24 97 0 1000
48 79 39 71 0 1000
71 75 79 65 0 1000
24 25 29 38 0 1000
65 82 49 84 0 1000
61 75 70 66 0 1000
17 12 16 29 0 1000
28 50 12 52 0 1000
24 21 16 11 0 1000
80 74 90 82 0 1000
16 40 22 28 0 1000
31 48 40 39 0 1000
0 1 4 15 0 1000
15 62 12 47 0 1000
13 30 4 38 0 1000
30 18 44 14 0 1000
31 36 25 47 0 1000
22 6 15 17 0 1000
20 88 36 86 0 1000
2 40 3 23 0 1000
27 43 37 51 0 1000
20 29 34 33 0 1000
12 35 9 20 0 1000
65 14 82 15 0 1000
39 44 44 57 0 1000
70 25 61 16 0 1000
22 69 37 72 0 1000
37 85 49 79 0 1000
29 46 25 32 0 1000
21 17 16 4 0 1000
47 33 47 15 0 1000
28 76 16 82 0 1000
9 15 12 30 0 1000
87 15 78 24 0 1000
7 75 2 88 0 1000
25 40 34 49 0 1000
51 72 53 88 0 1000
81 69 64 68 0 1000
64 67 81 66 0 1000
62 97 74 91 0 1000
83 42 95 48 0 1000
8 12 19 19 0 1000
14 16 9 29 0 1000
14 92 30 94 0 1000
56 32 68 38 0 1000
66 72 83 71 0 1000
47 34 41 46 0 1000
74 46 58 48 0 1000
58 49 57 66 0 1000
20 46 18 30 0 1000
18 48 2 46 0 1000
43 6 50 17 0 1000
31 34 33 19 0 1000
12 17 12 35 0 1000
86 59 74 65 0 1000
34 3 33 20 0 1000
38 59 21 60 0 1000
51 52 58 63 0 1000
8 64 15 53 0 1000
46 44 39 55 0 1000
37 42 52 39 0 1000
1 6 8 16 0 1000
35 63 25 71 0 1000
12 8 4 18 0 1000
49 78 49 60 0 1000
80 87 80 69 0 1000
17 20 14 35 0 1000
16 41 33 42 0 1000
73 93 88 90 0 1000
76 81 60 83 0 1000
41 71 37 57 0 1000
1 12 18 13 0 1000
42 64 58 66 0 1000
21 27 30 36 0 1000
14 77 28 73 0 1000
68 26 59 35 0 1000
13 30 0 35 0 1000
73 53 85 47 0 1000
68 66 85 65 0 1000
6 74 6 92 0 1000
16 52 33 53 0 1000
98 31 86 37 0 1000
58 57 61 71 0 1000
55 40 41 36 0 1000
6 27 2 13 0 1000
52 55 42 63 0 1000
11 8 8 23 0 1000
6 15 20 19 0 1000
0 24 4 10 0 1000
41 45 36 58 0 1000
88 46 88 28 0 1000
28 92 28 74 0 1000
4 8 10 19 0 1000
16 38 25 29 0 1000
31 81 16 84 0 1000
52 87 48 74 0 1000
88 78 88 96 0 1000
48 23 39 14 0 1000
3 30 11 40 0 1000
70 14 78 24 0 1000
19 5 30 12 0 1000
39 9 56 8 0 1000
16 9 28 15 0 1000
3 25 1 9 0 1000
78 90 78 72 0 1000
48 69 61 64 0 1000
8 11 1 22 0 1000
45 75 62 74 0 1000
1 6 7 18 0 1000
1 21 18 20 0 1000
53 13 43 21 0 1000
29 3 36 14 0 1000
54 25 55 41 0 1000
32 68 16 66 0 1000
17 4 23 16 0 1000
25 89 31 77 0 1000
26 49 9 50 0 1000
29 11 41 5 0 1000
9 86 6 71 0 1000
25 32 21 18 0 1000
20 28 21 11 0 1000
58 42 56 58 0 1000
9 40 9 57 0 1000
24 48 34 56 0 1000
28 94 39 87 0 1000
21 37 23 53 0 1000
51 13 51 31 0 1000
71 77 85 73 0 1000
39 36 22 37 0 1000
59 76 58 59 0 1000
8 22 17 31 0 1000
31 73 35 87 0 1000
29 56 41 62 0 1000
26 68 40 64 0 1000
89 66 80 75 0 1000
10 22 16 34 0 1000
24 45 40 43 0 1000
20 17 5 14 0 1000
87 48 83 34 0 1000
37 51 27 59 0 1000
61 91 64 76 0 1000
53 84 66 79 0 1000
55 20 57 4 0 1000
66 19 63 5 0 1000
17 62 25 52 0 1000
14 47 16 31 0 1000
10 73 4 61 0 1000
57 64 63 75 0 1000
21 12 33 18 0 1000
6 4 12 15 0 1000
73 50 71 66 0 1000
22 64 6 66 0 1000
9 49 25 51 0 1000
40 1 40 18 0 1000
16 20 5 13 0 1000
47 33 42 20 0 1000
0 1 6 13 0 1000
29 54 33 68 0 1000
53 39 58 26 0 1000
34 42 31 57 0 1000
14 16 15 33 0 1000
80 71 94 67 0 1000
84 47 91 36 0 1000
24 7 7 6 0 1000
13 49 19 37 0 1000
32 65 45 60 0 1000
41 61 51 69 0 1000
36 22 42 11 0 1000
14 53 28 49 0 1000
18 28 2 30 0 1000
50 63 49 80 0 1000
0 1 7 12 0 1000
15 18 31 20 0 1000
61 17 57 31 0 1000
10 28 16 17 0 1000
45 32 52 43 0 1000
40 42 36 56 0 1000
52 26 54 10 0 1000
45 80 42 65 0 1000
7 18 20 22 0 1000
39 24 39 6 0 1000
18 49 8 41 0 1000
17 29 3 25 0 1000
0 1 2 17 0 1000
61 82 72 75 0 1000
44 58 38 70 0 1000
30 9 28 25 0 1000
13 60 30 59 0 1000
53 57 39 54 0 1000
17 23 29 29 0 1000
59 58 54 71 0 1000
29 26 15 30 0 1000
2 53 13 46 0 1000
16 56 5 63 0 1000
67 83 73 72 0 1000
17 55 0 54 0 1000
12 6 29 7 0 1000
47 20 60 15 0 1000
79 40 67 34 0 1000
40 49 39 66 0 1000
10 65 17 76 0 1000
24 22 18 34 0 1000
11 22 14 7 0 1000
28 22 31 37 0 1000
71 7 71 25 0 1000
9 78 6 63 0 1000
26 58 35 49 0 1000
41 85 33 75 0 1000
33 76 38 63 0 1000
68 12 84 14 0 1000
52 61 55 46 0 1000
35 25 30 38 0 1000
13 20 8 33 0 1000
67 54 82 57 0 1000
31 29 43 35 0 1000
51 58 50 41 0 1000
45 19 45 1 0 1000
44 80 53 89 0 1000
16 42 4 48 0 1000
60 57 59 40 0 1000
69 40 78 31 0 1000
24 21 30 33 0 1000
73 33 80 22 0 1000
42 66 35 77 0 1000
0 1 0 19 0 1000
20 48 27 59 0 1000
4 14 16 20 0 1000
63 14 51 8 0 1000
23 15 17 3 0 1000
20 69 6 65 0 1000
26 32 39 37 0 1000
51 11 41 3 0 1000
23 61 8 63 0 1000
57 87 51 75 0 1000
51 74 57 86 0 1000
57 85 46 78 0 1000
56 15 72 17 0 1000
18 18 2 20 0 1000
42 95 45 80 0 1000
98 35 96 19 0 1000
81 23 80 6 0 1000
32 59 25 70 0 1000
49 39 48 22 0 1000
20 4 14 16 0 1000
99 76 98 59 0 1000
98 58 84 54 0 1000
37 64 52 62 0 1000
72 66 71 83 0 1000
89 14 74 11 0 1000
89 68 90 85 0 1000
1 22 3 6 0 1000
9 15 22 10 0 1000
95 46 95 64 0 1000
24 96 10 92 0 1000
82 71 75 60 0 1000
44 17 46 33 0 1000
46 79 53 90 0 1000
18 68 18 86 0 1000
17 49 21 35 0 1000
61 97 70 88 0 1000
45 34 31 30 0 1000
23 30 18 18 0 1000
3 86 10 97 0 1000
40 25 32 15 0 1000
41 36 49 46 0 1000
69 59 70 42 0 1000
16 53 15 36 0 1000
15 12 6 3 0 1000
13 57 1 63 0 1000
22 26 31 17 0 1000
58 39 51 50 0 1000
6 25 15 16 0 1000
25 31 31 43 0 1000
40 45 30 37 0 1000
31 6 18 11 0 1000
48 71 35 66 0 1000
14 20 6 11 0 1000
17 1 3 5 0 1000
8 17 17 26 0 1000
49 21 54 8 0 1000
17 51 26 60 0 1000
34 80 37 65 0 1000
37 57 30 68 0 1000
74 20 91 21 0 1000
39 61 29 53 0 1000
66 45 53 40 0 1000
1 1 15 4 0 1000
23 55 20 40 0 1000
17 20 13 34 0 1000
20 82 25 95 0 1000
20 21 32 15 0 1000
23 87 23 69 0 1000
57 37 57 20 0 1000
10 28 16 40 0 1000
8 12 13 25 0 1000
38 67 37 84 0 1000
14 44 12 28 0 1000
35 96 48 92 0 1000
40 15 56 17 0 1000
5 65 16 58 0 1000
78 36 86 46 0 1000
35 87 33 71 0 1000
9 30 16 41 0 1000
16 68 32 66 0 1000
83 52 79 38 0 1000
8 54 3 66 0 1000
77 72 88 79 0 1000
18 66 4 62 0 1000
1 5 11 13 0 1000
44 14 35 5 0 1000
19 12 29 4 0 1000
57 15 58 31 0 1000
57 40 64 51 0 1000
14 4 15 21 0 1000
21 18 31 26 0 1000
49 44 32 43 0 1000
10 41 14 55 0 1000
0 82 2 66 0 1000
58 36 47 29 0 1000
22 64 38 66 0 1000
21 11 8 7 0 1000
74 69 87 74 0 1000
0 1 15 4 0 1000
26 24 21 11 0 1000
28 39 28 57 0 1000
59 70 53 58 0 1000
8 12 21 16 0 1000
28 68 42 72 0 1000
49 11 59 3 0 1000
25 17 8 16 0 1000
80 45 95 48 0 1000
80 31 86 43 0 1000
33 9 30 24 0 1000
28 98 11 97 0 1000
32 43 20 37 0 1000
46 33 55 24 0 1000
48 61 57 53 0 1000
45 2 62 1 0 1000
29 43 14 40 0 1000
26 29 35 38 0 1000
28 12 45 11 0 1000
5 64 17 70 0 1000
51 26 45 15 0 1000
2 18 2 36 0 1000
9 58 3 46 0 1000
49 87 52 72 0 1000
43 26 52 17 0 1000
34 7 24 15 0 1000
27 14 19 4 0 1000
8 84 18 76 0 1000
35 80 23 86 0 1000
26 16 26 34 0 1000
61 44 48 49 0 1000
28 61 29 78 0 1000
61 44 77 42 0 1000
49 97 61 91 0 1000
78 57 66 63 0 1000
67 62 77 69 0 1000
21 10 28 21 0 1000
73 82 77 69 0 1000
38 67 31 56 0 1000
0 1 8 11 0 1000
53 92 55 76 0 1000
46 92 30 94 0 1000
16 55 31 52 0 1000
6 4 1 17 0 1000
15 39 28 34 0 1000
29 31 26 46 0 1000
43 84 39 70 0 1000
19 51 24 64 0 1000
16 67 13 52 0 1000
54 88 48 76 0 1000
30 58 36 70 0 1000
3 55 14 48 0 1000
46 87 49 72 0 1000
31 81 46 79 0 1000
12 71 28 73 0 1000
39 63 47 54 0 1000
39 78 55 80 0 1000
92 67 80 61 0 1000
53 66 46 55 0 1000
58 10 44 14 0 1000
43 61 38 48 0 1000
40 50 28 44 0 1000
90 59 75 62 0 1000
22 19 34 13 0 1000
94 57 94 75 0 1000
47 55 30 54 0 1000
21 26 24 41 0 1000
30 23 25 35 0 1000
53 59 67 63 0 1000
85 81 85 99 0 1000
12 45 11 62 0 1000
7 11 22 14 0 1000
56 34 60 20 0 1000
89 83 78 90 0 1000
73 22 66 11 0 1000
25 79 28 64 0 1000
23 29 19 43 0 1000
5 16 9 30 0 1000
12 92 8 78 0 1000
66 78 62 92 0 1000
33 13 23 5 0 1000
8 77 23 80 0 1000
68 35 55 31 0 1000
82 70 71 63 0 1000
76 35 92 33 0 1000
59 51 66 62 0 1000
62 44 55 55 0 1000
77 57 77 39 0 1000
30 20 24 32 0 1000
45 12 52 23 0 1000
3 18 10 29 0 1000
18 40 29 47 0 1000
0 1 11 8 0 1000
40 17 45 4 0 1000
44 59 59 56 0 1000
57 41 59 57 0 1000
38 28 36 44 0 1000
41 41 26 38 0 1000
20 21 14 32 0 1000
8 47 0 37 0 1000
80 21 91 14 0 1000
25 59 28 74 0 1000
28 75 28 93 0 1000
9 39 5 53 0 1000
44 20 38 32 0 1000
45 55 56 48 0 1000
47 98 49 82 0 1000
5 73 9 87 0 1000
0 1 4 15 0 1000
30 60 47 61 0 1000
25 72 34 63 0 1000
24 52 8 50 0 1000
75 77 83 67 0 1000
0 68 0 86 0 1000
40 37 31 28 0 1000
36 42 41 55 0 1000
21 14 36 11 0 1000
25 93 18 82 0 1000
23 31 30 21 0 1000
52 75 60 85 0 1000
96 56 89 67 0 1000
2 82 11 91 0 1000
6 93 10 79 0 1000
1 85 8 74 0 1000
23 18 26 3 0 1000
6 14 17 7 0 1000
8 3 7 20 0 1000
48 66 48 48 0 1000
40 55 46 67 0 1000
73 71 60 75 0 1000
9 73 25 75 0 1000
55 77 47 67 0 1000
73 63 78 50 0 1000
68 39 85 40 0 1000
72 54 60 60 0 1000
36 31 22 27 0 1000
2 63 17 66 0 1000
46 59 48 43 0 1000
10 75 22 69 0 1000
11 9 13 25 0 1000
25 21 29 7 0 1000
11 80 15 66 0 1000
6 3 19 8 0 1000
65 54 77 48 0 1000
98 81 98 98 0 1000
18 34 12 46 0 1000
31 21 15 23 0 1000
52 26 52 44 0 1000
51 23 49 39 0 1000
20 23 19 39 0 1000
59 11 51 21 0 1000
7 54 1 65 0 1000
40 21 50 13 0 1000
11 38 25 42 0 1000
47 81 63 83 0 1000
66 15 67 32 0 1000
62 48 50 54 0 1000
62 40 46 41 0 1000
39 18 38 2 0 1000
30 35 26 21 0 1000
39 4 28 10 0 1000
12 6 25 11 0 1000
67 41 69 57 0 1000
47 32 36 38 0 1000
29 78 20 87 0 1000
41 30 25 32 0 1000
21 24 31 32 0 1000
56 54 69 58 0 1000
51 64 60 72 0 1000
49 12 61 18 0 1000
4 67 13 59 0 1000
34 52 29 39 0 1000
24 89 12 95 0 1000
22 29 37 26 0 1000
73 67 65 57 0 1000
85 79 96 72 0 1000
2 4 9 15 0 1000
78 58 94 56 0 1000
14 51 6 42 0 1000
29 6 23 18 0 1000
10 73 20 81 0 1000
30 54 30 36 0 1000
1 39 9 29 0 1000
93 21 98 34 0 1000
29 12 20 3 0 1000
39 54 25 50 0 1000
96 89 84 83 0 1000
84 84 87 99 0 1000
1 18 9 8 0 1000
80 99 81 82 0 1000
30 13 21 22 0 1000
80 57 94 53 0 1000
13 12 1 6 0 1000
37 59 23 63 0 1000
19 1 19 19 0 1000
15 25 27 31 0 1000
21 12 36 15 0 1000
74 64 57 63 0 1000
25 30 25 12 0 1000
46 49 32 53 0 1000
18 21 24 9 0 1000
47 75 54 86 0 1000
26 23 21 10 0 1000
83 91 83 73 0 1000
66 52 65 69 0 1000
13 76 2 83 0 1000
25 42 34 51 0 1000
31 55 34 70 0 1000
36 22 51 24 0 1000
37 49 36 66 0 1000
32 79 26 67 0 1000
20 40 14 52 0 1000
11 12 15 26 0 1000
24 65 37 60 0 1000
7 13 18 20 0 1000
59 41 63 27 0 1000
7 17 19 11 0 1000
13 27 14 44 0 1000
36 5 50 2 0 1000
76 31 84 21 0 1000
22 36 5 37 0 1000
74 52 74 34 0 1000
0 1 11 8 0 1000
56 6 73 7 0 1000
48 22 62 26 0 1000
27 16 40 11 0 1000
67 48 81 52 0 1000
26 59 39 64 0 1000
17 77 29 83 0 1000
65 29 77 35 0 1000
43 16 32 23 0 1000
19 35 19 53 0 1000
13 51 20 62 0 1000
49 81 64 84 0 1000
2 2 19 3 0 1000
29 18 26 33 0 1000
61 17 44 18 0 1000
14 8 23 17 0 1000
90 42 78 36 0 1000
61 26 73 32 0 1000
10 17 10 35 0 1000
6 14 6 32 0 1000
14 14 14 32 0 1000
18 10 14 24 0 1000
70 32 70 50 0 1000
50 55 40 63 0 1000
55 86 68 90 0 1000
4 17 16 11 0 1000
22 72 10 66 0 1000
0 1 12 7 0 1000
37 11 42 24 0 1000
32 73 33 56 0 1000
60 3 51 12 0 1000
17 33 5 39 0 1000
50 68 52 84 0 1000
39 88 39 70 0 1000
65 26 68 41 0 1000
18 83 3 80 0 1000
2 23 11 32 0 1000
24 93 24 75 0 1000
51 49 66 46 0 1000
35 85 29 97 0 1000
73 41 79 53 0 1000
95 59 89 47 0 1000
34 6 49 9 0 1000
20 34 16 20 0 1000
44 61 44 79 0 1000
84 72 91 83 0 1000
98 6 95 21 0 1000
28 67 37 58 0 1000
57 97 66 89 0 1000
16 85 23 96 0 1000
18 15 18 33 0 1000
49 5 59 13 0 1000
33 80 27 68 0 1000
27 23 19 13 0 1000
23 82 29 94 0 1000
77 57 94 58 0 1000
34 89 20 93 0 1000
18 10 17 27 0 1000
55 25 44 32 0 1000
19 60 6 55 0 1000
57 17 51 28 0 1000
58 67 69 74 0 1000
26 65 34 55 0 1000
67 57 66 74 0 1000
29 77 18 84 0 1000
5 84 15 92 0 1000
46 13 42 27 0 1000
33 20 33 37 0 1000
16 21 2 17 0 1000
15 35 16 18 0 1000
11 39 8 54 0 1000
16 69 20 83 0 1000
51 50 46 37 0 1000
77 81 85 91 0 1000
25 6 39 10 0 1000
80 40 83 55 0 1000
32 67 47 64 0 1000
17 26 31 22 0 1000
19 33 19 51 0 1000
28 24 33 37 0 1000
52 40 48 26 0 1000
22 13 30 23 0 1000
27 74 19 84 0 1000
30 35 20 27 0 1000
32 16 23 7 0 1000
88 86 72 84 0 1000
19 54 27 44 0 1000
90 5 92 21 0 1000
85 59 69 58 0 1000
68 97 55 92 0 1000
77 83 77 66 0 1000
77 67 85 77 0 1000
3 23 8 10 0 1000
87 94 82 82 0 1000
64 31 80 33 0 1000
19 16 7 10 0 1000
1 63 7 74 0 1000
33 5 45 11 0 1000
24 45 35 51 0 1000
31 56 25 44 0 1000
30 2 46 0 0 1000
37 49 51 45 0 1000
56 27 67 34 0 1000
43 26 56 21 0 1000
43 80 43 98 0 1000
87 66 83 80 0 1000
33 57 21 63 0 1000
15 91 4 98 0 1000
12 28 26 32 0 1000
55 80 68 84 0 1000
78 40 92 44 0 1000
82 86 92 79 0 1000
12 56 10 72 0 1000
97 76 81 74 0 1000
0 1 14 5 0 1000
11 39 27 41 0 1000
6 81 14 91 0 1000
11 73 8 88 0 1000
35 71 24 64 0 1000
70 32 58 26 0 1000
37 44 29 34 0 1000
44 87 43 71 0 1000
78 71 78 89 0 1000
16 56 30 53 0 1000
48 86 57 95 0 1000
13 33 3 25 0 1000
28 11 16 5 0 1000
72 73 74 57 0 1000
28 14 20 24 0 1000
33 19 18 16 0 1000
14 96 6 87 0 1000
29 56 29 74 0 1000
37 79 41 93 0 1000
22 74 26 88 0 1000
2 34 12 41 0 1000
0 36 17 35 0 1000
96 55 90 43 0 1000
26 64 24 80 0 1000
13 50 8 63 0 1000
21 35 7 38 0 1000
22 31 21 47 0 1000
12 42 29 41 0 1000
63 18 58 31 0 1000
65 86 72 97 0 1000
51 32 45 44 0 1000
24 33 20 47 0 1000
31 52 16 55 0 1000
28 68 15 63 0 1000
71 24 76 37 0 1000
19 38 34 35 0 1000
11 7 26 4 0 1000
2 35 2 53 0 1000
73 66 68 79 0 1000
22 35 22 18 0 1000
15 69 2 64 0 1000
34 12 27 23 0 1000
63 35 57 47 0 1000
37 49 47 57 0 1000
35 22 48 27 0 1000
17 39 26 30 0 1000
51 99 51 81 0 1000
5 62 8 77 0 1000
44 45 40 31 0 1000
40 32 48 22 0 1000
48 21 34 17 0 1000
18 83 11 94 0 1000
30 28 27 43 0 1000
64 29 72 39 0 1000
78 45 73 32 0 1000
14 14 31 15 0 1000
85 49 85 67 0 1000
63 62 71 72 0 1000
10 37 18 47 0 1000
9 11 4 24 0 1000
54 8 54 26 0 1000
11 98 4 87 0 1000
39 41 31 51 0 1000
14 55 5 63 0 1000
36 9 51 12 0 1000
27 23 37 31 0 1000
44 0 37 11 0 1000
15 36 19 50 0 1000
53 7 40 3 0 1000
36 24 49 29 0 1000
15 33 27 28 0 1000
60 49 73 54 0 1000
14 82 2 76 0 1000
21 44 30 52 0 1000
0 1 9 10 0 1000
13 57 2 64 0 1000
70 85 80 93 0 1000
24 44 36 50 0 1000
53 30 36 29 0 1000
1 42 18 43 0 1000
34 37 34 55 0 1000
64 44 60 58 0 1000
40 87 41 70 0 1000
18 21 19 37 0 1000
41 32 41 50 0 1000
18 77 9 86 0 1000
40 36 39 19 0 1000
16 5 29 0 0 1000
17 30 3 34 0 1000
82 80 77 93 0 1000
15 84 7 74 0 1000
67 86 58 95 0 1000
26 51 13 56 0 1000
17 73 27 65 0 1000
27 84 25 68 0 1000
70 36 73 21 0 1000
7 67 19 61 0 1000
36 24 38 8 0 1000
61 29 62 46 0 1000
18 13 32 9 0 1000
78 75 90 69 0 1000
80 41 77 56 0 1000
45 46 61 47 0 1000
33 17 38 30 0 1000
73 57 60 62 0 1000
55 80 62 69 0 1000
21 6 4 7 0 1000
4 5 14 12 0 1000
13 11 0 7 0 1000
33 31 42 22 0 1000
43 68 46 83 0 1000
17 11 13 25 0 1000
21 50 6 47 0 1000
40 1 28 6 0 1000
7 30 21 27 0 1000
25 73 25 91 0 1000
74 34 62 40 0 1000
13 44 28 41 0 1000
25 90 34 99 0 1000
85 76 72 81 0 1000
80 61 81 78 0 1000
26 26 34 36 0 1000
38 17 49 24 0 1000
34 32 35 15 0 1000
1 41 18 42 0 1000
27 86 33 74 0 1000
9 9 11 25 0 1000
24 11 14 3 0 1000
77 69 66 76 0 1000
48 87 57 78 0 1000
72 82 63 91 0 1000
18 22 5 17 0 1000
82 53 90 63 0 1000
55 9 49 21 0 1000
7 21 24 20 0 1000
67 15 60 4 0 1000
63 4 59 18 0 1000
40 67 31 58 0 1000
32 24 42 16 0 1000
8 51 8 33 0 1000
36 42 51 39 0 1000
78 2 87 11 0 1000
87 12 79 22 0 1000
26 43 25 60 0 1000
34 8 42 18 0 1000
2 18 4 2 0 1000
50 14 50 32 0 1000
59 38 47 32 0 1000
3 82 17 86 0 1000
83 56 88 69 0 1000
31 95 48 96 0 1000
4 25 4 7 0 1000
97 44 85 38 0 1000
37 84 25 90 0 1000
21 6 20 23 0 1000
33 47 28 60 0 1000
0 18 11 11 0 1000
8 29 17 38 0 1000
9 5 26 4 0 1000
27 19 38 12 0 1000
71 28 81 36 0 1000
20 58 28 48 0 1000
68 82 54 78 0 1000
43 22 38 35 0 1000
76 74 64 68 0 1000
51 54 50 37 0 1000
0 53 10 61 0 1000
17 12 21 26 0 1000
7 61 24 60 0 1000
4 12 14 4 0 1000
15 69 5 61 0 1000
57 18 68 25 0 1000
48 65 63 68 0 1000
29 39 46 38 0 1000
34 9 22 3 0 1000
29 47 42 42 0 1000
63 81 56 92 0 1000
67 88 56 94 0 1000
10 10 19 19 0 1000
18 45 19 62 0 1000
91 22 87 36 0 1000
17 35 2 32 0 1000
48 66 35 61 0 1000
85 76 86 93 0 1000
16 38 27 45 0 1000
41 37 58 38 0 1000
52 62 64 68 0 1000
9 11 24 8 0 1000
83 30 67 28 0 1000
10 20 19 29 0 1000
23 18 27 32 0 1000
7 2 23 4 0 1000
32 22 41 31 0 1000
74 64 74 46 0 1000
22 31 5 32 0 1000
18 77 21 92 0 1000
55 54 70 51 0 1000
96 35 96 17 0 1000
82 76 97 79 0 1000
13 24 30 23 0 1000
63 33 70 22 0 1000
54 70 55 87 0 1000
36 40 26 32 0 1000
75 46 67 56 0 1000
93 79 83 87 0 1000
54 72 59 59 0 1000
61 90 59 74 0 1000
51 1 52 18 0 1000
5 44 5 26 0 1000
74 67 79 80 0 1000
15 24 10 37 0 1000
39 8 35 22 0 1000
44 11 45 28 0 1000
2 62 14 68 0 1000
93 39 77 41 0 1000
1 30 1 12 0 1000
10 24 4 13 0 1000
12 24 5 35 0 1000
9 46 18 55 0 1000
57 16 65 25 0 1000
26 40 36 48 0 1000
53 15 39 19 0 1000
14 60 1 65 0 1000
29 33 46 32 0 1000
8 34 11 49 0 1000
83 33 93 41 0 1000
78 61 79 78 0 1000
24 8 41 9 0 1000
11 14 19 24 0 1000
31 15 15 13 0 1000
77 40 62 43 0 1000
54 93 68 97 0 1000
5 8 19 4 0 1000
17 41 1 43 0 1000
82 46 74 56 0 1000
54 84 71 83 0 1000
36 53 47 47 0 1000
94 87 98 73 0 1000
33 54 27 43 0 1000
40 50 53 55 0 1000
51 46 68 47 0 1000
13 17 29 19 0 1000
62 59 78 61 0 1000
64 42 54 50 0 1000
65 50 71 38 0 1000
11 18 28 19 0 1000
48 16 62 12 0 1000
42 52 56 56 0 1000
10 39 19 48 0 1000
23 39 29 51 0 1000
69 43 69 61 0 1000
5 47 5 65 0 1000
4 42 9 30 0 1000
2 14 1 31 0 1000
74 55 68 67 0 1000
22 36 36 40 0 1000
22 15 9 10 0 1000
72 93 74 77 0 1000
31 44 42 51 0 1000
64 66 76 60 0 1000
29 39 31 55 0 1000
85 74 73 68 0 1000
9 56 22 51 0 1000
35 20 18 19 0 1000
33 70 35 86 0 1000
43 42 43 24 0 1000
9 24 3 36 0 1000
41 4 33 14 0 1000
27 70 42 67 0 1000
42 18 52 26 0 1000
95 49 87 59 0 1000
30 42 28 58 0 1000
1 18 16 21 0 1000
37 43 31 31 0 1000
27 31 11 29 0 1000
30 51 37 61 0 1000
23 53 36 58 0 1000
80 69 67 64 0 1000
32 35 16 37 0 1000
39 52 53 56 0 1000
42 62 45 77 0 1000
58 35 74 33 0 1000
35 52 19 50 0 1000
90 79 73 78 0 1000
29 42 41 36 0 1000
62 21 49 26 0 1000
59 39 57 54 0 1000
16 49 7 58 0 1000
8 58 18 50 0 1000
30 13 14 15 0 1000
2 97 8 86 0 1000
0 40 15 43 0 1000
10 11 4 23 0 1000
50 30 36 34 0 1000
36 35 40 49 0 1000
8 93 25 94 0 1000
15 35 11 49 0 1000
20 60 18 76 0 1000
29 32 24 45 0 1000
29 51 30 34 0 1000
15 62 12 77 0 1000
6 11 16 19 0 1000
79 59 81 74 0 1000
25 36 28 51 0 1000
34 56 37 41 0 1000
8 10 15 21 0 1000
5 25 12 36 0 1000
19 34 27 24 0 1000
4 65 15 72 0 1000
31 28 35 14 0 1000
20 14 15 27 0 1000
27 25 12 28 0 1000
35 12 27 2 0 1000
27 75 25 91 0 1000
15 5 30 8 0 1000
9 31 7 15 0 1000
26 33 42 31 0 1000
42 30 38 44 0 1000
78 37 74 23 0 1000
2 52 19 53 0 1000
43 51 26 50 0 1000
32 65 20 71 0 1000
3 14 19 12 0 1000
43 23 30 18 0 1000
66 66 64 82 0 1000
80 60 80 42 0 1000
21 56 7 52 0 1000
40 67 40 85 0 1000
4 37 18 41 0 1000
15 54 28 59 0 1000
2 86 6 99 0 1000
42 80 33 71 0 1000
68 83 79 89 0 1000
37 59 49 65 0 1000
51 84 56 71 0 1000
6 54 20 50 0 1000
17 62 32 65 0 1000
52 44 36 46 0 1000
17 8 28 15 0 1000
2 31 13 38 0 1000
50 36 36 32 0 1000
49 13 49 31 0 1000
30 9 25 22 0 1000
1 24 3 8 0 1000
16 31 26 23 0 1000
16 60 33 59 0 1000
24 35 10 31 0 1000
10 32 21 25 0 1000
61 39 58 54 0 1000
62 47 46 45 0 1000
57 40 71 44 0 1000
9 11 9 29 0 1000
10 49 25 52 0 1000
6 30 12 18 0 1000
88 70 81 81 0 1000
20 30 32 36 0 1000
10 27 5 14 0 1000
62 23 67 10 0 1000
89 31 88 14 0 1000
34 79 17 80 0 1000
97 80 97 62 0 1000
27 44 44 45 0 1000
87 63 89 79 0 1000
12 12 25 17 0 1000
30 37 22 27 0 1000
80 90 83 75 0 1000
53 41 69 39 0 1000
64 27 67 13 0 1000
9 33 0 41 0 1000
57 79 55 63 0 1000
28 27 26 11 0 1000
89 45 77 50 0 1000
4 27 9 14 0 1000
8 76 18 84 0 1000
54 33 56 49 0 1000
11 95 26 92 0 1000
31 54 37 43 0 1000
26 72 10 74 0 1000
13 34 20 45 0 1000
21 61 21 43 0 1000
98 89 98 71 0 1000
39 32 39 50 0 1000
80 48 84 34 0 1000
62 22 55 32 0 1000
99 68 92 79 0 1000
42 43 57 40 0 1000
42 85 45 70 0 1000
9 49 20 56 0 1000
32 18 36 32 0 1000
11 23 10 6 0 1000
21 34 38 35 0 1000
33 69 28 82 0 1000
90 12 84 1 0 1000
89 52 76 47 0 1000
77 38 92 35 0 1000
30 20 24 8 0 1000
7 11 24 12 0 1000
42 68 50 58 0 1000
26 43 41 40 0 1000
84 0 81 15 0 1000
59 19 76 20 0 1000
31 59 28 44 0 1000
34 45 50 47 0 1000
7 55 19 61 0 1000
41 83 26 86 0 1000
4 14 0 28 0 1000
62 13 74 7 0 1000
3 11 2 28 0 1000
2 29 11 38 0 1000
56 87 58 71 0 1000
57 18 69 12 0 1000
10 0 27 1 0 1000
31 16 14 17 0 1000
38 59 40 43 0 1000
26 49 29 64 0 1000
70 68 78 58 0 1000
28 35 27 52 0 1000
48 91 58 83 0 1000
43 42 48 55 0 1000
48 56 39 65 0 1000
11 9 1 17 0 1000
35 24 51 25 0 1000
54 85 53 68 0 1000
87 92 73 96 0 1000
52 40 47 27 0 1000
56 48 57 65 0 1000
45 16 36 7 0 1000
39 89 28 82 0 1000
45 63 54 72 0 1000
19 64 31 70 0 1000
47 22 57 30 0 1000
21 35 21 53 0 1000
19 13 16 28 0 1000
90 64 75 61 0 1000
64 24 76 18 0 1000
63 74 74 67 0 1000
69 47 80 54 0 1000
31 30 26 42 0 1000
60 76 48 70 0 1000
39 46 50 39 0 1000
45 11 58 16 0 1000
69 52 65 38 0 1000
88 77 74 73 0 1000
52 68 50 52 0 1000
38 13 42 27 0 1000
22 90 22 72 0 1000
22 71 28 83 0 1000
53 61 38 64 0 1000
4 67 19 69 0 1000
18 19 20 3 0 1000
5 54 13 45 0 1000
8 20 0 30 0 1000
4 65 18 61 0 1000
7 40 22 37 0 1000
69 31 78 22 0 1000
30 95 35 82 0 1000
67 65 72 78 0 1000
96 24 81 27 0 1000
32 80 43 87 0 1000
68 78 68 96 0 1000
50 65 58 55 0 1000
32 51 48 49 0 1000
46 40 42 53 0 1000
66 45 80 41 0 1000
56 57 39 56 0 1000
30 53 37 64 0 1000
58 70 74 68 0 1000
20 1 22 17 0 1000
10 22 27 23 0 1000
8 70 21 65 0 1000
33 14 49 12 0 1000
19 39 2 40 0 1000
37 40 48 33 0 1000
71 92 73 76 0 1000
8 13 17 21 0 1000
28 3 19 12 0 1000
23 45 30 55 0 1000
19 29 22 14 0 1000
83 79 98 82 0 1000
0 1 0 19 0 1000
49 61 55 73 0 1000
26 87 38 81 0 1000
34 80 18 78 0 1000
53 39 45 49 0 1000
43 22 41 38 0 1000
41 45 45 31 0 1000
44 15 39 2 0 1000
15 39 25 31 0 1000
12 31 16 45 0 1000
87 58 74 53 0 1000
0 1 10 9 0 1000
78 4 76 20 0 1000
37 19 24 14 0 1000
29 15 37 25 0 1000
11 2 2 11 0 1000
77 21 64 25 0 1000
28 87 12 89 0 1000
0 1 7 12 0 1000
43 30 60 29 0 1000
50 57 42 67 0 1000
57 58 50 69 0 1000
35 37 30 50 0 1000
30 51 38 61 0 1000
31 96 46 93 0 1000
51 52 51 70 0 1000
93 81 81 87 0 1000
3 8 15 14 0 1000
3 15 19 17 0 1000
5 71 2 86 0 1000
35 57 45 49 0 1000
17 40 26 31 0 1000
14 32 13 15 0 1000
67 78 78 85 0 1000
35 40 49 44 0 1000
0 1 3 16 0 1000
32 49 35 64 0 1000
64 48 48 49 0 1000
74 74 59 71 0 1000
59 41 50 32 0 1000
5 13 21 11 0 1000
31 60 17 63 0 1000
55 9 62 20 0 1000
51 16 43 26 0 1000
23 28 36 33 0 1000
33 78 37 64 0 1000
68 67 59 58 0 1000
43 52 27 54 0 1000
23 43 29 55 0 1000
21 52 29 62 0 1000
9 28 18 19 0 1000
81 31 68 26 0 1000
13 65 3 72 0 1000
28 16 44 17 0 1000
78 65 78 47 0 1000
55 95 39 97 0 1000
24 17 8 15 0 1000
0 1 9 10 0 1000
15 0 3 6 0 1000
81 39 80 56 0 1000
59 78 72 73 0 1000
20 34 12 44 0 1000
22 2 27 15 0 1000
14 75 14 93 0 1000
88 88 98 96 0 1000
20 41 19 24 0 1000
32 20 30 36 0 1000
78 30 89 37 0 1000
82 82 94 88 0 1000
4 49 14 57 0 1000
8 59 21 54 0 1000
14 92 27 87 0 1000
96 51 95 68 0 1000
9 28 6 13 0 1000
25 28 25 46 0 1000
0 1 9 10 0 1000
24 1 17 12 0 1000
15 24 10 11 0 1000
28 25 42 22 0 1000
39 34 43 20 0 1000
80 49 90 41 0 1000
12 29 23 22 0 1000
14 14 7 3 0 1000
43 53 59 51 0 1000
53 71 37 69 0 1000
33 79 45 85 0 1000
84 15 70 11 0 1000
2 54 12 46 0 1000
28 92 20 82 0 1000
52 69 66 65 0 1000
89 10 72 9 0 1000
16 28 20 42 0 1000
81 16 95 20 0 1000
15 48 26 41 0 1000
41 27 49 37 0 1000
31 54 26 66 0 1000
71 82 63 92 0 1000
75 77 77 61 0 1000
37 28 50 33 0 1000
1 11 10 2 0 1000
48 89 51 74 0 1000
22 11 27 24 0 1000
24 52 8 54 0 1000
40 92 56 94 0 1000
6 85 7 68 0 1000
94 82 77 81 0 1000
5 12 13 21 0 1000
45 27 49 13 0 1000
87 70 86 53 0 1000
6 27 17 34 0 1000
53 26 69 24 0 1000
61 70 51 62 0 1000
27 61 27 43 0 1000
19 32 6 37 0 1000
76 6 63 1 0 1000
2 67 7 80 0 1000
36 49 33 64 0 1000
32 91 46 87 0 1000
63 8 62 24 0 1000
20 3 12 13 0 1000
90 37 73 36 0 1000
15 18 18 33 0 1000
20 26 35 29 0 1000
12 58 2 66 0 1000
27 58 14 53 0 1000
18 24 1 25 0 1000
17 39 25 49 0 1000
5 25 3 40 0 1000
84 84 80 98 0 1000
17 61 27 53 0 1000
21 74 14 85 0 1000
17 78 20 93 0 1000
15 10 0 13 0 1000
84 70 98 66 0 1000
21 34 16 21 0 1000
10 44 18 34 0 1000
38 21 38 3 0 1000
21 51 25 65 0 1000
62 45 65 30 0 1000
36 83 22 80 0 1000
25 27 31 15 0 1000
58 41 63 28 0 1000
97 67 82 64 0 1000
21 22 11 30 0 1000
9 21 7 5 0 1000
27 2 34 13 0 1000
35 4 23 10 0 1000
59 20 48 13 0 1000
4 26 11 15 0 1000
68 25 84 27 0 1000
92 43 84 33 0 1000
55 9 54 25 0 1000
69 23 77 33 0 1000
95 64 85 56 0 1000
49 22 65 20 0 1000
8 94 8 76 0 1000
37 74 22 72 0 1000
73 8 81 18 0 1000
2 16 7 29 0 1000
14 51 24 59 0 1000
9 36 22 31 0 1000
18 17 13 30 0 1000
91 37 74 38 0 1000
33 73 44 80 0 1000
35 37 44 46 0 1000
6 18 7 35 0 1000
64 15 79 18 0 1000
8 55 5 70 0 1000
11 38 16 26 0 1000
37 21 39 6 0 1000
9 12 23 8 0 1000
19 32 23 19 0 1000
30 67 37 78 0 1000
89 69 89 51 0 1000
24 42 16 32 0 1000
73 17 89 15 0 1000
5 15 1 29 0 1000
30 21 34 8 0 1000
44 91 35 82 0 1000
50 44 57 34 0 1000
42 45 28 49 0 1000
21 17 37 16 0 1000
36 72 45 81 0 1000
48 7 35 12 0 1000
5 34 7 18 0 1000
12 47 25 42 0 1000
57 44 58 27 0 1000
27 39 12 36 0 1000
27 11 21 23 0 1000
20 46 32 40 0 1000
7 60 10 45 0 1000
25 34 17 24 0 1000
18 81 22 67 0 1000
29 23 22 13 0 1000
19 53 9 45 0 1000
0 1 10 9 0 1000
13 21 24 27 0 1000
26 29 27 46 0 1000
32 13 15 14 0 1000
16 33 21 46 0 1000
35 6 46 13 0 1000
19 71 34 73 0 1000
34 98 30 84 0 1000
26 46 37 39 0 1000
54 67 61 56 0 1000
40 64 23 65 0 1000
23 92 35 86 0 1000
3 82 13 75 0 1000
94 15 90 1 0 1000
0 1 17 2 0 1000
23 42 10 47 0 1000
12 6 10 22 0 1000
44 22 36 12 0 1000
2 12 5 27 0 1000
76 59 88 53 0 1000
49 82 63 86 0 1000
2 21 7 34 0 1000
35 48 24 41 0 1000
53 92 47 80 0 1000
19 49 22 34 0 1000
27 3 21 15 0 1000
27 47 15 53 0 1000
17 87 21 73 0 1000
97 38 82 41 0 1000
82 42 73 51 0 1000
0 1 7 12 0 1000
23 27 33 35 0 1000
49 54 42 43 0 1000
15 31 32 30 0 1000
7 4 5 20 0 1000
5 21 19 17 0 1000
19 16 16 31 0 1000
13 35 29 33 0 1000
28 58 37 67 0 1000
23 1 31 11 0 1000
31 12 32 29 0 1000
51 30 47 43 0 1000
61 90 65 76 0 1000
81 32 66 34 0 1000
14 49 27 44 0 1000
24 45 25 28 0 1000
26 43 37 50 0 1000
80 7 73 18 0 1000
27 58 35 68 0 1000
71 84 70 67 0 1000
61 57 61 39 0 1000
20 28 26 39 0 1000
9 28 4 15 0 1000
17 20 4 25 0 1000
80 12 94 16 0 1000
36 33 49 28 0 1000
47 49 57 57 0 1000
2 9 5 24 0 1000
4 2 20 0 0 1000
52 64 42 72 0 1000
27 9 26 25 0 1000
41 35 29 41 0 1000
53 53 41 59 0 1000
27 59 29 43 0 1000
31 31 19 36 0 1000
8 44 12 58 0 1000
14 60 3 53 0 1000
28 53 39 46 0 1000
63 59 74 66 0 1000
98 60 83 57 0 1000
55 46 43 52 0 1000
60 82 53 93 0 1000
33 60 30 45 0 1000
27 32 22 45 0 1000
26 3 39 8 0 1000
18 36 12 24 0 1000
30 37 16 33 0 1000
28 44 37 35 0 1000
89 91 87 75 0 1000
36 52 30 40 0 1000
5 28 19 32 0 1000
16 12 7 21 0 1000
24 36 39 33 0 1000
5 27 1 13 0 1000
42 37 57 39 0 1000
42 23 57 26 0 1000
41 62 28 57 0 1000
58 4 55 19 0 1000
24 36 21 21 0 1000
51 83 52 99 0 1000
61 8 72 15 0 1000
64 83 77 78 0 1000
56 58 59 43 0 1000
35 40 40 27 0 1000
56 22 54 38 0 1000
77 18 60 17 0 1000
16 19 27 26 0 1000
20 68 4 66 0 1000
11 79 11 97 0 1000
6 14 11 1 0 1000
34 63 40 75 0 1000
40 74 51 81 0 1000
42 78 48 66 0 1000
54 50 55 33 0 1000
39 63 54 66 0 1000
46 78 46 60 0 1000
84 22 90 34 0 1000
18 60 13 47 0 1000
38 26 41 41 0 1000
27 39 33 27 0 1000
36 81 49 86 0 1000
70 66 60 58 0 1000
40 65 42 50 0 1000
9 44 19 52 0 1000
0 1 4 15 0 1000
68 54 71 69 0 1000
26 24 19 13 0 1000
20 44 33 49 0 1000
26 4 17 13 0 1000
5 52 7 68 0 1000
5 62 17 56 0 1000
0 1 10 9 0 1000
28 19 29 3 0 1000
47 77 38 68 0 1000
31 47 26 59 0 1000
73 67 70 52 0 1000
26 79 25 95 0 1000
90 84 92 68 0 1000
62 2 66 16 0 1000
10 7 9 23 0 1000
5 15 3 31 0 1000
59 36 60 53 0 1000
82 74 71 80 0 1000
94 53 82 47 0 1000
14 3 13 20 0 1000
67 80 53 77 0 1000
27 33 12 30 0 1000
9 42 19 34 0 1000
21 50 18 65 0 1000
49 5 47 21 0 1000
74 18 74 36 0 1000
12 23 14 39 0 1000
64 43 66 27 0 1000
88 84 97 75 0 1000
19 33 8 40 0 1000
83 70 78 83 0 1000
21 8 10 1 0 1000
14 65 30 66 0 1000
5 67 3 83 0 1000
77 29 65 23 0 1000
33 24 33 6 0 1000
96 16 96 34 0 1000
30 37 27 22 0 1000
14 94 6 84 0 1000
79 81 66 86 0 1000
51 43 57 31 0 1000
11 29 16 17 0 1000
47 23 43 9 0 1000
49 38 66 39 0 1000
11 27 10 10 0 1000
66 43 63 58 0 1000
85 54 90 41 0 1000
50 18 61 25 0 1000
50 40 56 28 0 1000
60 81 60 99 0 1000
23 44 13 52 0 1000
10 13 23 8 0 1000
23 54 37 50 0 1000
25 41 20 28 0 1000
19 45 27 55 0 1000
3 5 12 14 0 1000
34 72 26 82 0 1000
36 25 26 33 0 1000
57 54 64 43 0 1000
8 4 3 17 0 1000
28 58 28 40 0 1000
66 26 51 29 0 1000
77 32 74 47 0 1000
47 45 36 52 0 1000
44 33 40 19 0 1000
56 14 49 3 0 1000
34 69 43 60 0 1000
91 50 78 55 0 1000
89 93 86 78 0 1000
17 13 24 2 0 1000
7 27 15 17 0 1000
15 16 32 15 0 1000
74 39 65 30 0 1000
76 20 83 10 0 1000
29 39 42 44 0 1000
23 1 22 18 0 1000
29 54 23 42 0 1000
12 51 21 60 0 1000
0 1 9 10 0 1000
33 70 16 69 0 1000
40 44 37 29 0 1000
31 28 40 37 0 1000
40 39 45 27 0 1000
41 62 50 53 0 1000
50 53 37 48 0 1000
48 69 34 73 0 1000
14 23 8 11 0 1000
76 57 81 70 0 1000
29 39 25 25 0 1000
35 10 41 22 0 1000
17 14 33 12 0 1000
48 73 39 82 0 1000
80 58 80 76 0 1000
31 57 46 60 0 1000
49 44 45 30 0 1000
35 68 33 53 0 1000
84 28 74 36 0 1000
0 20 5 33 0 1000
65 71 55 79 0 1000
92 81 86 92 0 1000
62 70 50 64 0 1000
31 38 31 56 0 1000
69 45 83 42 0 1000
34 70 34 52 0 1000
59 55 50 64 0 1000
26 35 43 34 0 1000
16 21 29 26 0 1000
10 27 7 12 0 1000
46 85 60 89 0 1000
38 73 52 69 0 1000
0 1 6 13 0 1000
40 22 46 10 0 1000
45 65 32 60 0 1000
54 43 64 35 0 1000
76 19 76 1 0 1000
29 30 17 36 0 1000
31 28 47 26 0 1000
12 31 29 30 0 1000
25 14 12 19 0 1000
10 23 10 5 0 1000
18 37 35 38 0 1000
96 29 89 40 0 1000
21 59 27 71 0 1000
77 62 93 64 0 1000
25 7 26 24 0 1000
25 25 42 26 0 1000
73 77 78 64 0 1000
58 61 62 47 0 1000
41 89 54 94 0 1000
26 31 33 42 0 1000
33 43 40 54 0 1000
10 8 10 26 0 1000
44 79 51 68 0 1000
38 62 42 76 0 1000
23 33 14 24 0 1000
66 77 50 75 0 1000
3 17 20 18 0 1000
48 91 42 79 0 1000
90 70 95 57 0 1000
19 72 10 63 0 1000
52 45 37 48 0 1000
8 33 17 42 0 1000
85 59 85 77 0 1000
18 40 26 50 0 1000
8 85 6 69 0 1000
12 20 26 24 0 1000
25 42 32 31 0 1000
39 38 33 26 0 1000
32 4 37 17 0 1000
2 12 6 26 0 1000
37 15 47 23 0 1000
43 65 28 68 0 1000
29 9 14 6 0 1000
70 25 70 7 0 1000
28 14 11 13 0 1000
0 45 4 31 0 1000
20 24 19 41 0 1000
7 28 19 34 0 1000
80 23 96 25 0 1000
15 62 0 59 0 1000
26 88 21 75 0 1000
57 27 52 39 0 1000
82 59 98 61 0 1000
13 66 17 80 0 1000
50 87 62 81 0 1000
13 9 18 22 0 1000
29 26 39 18 0 1000
27 22 24 36 0 1000
13 5 28 8 0 1000
43 26 38 13 0 1000
85 37 69 39 0 1000
32 22 28 36 0 1000
25 41 20 29 0 1000
35 60 41 48 0 1000
75 39 84 48 0 1000
48 28 39 37 0 1000
13 67 6 78 0 1000
57 35 66 44 0 1000
82 74 93 68 0 1000
2 37 9 48 0 1000
59 42 64 29 0 1000
1 76 16 79 0 1000
8 64 14 52 0 1000
9 24 21 18 0 1000
51 30 57 42 0 1000
18 53 2 51 0 1000
38 66 33 79 0 1000
14 29 8 40 0 1000
81 87 95 83 0 1000
87 98 74 93 0 1000
16 8 33 7 0 1000
10 49 12 65 0 1000
19 61 33 65 0 1000
15 8 10 21 0 1000
55 71 48 82 0 1000
4 62 15 55 0 1000
35 67 29 55 0 1000
33 54 49 52 0 1000
70 86 62 96 0 1000
51 68 62 75 0 1000
66 47 54 53 0 1000
51 75 53 91 0 1000
13 38 29 40 0 1000
74 24 59 21 0 1000
20 74 32 80 0 1000
35 35 19 37 0 1000
94 17 97 2 0 1000
62 81 68 93 0 1000
55 91 60 78 0 1000
34 63 45 70 0 1000
13 75 26 70 0 1000
3 30 16 25 0 1000
58 18 71 23 0 1000
81 21 94 16 0 1000
49 55 59 47 0 1000
22 79 34 73 0 1000
15 31 16 14 0 1000
68 36 69 53 0 1000
9 11 10 28 0 1000
30 24 45 21 0 1000
69 30 79 22 0 1000
29 31 23 19 0 1000
18 77 15 92 0 1000
13 29 29 27 0 1000
82 48 77 60 0 1000
47 56 38 65 0 1000
71 82 70 98 0 1000
87 8 80 19 0 1000
54 73 40 77 0 1000
31 51 31 69 0 1000
77 70 73 56 0 1000
4 14 13 23 0 1000
7 50 23 52 0 1000
58 97 53 84 0 1000
9 47 2 58 0 1000
44 39 44 21 0 1000
48 88 34 92 0 1000
27 23 27 40 0 1000
54 86 66 80 0 1000
66 79 51 82 0 1000
41 25 38 10 0 1000
74 8 72 24 0 1000
90 83 80 91 0 1000
70 91 63 80 0 1000
10 19 6 5 0 1000
56 93 50 81 0 1000
50 80 65 83 0 1000
71 68 87 69 0 1000
49 85 33 83 0 1000
94 17 89 4 0 1000
60 71 53 60 0 1000
63 82 78 85 0 1000
78 86 90 80 0 1000
20 44 32 50 0 1000
73 79 90 78 0 1000
90 79 75 76 0 1000
24 75 26 59 0 1000
11 40 0 33 0 1000
93 65 82 72 0 1000
12 29 24 35 0 1000
2 69 12 61 0 1000
10 26 17 15 0 1000
35 71 34 88 0 1000
28 19 21 30 0 1000
98 70 83 67 0 1000
30 33 14 31 0 1000
27 42 33 30 0 1000
63 85 68 98 0 1000
0 40 1 23 0 1000
49 35 65 37 0 1000
39 53 22 54 0 1000
41 56 34 67 0 1000
8 31 9 14 0 1000
69 23 77 33 0 1000
87 38 81 49 0 1000
15 6 9 18 0 1000
28 61 27 45 0 1000
10 27 14 41 0 1000
69 51 55 48 0 1000
62 80 62 62 0 1000
10 48 11 31 0 1000
46 10 34 5 0 1000
1 30 17 28 0 1000
10 11 4 23 0 1000
42 67 58 69 0 1000
2 41 18 39 0 1000
9 87 25 89 0 1000
39 11 51 17 0 1000
35 53 20 55 0 1000
15 95 20 83 0 1000
42 50 55 45 0 1000
29 51 16 56 0 1000
40 2 25 5 0 1000
29 98 35 86 0 1000
13 47 2 54 0 1000
11 29 23 35 0 1000
27 24 15 18 0 1000
30 53 19 46 0 1000
12 43 9 28 0 1000
4 11 14 3 0 1000
32 65 36 52 0 1000
10 13 7 28 0 1000
22 9 19 24 0 1000
62 77 68 65 0 1000
28 21 26 37 0 1000
22 32 10 38 0 1000
31 31 16 34 0 1000
36 65 32 78 0 1000
74 65 70 79 0 1000
8 53 20 47 0 1000
35 51 37 35 0 1000
57 53 44 58 0 1000
81 50 96 52 0 1000
18 70 16 54 0 1000
31 81 21 73 0 1000
23 46 28 33 0 1000
19 61 18 78 0 1000
50 54 48 70 0 1000
15 71 22 60 0 1000
12 6 17 19 0 1000
55 76 62 65 0 1000
17 14 22 27 0 1000
24 59 15 68 0 1000
8 63 20 69 0 1000
41 45 25 43 0 1000
84 9 76 18 0 1000
17 4 5 10 0 1000
33 48 47 44 0 1000
46 29 60 25 0 1000
42 49 28 53 0 1000
6 21 16 13 0 1000
58 23 74 21 0 1000
39 19 38 2 0 1000
51 72 58 83 0 1000
46 36 37 45 0 1000
21 44 9 50 0 1000
43 91 36 80 0 1000
93 88 82 95 0 1000
39 17 39 35 0 1000
42 15 37 28 0 1000
0 1 16 3 0 1000
20 18 30 10 0 1000
78 63 64 67 0 1000
15 13 16 30 0 1000
49 53 65 51 0 1000
44 15 55 8 0 1000
8 15 18 23 0 1000
59 48 56 33 0 1000
58 25 53 12 0 1000
11 66 21 74 0 1000
59 82 71 76 0 1000
36 8 44 18 0 1000
41 4 27 8 0 1000
25 67 20 54 0 1000
27 22 20 11 0 1000
57 46 48 37 0 1000
96 14 81 17 0 1000
40 45 53 40 0 1000
11 24 17 36 0 1000
37 68 45 78 0 1000
62 73 67 86 0 1000
1 1 2 17 0 1000
56 80 43 85 0 1000
30 69 33 54 0 1000
46 3 47 20 0 1000
0 1 11 8 0 1000
30 50 27 35 0 1000
58 21 49 13 0 1000
86 52 74 58 0 1000
16 7 25 16 0 1000
34 50 47 55 0 1000
14 48 13 65 0 1000
55 91 62 80 0 1000
52 29 52 47 0 1000
33 64 48 67 0 1000
28 48 35 59 0 1000
27 53 23 39 0 1000
38 45 24 41 0 1000
26 34 14 40 0 1000
64 75 47 74 0 1000
19 44 16 29 0 1000
30 60 29 77 0 1000
27 53 12 50 0 1000
34 54 39 66 0 1000
23 14 39 16 0 1000
94 90 86 80 0 1000
36 34 43 23 0 1000
68 25 81 20 0 1000
67 14 68 31 0 1000
25 94 20 81 0 1000
37 31 25 37 0 1000
22 38 8 34 0 1000
56 65 49 55 0 1000
89 48 87 64 0 1000
80 92 84 78 0 1000
56 32 56 14 0 1000
89 30 78 37 0 1000
65 16 55 8 0 1000
5 49 15 41 0 1000
38 79 55 80 0 1000
22 26 34 20 0 1000
0 1 17 0 0 1000
13 40 0 44 0 1000
15 24 21 36 0 1000
16 13 22 25 0 1000
80 37 93 33 0 1000
27 98 10 99 0 1000
39 43 31 53 0 1000
19 13 27 23 0 1000
7 76 18 69 0 1000
14 18 4 10 0 1000
64 80 66 96 0 1000
0 2 9 10 0 1000
20 52 36 54 0 1000
12 4 23 11 0 1000
0 1 0 19 0 1000
18 44 3 41 0 1000
65 77 51 73 0 1000
33 15 33 33 0 1000
1 42 7 54 0 1000
20 24 20 42 0 1000
20 43 16 29 0 1000
52 60 38 64 0 1000
4 86 18 90 0 1000
19 23 8 30 0 1000
9 51 7 35 0 1000
20 19 37 20 0 1000
47 30 55 40 0 1000
19 39 31 34 0 1000
31 36 14 37 0 1000
37 85 26 78 0 1000
74 24 64 32 0 1000
25 22 33 31 0 1000
39 79 53 83 0 1000
21 28 5 26 0 1000
79 23 93 27 0 1000
0 41 14 45 0 1000
29 1 33 15 0 1000
57 22 43 25 0 1000
82 84 68 88 0 1000
21 12 25 26 0 1000
36 43 49 48 0 1000
58 30 45 26 0 1000
87 77 72 80 0 1000
55 41 38 42 0 1000
21 35 8 30 0 1000
16 34 18 18 0 1000
45 37 45 20 0 1000
13 75 23 83 0 1000
37 65 29 55 0 1000
65 71 76 78 0 1000
38 21 52 25 0 1000
73 66 82 74 0 1000
36 24 32 11 0 1000
75 86 71 72 0 1000
48 32 43 45 0 1000
62 66 65 51 0 1000
24 90 40 89 0 1000
51 49 39 43 0 1000
39 42 41 26 0 1000
29 33 24 46 0 1000
16 24 16 6 0 1000
38 64 28 72 0 1000
45 30 47 46 0 1000
77 51 66 57 0 1000
0 1 6 13 0 1000
6 14 21 17 0 1000
50 57 50 39 0 1000
4 14 15 7 0 1000
33 8 34 25 0 1000
2 50 5 65 0 1000
15 23 4 30 0 1000
34 26 39 39 0 1000
22 21 29 10 0 1000
46 80 38 90 0 1000
49 32 49 50 0 1000
58 70 45 65 0 1000
45 48 37 58 0 1000
4 59 8 45 0 1000
25 57 9 55 0 1000
81 80 71 88 0 1000
60 36 56 22 0 1000
42 49 42 67 0 1000
16 11 11 24 0 1000
11 18 17 30 0 1000
20 78 5 81 0 1000
7 13 15 3 0 1000
39 67 23 65 0 1000
90 36 78 41 0 1000
31 17 42 10 0 1000
29 29 36 18 0 1000
73 44 73 62 0 1000
44 11 31 6 0 1000
79 62 63 61 0 1000
12 79 15 93 0 1000
49 27 38 20 0 1000
28 33 41 28 0 1000
63 17 73 9 0 1000
21 59 14 48 0 1000
20 17 4 15 0 1000
37 76 47 84 0 1000
27 27 23 41 0 1000
18 33 29 40 0 1000
43 2 56 7 0 1000
8 32 3 19 0 1000
57 64 47 72 0 1000
55 26 53 42 0 1000
1 64 12 57 0 1000
32 93 15 92 0 1000
15 26 17 11 0 1000
5 13 8 28 0 1000
35 46 21 50 0 1000
61 84 46 82 0 1000
90 20 98 29 0 1000
59 87 51 77 0 1000
14 26 17 11 0 1000
2 18 8 30 0 1000
16 33 33 32 0 1000
80 3 88 13 0 1000
20 40 26 29 0 1000
26 54 40 58 0 1000
13 35 25 41 0 1000
52 35 58 47 0 1000
2 71 3 87 0 1000
39 39 48 30 0 1000
11 40 8 25 0 1000
38 24 28 32 0 1000
38 11 41 26 0 1000
58 32 61 47 0 1000
39 2 49 10 0 1000
59 60 57 44 0 1000
50 79 41 70 0 1000
14 44 0 41 0 1000
33 87 27 99 0 1000
51 11 62 18 0 1000
18 85 25 74 0 1000
60 28 47 33 0 1000
54 33 67 28 0 1000
16 8 29 3 0 1000
88 34 97 43 0 1000
48 50 56 40 0 1000
76 38 76 56 0 1000
64 32 74 40 0 1000
40 50 42 66 0 1000
64 24 59 37 0 1000
24 42 28 56 0 1000
0 34 15 37 0 1000
93 33 86 23 0 1000
40 61 51 68 0 1000
38 20 26 14 0 1000
6 91 14 81 0 1000
37 58 53 60 0 1000
43 34 40 49 0 1000
30 49 46 51 0 1000
14 15 19 28 0 1000
4 61 15 68 0 1000
17 50 22 37 0 1000
26 67 28 83 0 1000
31 30 42 23 0 1000
50 49 47 64 0 1000
31 45 42 38 0 1000
1 64 14 59 0 1000
39 81 56 80 0 1000
87 23 74 28 0 1000
39 13 44 0 0 1000
14 49 18 35 0 1000
26 33 27 50 0 1000
46 61 52 73 0 1000
70 10 62 20 0 1000
8 8 2 20 0 1000
33 75 29 61 0 1000
78 65 82 79 0 1000
22 4 18 18 0 1000
21 0 13 10 0 1000
52 46 58 58 0 1000
61 26 47 30 0 1000
12 29 29 30 0 1000
6 36 11 23 0 1000
14 36 0 40 0 1000
49 45 42 56 0 1000
21 51 15 63 0 1000
14 38 9 25 0 1000
45 84 40 97 0 1000
4 13 12 3 0 1000
14 39 17 24 0 1000
36 45 22 49 0 1000
42 24 55 19 0 1000
70 12 71 29 0 1000
9 98 4 86 0 1000
98 45 95 60 0 1000
23 23 13 31 0 1000
28 20 36 10 0 1000
6 54 2 68 0 1000
43 88 55 94 0 1000
15 67 13 51 0 1000
48 59 59 52 0 1000
42 7 28 11 0 1000
88 48 75 53 0 1000
43 51 54 44 0 1000
0 1 12 7 0 1000
49 80 62 75 0 1000
56 71 48 81 0 1000
13 48 30 49 0 1000
58 68 66 78 0 1000
33 54 43 46 0 1000
18 20 19 4 0 1000
16 9 22 20 0 1000
91 58 77 62 0 1000
16 21 8 31 0 1000
64 58 62 43 0 1000
34 59 33 76 0 1000
16 28 11 41 0 1000
63 43 61 59 0 1000
64 7 64 25 0 1000
3 43 8 56 0 1000
0 2 3 16 0 1000
14 56 10 70 0 1000
81 69 79 54 0 1000
13 16 13 34 0 1000
24 31 12 25 0 1000
19 29 11 39 0 1000
11 49 17 37 0 1000
45 48 45 30 0 1000
2 57 13 50 0 1000
29 33 26 18 0 1000
3 18 10 29 0 1000
55 41 46 32 0 1000
74 94 89 97 0 1000
10 38 21 45 0 1000
43 47 56 52 0 1000
79 79 62 78 0 1000
36 81 41 69 0 1000
50 70 51 53 0 1000
31 27 18 32 0 1000
55 34 70 37 0 1000
20 4 21 21 0 1000
16 56 31 53 0 1000
46 23 31 20 0 1000
98 81 89 90 0 1000
39 39 36 24 0 1000
53 82 57 96 0 1000
0 1 11 8 0 1000
0 1 11 8 0 1000
66 45 54 51 0 1000
83 41 92 50 0 1000
19 42 25 54 0 1000
20 26 20 43 0 1000
0 1 5 14 0 1000
0 1 16 3 0 1000
45 80 45 62 0 1000
82 34 69 29 0 1000
20 44 7 49 0 1000
15 35 30 32 0 1000
31 62 28 77 0 1000
15 70 10 82 0 1000
11 78 20 69 0 1000
20 70 5 73 0 1000
5 72 13 82 0 1000
14 27 4 19 0 1000
32 16 24 26 0 1000
15 8 15 26 0 1000
41 56 39 40 0 1000
10 10 18 0 0 1000
47 41 47 24 0 1000
34 74 27 85 0 1000
95 65 82 70 0 1000
75 80 63 86 0 1000
18 91 29 84 0 1000
76 21 68 11 0 1000
62 74 70 84 0 1000
39 7 32 18 0 1000
26 44 27 28 0 1000
29 33 23 21 0 1000
23 22 7 20 0 1000
60 79 60 61 0 1000
99 46 91 36 0 1000
34 71 33 88 0 1000
34 21 23 14 0 1000
40 96 24 95 0 1000
12 2 6 14 0 1000
80 68 89 77 0 1000
15 13 13 28 0 1000
20 47 33 52 0 1000
31 36 20 43 0 1000
61 7 76 5 0 1000
20 22 37 23 0 1000
89 51 95 63 0 1000
30 3 37 14 0 1000
70 97 68 81 0 1000
28 43 33 30 0 1000
50 46 63 41 0 1000
70 66 79 57 0 1000
45 29 30 32 0 1000
58 65 73 68 0 1000
38 40 40 56 0 1000
6 14 22 12 0 1000
61 23 48 28 0 1000
35 28 49 32 0 1000
18 62 34 64 0 1000
52 42 60 52 0 1000
82 78 73 69 0 1000
17 48 13 34 0 1000
4 36 6 52 0 1000
20 49 23 34 0 1000
57 64 65 54 0 1000
17 40 23 28 0 1000
30 48 38 58 0 1000
33 34 31 50 0 1000
0 85 3 70 0 1000
80 7 69 14 0 1000
31 42 17 39 0 1000
54 39 69 42 0 1000
22 23 10 28 0 1000
30 65 44 62 0 1000
32 42 47 39 0 1000
12 59 13 43 0 1000
35 61 31 47 0 1000
34 0 47 5 0 1000
62 44 67 57 0 1000
80 37 74 25 0 1000
34 14 50 16 0 1000
62 87 49 82 0 1000
49 23 40 14 0 1000
21 73 9 79 0 1000
5 29 5 46 0 1000
15 69 14 86 0 1000
21 2 34 7 0 1000
22 32 30 22 0 1000
7 11 8 28 0 1000
24 23 22 7 0 1000
33 19 39 7 0 1000
1 15 17 13 0 1000
41 34 37 48 0 1000
59 80 59 62 0 1000
59 63 73 67 0 1000
73 68 76 53 0 1000
57 5 56 22 0 1000
14 40 31 41 0 1000
71 89 56 86 0 1000
20 42 35 39 0 1000
78 19 63 16 0 1000
15 22 17 38 0 1000
19 18 33 22 0 1000
13 83 9 70 0 1000
58 30 64 18 0 1000
86 40 82 54 0 1000
80 54 78 70 0 1000
15 54 22 65 0 1000
17 50 21 36 0 1000
67 9 76 18 0 1000
0 60 1 43 0 1000
15 63 9 51 0 1000
5 40 15 32 0 1000
94 21 98 7 0 1000
16 34 2 38 0 1000
74 55 87 50 0 1000
6 46 23 47 0 1000
39 34 33 22 0 1000
26 97 33 86 0 1000
52 85 64 80 0 1000
0 89 6 77 0 1000
51 66 46 79 0 1000
12 66 12 48 0 1000
46 44 35 51 0 1000
56 81 67 88 0 1000
67 46 68 29 0 1000
96 71 86 79 0 1000
17 75 29 81 0 1000
85 55 79 67 0 1000
11 21 3 31 0 1000
75 63 83 53 0 1000
25 16 27 32 0 1000
69 11 53 13 0 1000
38 19 28 11 0 1000
75 61 68 50 0 1000
7 59 18 52 0 1000
74 46 83 55 0 1000
14 43 29 40 0 1000
23 64 20 79 0 1000
43 23 49 35 0 1000
47 57 64 58 0 1000
77 70 72 83 0 1000
25 32 15 24 0 1000
27 66 24 81 0 1000
65 36 55 28 0 1000
64 66 77 61 0 1000
24 76 24 94 0 1000
8 17 18 9 0 1000
40 15 25 18 0 1000
12 15 0 21 0 1000
88 52 98 44 0 1000
58 61 72 57 0 1000
2 18 6 4 0 1000
47 38 56 29 0 1000
35 85 24 78 0 1000
24 79 29 92 0 1000
19 89 27 99 0 1000
26 59 40 63 0 1000
95 21 89 33 0 1000
19 18 18 1 0 1000
15 93 31 95 0 1000
39 52 51 58 0 1000
11 0 11 18 0 1000
19 70 14 57 0 1000
42 66 52 74 0 1000
8 79 12 93 0 1000
15 5 7 15 0 1000
25 48 15 40 0 1000
37 66 42 53 0 1000
43 14 34 23 0 1000
13 87 20 76 0 1000
3 24 20 25 0 1000
62 2 46 4 0 1000
51 16 50 33 0 1000
17 39 9 49 0 1000
3 69 20 68 0 1000
39 36 43 22 0 1000
34 68 30 54 0 1000
43 45 55 39 0 1000
24 13 19 0 0 1000
19 1 36 2 0 1000
16 30 10 42 0 1000
32 53 19 48 0 1000
51 76 65 72 0 1000
49 27 48 44 0 1000
35 69 33 53 0 1000
97 1 86 8 0 1000
38 49 35 64 0 1000
60 88 65 75 0 1000
61 37 59 52 0 1000
0 1 2 17 0 1000
36 87 30 75 0 1000
5 66 13 76 0 1000
20 37 9 30 0 1000
0 1 16 3 0 1000
65 52 49 54 0 1000
0 1 10 9 0 1000
41 71 27 75 0 1000
98 62 85 57 0 1000
69 81 55 84 0 1000
16 2 3 7 0 1000
68 89 82 85 0 1000
16 18 4 12 0 1000
68 87 76 97 0 1000
8 64 2 52 0 1000
4 8 4 26 0 1000
21 49 26 36 0 1000
47 75 63 73 0 1000
16 58 23 47 0 1000
19 54 17 38 0 1000
9 51 14 38 0 1000
47 59 49 43 0 1000
49 71 48 88 0 1000
27 16 42 19 0 1000
17 29 31 26 0 1000
16 48 8 58 0 1000
7 79 5 63 0 1000
54 45 49 32 0 1000
49 33 58 24 0 1000
69 63 60 72 0 1000
22 73 17 60 0 1000
34 7 48 3 0 1000
93 33 76 32 0 1000
42 27 41 10 0 1000
33 84 47 80 0 1000
20 94 27 83 0 1000
24 28 39 25 0 1000
1 39 16 42 0 1000
51 20 49 36 0 1000
74 39 82 49 0 1000
3 22 12 31 0 1000
30 75 41 82 0 1000
38 21 35 36 0 1000
24 36 40 34 0 1000
20 18 20 36 0 1000
32 10 20 4 0 1000
16 2 10 14 0 1000
57 96 60 81 0 1000
66 61 53 56 0 1000
29 9 41 3 0 1000
64 93 54 85 0 1000
29 68 34 81 0 1000
33 55 46 60 0 1000
56 11 54 27 0 1000
54 26 61 15 0 1000
38 19 48 27 0 1000
28 39 31 54 0 1000
13 40 13 58 0 1000
87 54 84 69 0 1000
9 77 19 69 0 1000
0 1 2 17 0 1000
91 48 89 64 0 1000
59 55 59 37 0 1000
49 16 62 11 0 1000
32 17 31 0 0 1000
73 4 73 22 0 1000
73 23 89 25 0 1000
31 4 23 14 0 1000
90 35 99 26 0 1000
40 62 46 50 0 1000
89 65 96 54 0 1000
26 11 12 7 0 1000
20 48 23 33 0 1000
22 27 28 39 0 1000
48 49 47 32 0 1000
51 80 36 83 0 1000
38 65 43 52 0 1000
16 45 28 39 0 1000
25 49 33 39 0 1000
81 50 66 53 0 1000
44 15 30 19 0 1000
54 7 56 23 0 1000
23 11 40 12 0 1000
48 82 38 74 0 1000
39 37 54 40 0 1000
61 29 68 40 0 1000
47 31 56 22 0 1000
21 61 21 43 0 1000
42 38 45 23 0 1000
84 29 93 38 0 1000
3 24 18 27 0 1000
8 39 22 35 0 1000
15 94 26 87 0 1000
9 19 17 29 0 1000
11 49 15 63 0 1000
38 39 47 30 0 1000
8 10 14 22 0 1000
25 48 15 40 0 1000
61 48 73 42 0 1000
85 64 82 79 0 1000
63 21 61 5 0 1000
6 20 5 3 0 1000
7 2 22 5 0 1000
13 24 14 41 0 1000
46 83 38 73 0 1000
29 73 14 76 0 1000
23 7 10 12 0 1000
65 24 62 9 0 1000
30 31 20 39 0 1000
36 95 29 84 0 1000
66 66 55 73 0 1000
25 19 16 10 0 1000
41 3 37 16 0 1000
54 16 38 18 0 1000
53 27 36 26 0 1000
94 49 85 58 0 1000
8 19 22 15 0 1000
73 76 61 71 0 1000
29 76 37 86 0 1000
4 29 6 45 0 1000
15 15 32 16 0 1000
3 38 17 41 0 1000
45 60 34 53 0 1000
12 59 21 50 0 1000
24 46 9 43 0 1000
54 52 66 46 0 1000
55 75 61 87 0 1000
24 79 38 75 0 1000
17 87 11 99 0 1000
95 69 80 72 0 1000
24 17 34 25 0 1000
38 89 28 97 0 1000
51 80 62 73 0 1000
19 10 4 7 0 1000
93 40 83 32 0 1000
0 1 16 3 0 1000
34 21 39 8 0 1000
31 19 18 14 0 1000
62 73 49 68 0 1000
15 10 20 23 0 1000
20 22 6 26 0 1000
70 87 54 85 0 1000
14 7 7 18 0 1000
29 56 18 49 0 1000
28 76 24 90 0 1000
15 41 20 28 0 1000
91 78 80 84 0 1000
11 39 24 44 0 1000
39 55 26 50 0 1000
26 60 18 50 0 1000
87 49 79 59 0 1000
63 21 77 25 0 1000
42 46 48 58 0 1000
39 41 54 44 0 1000
72 76 71 93 0 1000
68 59 77 68 0 1000
89 34 81 24 0 1000
20 31 4 30 0 1000
82 75 94 81 0 1000
85 98 89 84 0 1000
36 75 19 74 0 1000
24 13 30 1 0 1000
52 98 40 92 0 1000
0 1 8 11 0 1000
34 82 29 95 0 1000
28 94 27 78 0 1000
14 15 25 8 0 1000
15 50 23 60 0 1000
96 18 96 36 0 1000
40 61 50 69 0 1000
77 47 91 51 0 1000
52 73 48 87 0 1000
71 71 83 77 0 1000
68 48 62 60 0 1000
60 80 51 89 0 1000
14 40 18 54 0 1000
60 18 58 2 0 1000
32 12 16 10 0 1000
14 7 23 16 0 1000
41 8 31 16 0 1000
2 83 6 97 0 1000
51 68 50 51 0 1000
94 56 84 48 0 1000
0 1 14 5 0 1000
39 57 52 61 0 1000
37 60 29 50 0 1000
94 69 86 60 0 1000
25 50 14 57 0 1000
95 17 95 35 0 1000
16 48 17 65 0 1000
25 53 16 62 0 1000
58 48 51 59 0 1000
62 4 57 17 0 1000
25 34 15 42 0 1000
34 54 50 53 0 1000
81 62 89 52 0 1000
22 3 7 6 0 1000
25 21 34 13 0 1000
3 44 2 61 0 1000
37 9 54 10 0 1000
48 18 64 16 0 1000
7 14 13 2 0 1000
55 74 59 88 0 1000
0 1 7 12 0 1000
14 17 14 35 0 1000
48 75 40 65 0 1000
73 37 77 23 0 1000
66 42 49 43 0 1000
47 25 35 30 0 1000
23 17 36 22 0 1000
36 18 37 35 0 1000
46 28 57 34 0 1000
28 55 22 43 0 1000
21 16 19 0 0 1000
35 21 20 24 0 1000
28 28 43 25 0 1000
45 2 43 17 0 1000
0 1 5 14 0 1000
64 20 76 26 0 1000
8 27 4 13 0 1000
20 37 21 20 0 1000
20 25 17 10 0 1000
72 62 60 68 0 1000
94 57 85 48 0 1000
73 37 59 41 0 1000
11 24 11 6 0 1000
29 63 41 57 0 1000
38 37 21 36 0 1000
79 60 96 61 0 1000
68 37 72 51 0 1000
71 50 71 67 0 1000
60 90 57 75 0 1000
55 57 55 74 0 1000
16 70 9 81 0 1000
21 19 21 1 0 1000
32 66 26 78 0 1000
8 29 22 33 0 1000
33 85 50 86 0 1000
20 45 13 34 0 1000
0 53 5 66 0 1000
77 3 89 9 0 1000
47 68 58 61 0 1000
75 21 84 12 0 1000
11 98 14 83 0 1000
80 83 88 93 0 1000
49 14 32 13 0 1000
12 90 19 79 0 1000
19 80 4 77 0 1000
19 50 27 40 0 1000
93 39 89 52 0 1000
97 81 84 85 0 1000
26 7 12 3 0 1000
4 27 9 40 0 1000
40 65 54 69 0 1000
23 35 16 46 0 1000
12 94 26 90 0 1000
22 50 32 42 0 1000
3 83 0 69 0 1000
12 17 27 14 0 1000
49 32 49 15 0 1000
45 44 34 51 0 1000
23 5 39 4 0 1000
55 33 55 15 0 1000
7 13 23 15 0 1000
34 52 51 51 0 1000
51 19 44 29 0 1000
49 14 51 30 0 1000
38 71 48 63 0 1000
28 38 29 55 0 1000
9 35 14 47 0 1000
22 11 22 29 0 1000
28 35 41 40 0 1000
34 36 26 46 0 1000
47 45 35 50 0 1000
39 5 39 23 0 1000
18 30 20 46 0 1000
1 23 14 28 0 1000
4 24 14 16 0 1000
65 55 77 61 0 1000
33 82 34 65 0 1000
36 57 24 51 0 1000
85 90 70 87 0 1000
55 30 58 15 0 1000
46 32 31 29 0 1000
37 2 27 10 0 1000
61 10 61 28 0 1000
6 15 13 25 0 1000
20 73 17 88 0 1000
16 40 24 50 0 1000
28 64 41 69 0 1000
13 43 18 56 0 1000
49 81 38 88 0 1000
70 6 84 2 0 1000
15 39 0 37 0 1000
5 22 20 19 0 1000
91 71 78 76 0 1000
16 3 31 5 0 1000
21 49 22 32 0 1000
60 52 77 53 0 1000
31 28 19 22 0 1000
86 79 71 76 0 1000
5 80 12 91 0 1000
53 15 42 8 0 1000
30 91 25 78 0 1000
39 23 53 27 0 1000
24 76 16 86 0 1000
51 38 48 53 0 1000
43 36 43 54 0 1000
22 68 5 67 0 1000
24 50 26 66 0 1000
94 54 87 65 0 1000
89 52 97 42 0 1000
97 43 89 53 0 1000
23 13 19 27 0 1000
40 76 34 64 0 1000
19 18 22 3 0 1000
64 47 74 55 0 1000
17 62 17 79 0 1000
60 32 60 50 0 1000
74 37 75 20 0 1000
21 4 21 22 0 1000
84 11 70 7 0 1000
62 93 54 83 0 1000
47 23 36 17 0 1000
68 96 62 84 0 1000
36 11 53 12 0 1000
88 13 73 16 0 1000
30 33 29 16 0 1000
67 27 74 38 0 1000
36 81 39 96 0 1000
90 60 93 75 0 1000
93 76 88 89 0 1000
2 19 2 1 0 1000
55 77 39 75 0 1000
52 72 48 86 0 1000
39 69 36 54 0 1000
26 54 37 48 0 1000
49 25 43 13 0 1000
16 31 27 24 0 1000
95 34 87 24 0 1000
66 89 66 71 0 1000
17 66 22 53 0 1000
58 60 62 74 0 1000
46 52 53 41 0 1000
38 32 47 23 0 1000
45 28 61 30 0 1000
30 24 21 33 0 1000
53 55 40 50 0 1000
69 73 70 90 0 1000
18 3 18 21 0 1000
39 67 29 60 0 1000
53 17 51 33 0 1000
95 36 88 47 0 1000
13 76 16 62 0 1000
55 81 43 75 0 1000
39 47 41 63 0 1000
9 50 21 44 0 1000
51 63 40 57 0 1000
16 31 12 45 0 1000
4 78 8 64 0 1000
0 1 7 12 0 1000
89 89 97 98 0 1000
38 80 44 92 0 1000
33 2 29 16 0 1000
65 76 65 94 0 1000
16 29 26 21 0 1000
34 23 22 17 0 1000
76 88 91 91 0 1000
67 55 64 40 0 1000
37 90 21 88 0 1000
78 82 76 98 0 1000
76 96 89 92 0 1000
63 81 46 82 0 1000
49 39 55 27 0 1000
54 26 56 10 0 1000
30 18 42 12 0 1000
14 25 9 38 0 1000
36 3 40 17 0 1000
32 10 20 16 0 1000
43 64 39 78 0 1000
29 37 21 27 0 1000
30 34 17 39 0 1000
14 55 20 43 0 1000
29 44 17 50 0 1000
78 54 89 61 0 1000
6 70 13 81 0 1000
49 36 41 26 0 1000
79 81 94 84 0 1000
22 51 18 64 0 1000
47 14 58 21 0 1000
33 29 33 11 0 1000
22 25 13 16 0 1000
39 14 44 1 0 1000
12 4 28 2 0 1000
58 96 56 80 0 1000
61 60 56 73 0 1000
53 67 60 56 0 1000
30 17 30 35 0 1000
43 25 49 13 0 1000
23 7 8 4 0 1000
32 64 29 79 0 1000
34 5 44 13 0 1000
1 91 15 95 0 1000
5 38 11 50 0 1000
40 91 30 83 0 1000
28 47 39 40 0 1000
33 39 26 29 0 1000
26 5 18 15 0 1000
27 27 40 32 0 1000
40 33 56 35 0 1000
29 65 33 79 0 1000
56 30 70 26 0 1000
9 53 4 66 0 1000
24 35 26 50 0 1000
82 39 70 33 0 1000
16 16 27 9 0 1000
22 28 16 16 0 1000
25 55 9 57 0 1000
13 47 17 61 0 1000
57 32 49 22 0 1000
36 51 25 58 0 1000
34 69 32 53 0 1000
68 80 56 86 0 1000
18 26 9 35 0 1000
14 39 27 44 0 1000
20 56 14 68 0 1000
36 91 44 81 0 1000
13 7 28 10 0 1000
42 7 39 22 0 1000
70 78 72 62 0 1000
55 21 38 22 0 1000
47 63 45 47 0 1000
59 48 55 34 0 1000
9 16 4 3 0 1000
19 12 15 26 0 1000
14 6 10 20 0 1000
56 79 48 89 0 1000
11 9 12 26 0 1000
28 12 31 27 0 1000
5 26 19 30 0 1000
21 15 21 33 0 1000
82 38 94 32 0 1000
51 87 67 88 0 1000
61 57 64 42 0 1000
28 43 35 54 0 1000
21 94 18 79 0 1000
8 53 25 54 0 1000
25 94 31 82 0 1000
13 24 9 38 0 1000
13 18 0 23 0 1000
5 48 19 52 0 1000
44 44 44 62 0 1000
28 38 28 20 0 1000
6 75 22 73 0 1000
38 74 34 60 0 1000
36 65 32 79 0 1000
59 34 63 20 0 1000
7 11 21 15 0 1000
45 23 50 36 0 1000
70 41 82 35 0 1000
60 73 46 69 0 1000
93 40 76 41 0 1000
82 44 65 43 0 1000
23 23 38 20 0 1000
48 70 52 56 0 1000
74 20 60 24 0 1000
21 19 33 25 0 1000
20 78 37 77 0 1000
48 26 38 33 0 1000
30 9 34 23 0 1000
15 40 22 50 0 1000
75 77 72 92 0 1000
7 13 17 5 0 1000
28 33 26 49 0 1000
29 83 38 74 0 1000
38 75 26 81 0 1000
19 5 35 3 0 1000
45 88 44 71 0 1000
24 47 31 36 0 1000
23 68 8 71 0 1000
17 83 8 92 0 1000
21 64 13 54 0 1000
20 94 23 79 0 1000
25 51 14 44 0 1000
35 13 21 17 0 1000
28 47 25 32 0 1000
77 32 80 47 0 1000
12 1 3 10 0 1000
23 80 28 93 0 1000
21 10 14 20 0 1000
56 22 60 35 0 1000
10 29 21 22 0 1000
7 69 23 71 0 1000
27 44 34 33 0 1000
17 38 13 52 0 1000
76 98 87 91 0 1000
66 17 73 28 0 1000
11 40 12 57 0 1000
66 40 52 36 0 1000
63 69 48 67 0 1000
18 29 14 15 0 1000
5 66 13 76 0 1000
60 19 62 3 0 1000
62 21 51 28 0 1000
69 17 59 9 0 1000
98 72 96 88 0 1000
18 55 5 50 0 1000
51 29 56 16 0 1000
29 40 15 44 0 1000
64 44 66 60 0 1000
12 35 26 39 0 1000
17 3 13 17 0 1000
52 68 61 59 0 1000
37 49 35 33 0 1000
35 89 34 72 0 1000
3 39 8 52 0 1000
56 72 67 65 0 1000
22 15 9 20 0 1000
63 67 68 80 0 1000
92 32 82 40 0 1000
96 62 91 49 0 1000
1 19 9 29 0 1000
57 58 54 44 0 1000
54 45 71 46 0 1000
71 47 79 37 0 1000
6 78 19 73 0 1000
7 13 19 7 0 1000
95 22 94 5 0 1000
24 92 8 93 0 1000
62 28 62 46 0 1000
76 35 86 27 0 1000
42 23 35 12 0 1000
41 51 28 56 0 1000
6 12 5 29 0 1000
25 53 14 46 0 1000
0 1 7 12 0 1000
11 4 2 13 0 1000
69 59 82 54 0 1000
18 14 6 20 0 1000
1 44 1 26 0 1000
88 29 83 42 0 1000
40 46 44 59 0 1000
26 31 37 24 0 1000
8 42 15 31 0 1000
29 57 39 65 0 1000
94 55 88 43 0 1000
36 44 20 46 0 1000
19 31 24 18 0 1000
32 77 36 91 0 1000
31 48 18 44 0 1000
16 27 29 32 0 1000
31 53 14 54 0 1000
59 43 51 53 0 1000
17 41 3 45 0 1000
27 20 27 38 0 1000
9 81 8 64 0 1000
88 44 90 60 0 1000
40 37 47 48 0 1000
5 66 15 74 0 1000
16 13 15 30 0 1000
19 38 21 22 0 1000
11 22 11 40 0 1000
27 41 29 57 0 1000
21 29 26 16 0 1000
16 6 11 19 0 1000
52 40 39 35 0 1000
11 9 22 16 0 1000
22 82 8 78 0 1000
30 26 19 33 0 1000
53 72 63 80 0 1000
88 64 83 51 0 1000
1 27 9 37 0 1000
87 75 72 78 0 1000
4 34 17 39 0 1000
59 68 49 60 0 1000
12 51 15 66 0 1000
91 13 77 17 0 1000
0 1 10 9 0 1000
44 78 45 61 0 1000
49 20 45 34 0 1000
21 49 28 38 0 1000
18 80 33 83 0 1000
82 77 75 66 0 1000
61 86 53 96 0 1000
28 8 24 22 0 1000
54 40 38 38 0 1000
60 34 47 29 0 1000
35 24 40 37 0 1000
28 63 24 77 0 1000
19 12 31 18 0 1000
25 34 11 38 0 1000
10 1 18 11 0 1000
57 4 40 3 0 1000
36 9 48 3 0 1000
89 78 88 95 0 1000
29 4 32 19 0 1000
35 17 42 6 0 1000
65 53 68 68 0 1000
25 92 24 75 0 1000
32 49 49 50 0 1000
52 26 47 13 0 1000
35 52 47 58 0 1000
43 70 37 82 0 1000
66 53 78 59 0 1000
21 64 21 82 0 1000
72 27 67 14 0 1000
62 92 56 81 0 1000
51 22 58 11 0 1000
62 10 73 3 0 1000
36 35 39 20 0 1000
0 20 17 19 0 1000
41 35 39 51 0 1000
4 1 16 7 0 1000
43 74 31 80 0 1000
38 15 35 29 0 1000
26 97 20 85 0 1000
26 37 15 30 0 1000
41 49 26 46 0 1000
12 64 7 77 0 1000
51 18 45 6 0 1000
32 25 29 10 0 1000
24 21 15 30 0 1000
27 80 27 97 0 1000
68 39 77 48 0 1000
64 81 61 96 0 1000
47 6 53 18 0 1000
3 15 17 19 0 1000
28 66 31 51 0 1000
56 26 47 35 0 1000
64 39 74 47 0 1000
9 43 21 49 0 1000
23 36 31 46 0 1000
94 74 81 79 0 1000
34 66 48 70 0 1000
25 38 19 26 0 1000
8 26 13 39 0 1000
98 65 82 63 0 1000
25 12 40 9 0 1000
10 6 11 23 0 1000
32 74 29 59 0 1000
28 29 21 40 0 1000
92 51 98 63 0 1000
17 20 22 33 0 1000
47 74 55 84 0 1000
23 3 24 20 0 1000
43 54 29 50 0 1000
9 80 13 66 0 1000
29 96 21 87 0 1000
91 37 82 46 0 1000
12 44 16 30 0 1000
14 40 30 38 0 1000
28 42 45 41 0 1000
39 46 24 43 0 1000
22 26 36 22 0 1000
12 54 25 59 0 1000
29 83 35 95 0 1000
13 18 9 4 0 1000
86 49 84 65 0 1000
22 42 10 48 0 1000
53 44 52 61 0 1000
26 91 26 73 0 1000
29 40 29 58 0 1000
50 50 66 52 0 1000
95 84 93 68 0 1000
38 26 39 9 0 1000
80 27 93 32 0 1000
8 90 21 95 0 1000
6 96 0 84 0 1000
8 12 5 27 0 1000
26 20 10 22 0 1000
59 71 64 84 0 1000
15 19 19 33 0 1000
63 74 60 89 0 1000
61 73 76 75 0 1000
28 82 34 70 0 1000
11 54 5 66 0 1000
6 45 19 50 0 1000
11 60 23 54 0 1000
23 27 35 21 0 1000
92 84 81 90 0 1000
55 43 71 45 0 1000
49 47 40 38 0 1000
22 16 11 9 0 1000
3 33 17 29 0 1000
59 24 61 8 0 1000
38 11 54 9 0 1000
33 19 39 31 0 1000
94 93 98 79 0 1000
73 7 57 5 0 1000
70 28 77 18 0 1000
5 33 21 31 0 1000
56 23 71 20 0 1000
29 35 45 33 0 1000
7 48 19 42 0 1000
0 1 2 17 0 1000
62 5 78 3 0 1000
20 28 9 35 0 1000
80 55 82 71 0 1000
82 69 75 79 0 1000
13 98 15 83 0 1000
40 13 35 26 0 1000
18 33 11 23 0 1000
54 11 54 29 0 1000
47 73 54 83 0 1000
33 23 23 31 0 1000
23 70 32 79 0 1000
29 20 31 36 0 1000
31 68 45 64 0 1000
55 16 46 24 0 1000
17 16 31 20 0 1000
67 89 62 76 0 1000
43 74 51 65 0 1000
53 60 51 44 0 1000
58 59 65 70 0 1000
72 79 84 85 0 1000
6 19 22 21 0 1000
63 24 47 26 0 1000
30 56 25 43 0 1000
18 67 32 63 0 1000
1 23 1 5 0 1000
54 98 67 93 0 1000
72 77 85 82 0 1000
6 67 18 61 0 1000
34 56 25 65 0 1000
77 40 78 56 0 1000
9 75 1 85 0 1000
27 22 14 17 0 1000
13 51 13 69 0 1000
56 70 45 63 0 1000
78 47 64 43 0 1000
18 73 35 74 0 1000
32 61 32 43 0 1000
62 66 73 59 0 1000
50 37 42 47 0 1000
38 31 47 22 0 1000
15 75 21 87 0 1000
40 55 49 64 0 1000
90 0 90 18 0 1000
22 30 35 25 0 1000
23 97 14 88 0 1000
47 60 35 66 0 1000
18 76 23 88 0 1000
48 54 51 69 0 1000
6 64 6 46 0 1000
17 62 22 75 0 1000
58 14 53 26 0 1000
5 39 0 52 0 1000
49 59 38 66 0 1000
18 4 24 16 0 1000
49 29 53 43 0 1000
15 25 15 7 0 1000
51 16 35 14 0 1000
1 78 2 95 0 1000
24 32 29 44 0 1000
68 80 53 83 0 1000
22 28 14 38 0 1000
39 19 25 15 0 1000
0 26 3 12 0 1000
63 73 61 89 0 1000
31 38 18 43 0 1000
44 58 47 73 0 1000
58 3 70 9 0 1000
27 30 18 22 0 1000
51 73 46 60 0 1000
3 6 8 19 0 1000
33 32 49 30 0 1000
73 73 58 70 0 1000
43 50 52 41 0 1000
23 20 19 6 0 1000
80 5 80 23 0 1000
38 69 31 58 0 1000
58 73 67 82 0 1000
0 1 13 6 0 1000
4 17 18 14 0 1000
53 97 45 87 0 1000
51 24 35 26 0 1000
13 71 28 69 0 1000
48 95 41 84 0 1000
71 46 81 38 0 1000
54 84 54 66 0 1000
11 7 19 17 0 1000
16 28 20 14 0 1000
23 15 34 22 0 1000
30 47 45 50 0 1000
40 38 37 53 0 1000
18 45 27 36 0 1000
24 40 16 50 0 1000
22 83 33 77 0 1000
57 57 61 43 0 1000
44 16 56 22 0 1000
27 51 38 58 0 1000
15 32 20 45 0 1000
71 70 72 53 0 1000
43 21 36 10 0 1000
44 78 47 93 0 1000
75 67 65 59 0 1000
23 72 33 79 0 1000
40 33 56 31 0 1000
20 84 6 80 0 1000
71 26 68 11 0 1000
68 77 76 87 0 1000
93 89 85 99 0 1000
19 10 15 23 0 1000
59 77 47 71 0 1000
51 69 40 62 0 1000
1 1 10 9 0 1000
0 2 11 8 0 1000
55 7 59 21 0 1000
22 33 12 41 0 1000
29 80 44 83 0 1000
34 48 26 58 0 1000
78 23 87 14 0 1000
40 62 25 59 0 1000
55 70 51 84 0 1000
48 54 43 67 0 1000
46 68 58 62 0 1000
8 60 7 43 0 1000
16 27 3 22 0 1000
17 33 1 35 0 1000
1 36 12 29 0 1000
15 36 3 42 0 1000
19 94 27 84 0 1000
64 30 72 20 0 1000
81 51 94 55 0 1000
31 58 16 61 0 1000
24 65 16 55 0 1000
28 81 17 74 0 1000
36 19 49 24 0 1000
53 11 38 14 0 1000
39 8 22 7 0 1000
34 43 17 42 0 1000
15 93 32 92 0 1000
3 11 11 1 0 1000
39 37 47 27 0 1000
11 19 0 26 0 1000
73 33 69 19 0 1000
28 75 26 59 0 1000
13 42 1 36 0 1000
31 11 31 29 0 1000
53 13 53 31 0 1000
29 9 28 26 0 1000
49 12 61 6 0 1000
64 57 80 59 0 1000
82 92 69 88 0 1000
65 55 74 64 0 1000
26 30 26 12 0 1000
31 21 40 12 0 1000
45 76 28 75 0 1000
38 34 47 25 0 1000
17 11 2 8 0 1000
1 14 15 11 0 1000
24 56 39 53 0 1000
13 24 20 13 0 1000
32 18 49 19 0 1000
47 27 64 28 0 1000
81 35 95 31 0 1000
16 30 23 19 0 1000
61 46 77 44 0 1000
70 64 82 58 0 1000
21 56 21 39 0 1000
9 19 24 22 0 1000
0 1 5 14 0 1000
46 84 50 70 0 1000
38 33 42 47 0 1000
43 81 59 79 0 1000
27 96 31 82 0 1000
72 72 75 87 0 1000
66 39 49 40 0 1000
45 60 41 46 0 1000
0 24 14 20 0 1000
46 78 32 82 0 1000
47 30 55 40 0 1000
38 69 51 74 0 1000
53 69 68 66 0 1000
39 45 52 40 0 1000
38 45 38 63 0 1000
1 16 13 11 0 1000
44 82 55 75 0 1000
0 1 1 18 0 1000
46 59 30 61 0 1000
16 90 11 77 0 1000
67 56 63 42 0 1000
31 48 26 36 0 1000
5 60 7 76 0 1000
26 66 15 73 0 1000
66 87 69 72 0 1000
32 62 36 76 0 1000
26 3 23 18 0 1000
53 50 42 56 0 1000
5 66 16 72 0 1000
12 46 12 28 0 1000
4 11 20 9 0 1000
66 73 67 56 0 1000
33 53 41 63 0 1000
30 44 14 42 0 1000
51 32 50 15 0 1000
29 39 18 46 0 1000
36 51 35 68 0 1000
19 63 19 81 0 1000
41 39 51 47 0 1000
0 1 11 8 0 1000
28 69 34 81 0 1000
52 83 48 69 0 1000
10 34 26 32 0 1000
25 43 26 60 0 1000
40 12 25 15 0 1000
93 32 78 29 0 1000
22 34 11 41 0 1000
35 75 49 79 0 1000
57 40 44 45 0 1000
53 55 57 41 0 1000
37 24 36 41 0 1000
62 85 55 74 0 1000
21 91 18 76 0 1000
8 87 5 72 0 1000
89 78 97 68 0 1000
6 34 17 28 0 1000
82 63 87 76 0 1000
44 17 33 24 0 1000
11 7 22 14 0 1000
0 1 1 18 0 1000
12 71 28 69 0 1000
26 45 40 49 0 1000
31 42 20 35 0 1000
83 94 95 99 0 1000
11 69 20 60 0 1000
0 18 7 29 0 1000
48 75 35 70 0 1000
67 33 66 16 0 1000
0 1 10 9 0 1000
88 92 85 77 0 1000
85 78 99 74 0 1000
47 99 42 86 0 1000
16 78 4 84 0 1000
34 19 38 5 0 1000
55 86 44 79 0 1000
8 12 21 7 0 1000
2 65 9 76 0 1000
34 60 50 58 0 1000
35 26 22 31 0 1000
25 69 15 61 0 1000
58 32 62 46 0 1000
16 4 28 10 0 1000
42 33 40 49 0 1000
16 61 9 50 0 1000
70 36 83 41 0 1000
3 15 11 5 0 1000
65 65 53 59 0 1000
29 66 29 48 0 1000
50 41 42 50 0 1000
22 30 16 42 0 1000
16 43 14 59 0 1000
30 35 15 38 0 1000
9 29 10 46 0 1000
70 50 79 41 0 1000
3 52 17 48 0 1000
19 82 18 98 0 1000
4 44 17 49 0 1000
31 69 23 59 0 1000
31 81 47 83 0 1000
48 36 40 46 0 1000
25 54 24 37 0 1000
95 62 85 54 0 1000
76 42 70 54 0 1000
7 30 20 35 0 1000
24 47 21 62 0 1000
6 69 10 83 0 1000
36 30 27 39 0 1000
58 55 46 61 0 1000
47 45 58 38 0 1000
12 37 27 34 0 1000
15 27 30 30 0 1000
46 78 61 81 0 1000
0 1 6 13 0 1000
88 18 96 28 0 1000
31 39 32 23 0 1000
24 51 13 44 0 1000
29 93 17 87 0 1000
0 1 4 15 0 1000
53 89 42 96 0 1000
86 42 94 52 0 1000
48 75 64 73 0 1000
15 25 17 9 0 1000
16 7 32 9 0 1000
28 12 29 29 0 1000
