100 100 100 1000 0 150
26 33 14 34 0 119
2 12 2 26 0 29
2 1 10 6 0 74
9 5 10 18 0 59
33 24 36 34 0 119
15 12 8 6 0 44
26 7 14 8 0 89
1 10 4 0 0 44
21 4 24 14 0 104
9 37 9 51 0 134
32 14 37 23 0 104
40 7 38 18 0 134
7 21 0 14 0 44
0 14 0 0 0 59
7 7 8 20 0 29
6 8 5 21 0 89
10 18 18 24 0 44
4 22 12 16 0 74
5 19 11 11 0 134
37 32 41 23 0 89
15 41 15 55 0 104
21 18 19 7 0 104
20 41 30 44 0 149
0 37 2 48 0 134
18 12 27 7 0 104
13 27 6 34 0 89
1 0 6 8 0 44
9 20 3 13 0 59
0 38 7 45 0 134
1 10 3 21 0 149
30 35 38 40 0 149
38 2 31 9 0 119
10 17 5 9 0 59
10 9 5 17 0 89
16 27 4 28 0 74
20 9 24 18 0 74
21 19 12 24 0 104
0 1 3 11 0 14
18 17 26 22 0 104
19 16 8 18 0 89
15 5 20 14 0 149
18 21 22 12 0 89
2 24 10 30 0 44
4 20 12 26 0 89
17 35 17 21 0 74
14 45 8 52 0 134
25 22 19 15 0 119
0 13 7 19 0 29
14 10 10 20 0 134
32 2 32 16 0 149
33 16 40 22 0 149
12 3 11 15 0 29
14 33 24 30 0 134
0 0 8 6 0 14
20 22 15 13 0 74
9 14 3 21 0 134
11 4 9 15 0 29
14 35 5 31 0 119
0 1 5 9 0 14
15 19 20 10 0 59
15 19 19 9 0 59
2 12 13 15 0 29
0 39 4 48 0 104
2 38 14 40 0 119
9 4 1 9 0 29
0 1 10 4 0 14
0 1 0 14 0 14
30 27 30 14 0 89
28 19 27 7 0 104
19 51 20 38 0 119
0 1 0 14 0 14
11 3 10 16 0 29
17 11 13 21 0 74
36 35 28 40 0 134
13 17 12 30 0 119
13 52 13 39 0 119
7 20 15 25 0 44
34 25 43 21 0 119
11 30 16 38 0 104
11 3 23 1 0 29
18 11 23 3 0 74
10 29 17 35 0 59
27 35 16 38 0 134
30 8 25 17 0 59
47 17 49 5 0 149
13 10 9 19 0 134
8 17 11 27 0 104
4 7 1 17 0 149
21 20 28 14 0 59
26 14 39 13 0 89
10 5 15 13 0 29
21 18 26 26 0 59
7 7 1 15 0 29
34 48 39 39 0 149
17 10 18 22 0 74
39 13 28 10 0 104
22 13 31 9 0 104
17 10 17 23 0 44
12 42 2 46 0 149
21 18 31 15 0 89
16 9 18 20 0 104
13 54 11 65 0 149
21 20 15 27 0 74
14 13 26 12 0 59
3 14 8 22 0 74
5 27 17 29 0 59
28 1 29 13 0 89
11 28 11 15 0 119
11 15 1 11 0 134
3 21 5 33 0 149
15 27 16 40 0 89
5 31 16 28 0 134
1 27 14 28 0 44
12 27 13 15 0 104
7 20 18 22 0 89
4 0 9 9 0 89
17 13 28 10 0 104
14 9 14 22 0 89
12 19 22 16 0 134
0 0 7 7 0 14
14 34 27 33 0 134
9 17 8 30 0 44
27 16 18 12 0 89
19 16 28 12 0 134
3 16 7 25 0 104
12 33 13 45 0 104
0 1 7 7 0 14
16 41 24 46 0 134
3 21 4 8 0 134
10 4 5 13 0 29
0 1 1 13 0 14
12 23 14 34 0 104
18 43 24 36 0 149
37 22 44 28 0 119
2 13 14 12 0 29
0 15 4 24 0 44
10 7 21 5 0 89
0 34 11 31 0 104
35 3 35 17 0 59
4 18 17 17 0 59
0 0 2 12 0 14
14 14 18 24 0 44
13 30 14 42 0 74
5 9 8 20 0 74
0 0 3 11 0 14
0 14 7 21 0 29
18 4 19 17 0 104
25 16 22 26 0 134
18 20 26 14 0 74
20 11 22 22 0 89
27 34 35 29 0 149
27 13 25 1 0 59
15 12 22 18 0 44
23 20 19 29 0 59
0 1 3 11 0 14
11 10 21 7 0 119
7 46 19 45 0 149
11 26 5 19 0 119
0 0 12 2 0 14
10 19 3 25 0 149
18 21 13 29 0 59
2 26 6 16 0 44
13 20 8 12 0 89
34 4 46 6 0 149
23 1 30 8 0 44
15 5 12 16 0 59
11 44 20 40 0 134
18 23 21 13 0 59
15 56 20 64 0 119
11 16 10 4 0 74
17 10 7 13 0 104
0 14 10 18 0 29
5 24 7 13 0 74
28 13 35 7 0 74
3 26 8 34 0 74
16 13 7 9 0 44
0 1 5 9 0 14
16 15 13 25 0 119
6 8 8 20 0 29
18 21 30 20 0 104
2 18 8 10 0 59
9 47 17 41 0 149
8 8 17 13 0 89
6 8 12 0 0 59
0 2 11 5 0 134
23 2 16 8 0 89
10 16 16 24 0 44
0 1 8 6 0 14
20 1 31 3 0 44
6 39 16 42 0 119
1 11 13 13 0 44
0 1 11 3 0 14
53 25 43 29 0 149
13 9 5 3 0 74
12 17 19 11 0 44
14 13 12 2 0 44
10 20 23 21 0 89
12 0 23 3 0 74
21 30 31 27 0 149
13 14 4 18 0 44
0 1 7 7 0 14
5 24 14 20 0 119
7 23 7 37 0 74
10 4 20 0 0 29
23 30 35 29 0 104
2 13 10 8 0 104
1 37 6 46 0 74
19 11 9 7 0 59
24 5 17 11 0 149
42 39 42 52 0 134
0 0 11 3 0 14
14 43 12 32 0 89
13 16 2 18 0 44
7 6 16 10 0 29
13 18 23 15 0 74
22 13 24 2 0 149
15 27 5 23 0 59
16 24 26 28 0 59
0 1 8 6 0 14
2 15 3 27 0 59
1 3 12 6 0 59
19 7 25 15 0 119
7 30 12 22 0 104
21 5 29 11 0 44
6 34 6 48 0 149
23 13 33 17 0 134
20 9 27 3 0 74
18 20 14 10 0 119
19 18 11 23 0 59
3 12 11 7 0 29
9 7 9 21 0 59
16 40 19 51 0 104
18 15 10 10 0 149
13 39 13 53 0 104
3 24 12 28 0 74
24 18 28 28 0 89
28 29 29 41 0 104
29 40 40 38 0 119
2 49 8 56 0 149
39 21 50 24 0 89
27 43 30 32 0 89
7 8 17 5 0 59
7 6 18 8 0 29
21 7 19 19 0 134
14 39 15 27 0 74
15 26 16 38 0 89
11 28 17 35 0 104
12 3 6 10 0 59
9 52 10 64 0 149
17 22 22 30 0 89
0 0 0 14 0 14
17 4 6 6 0 149
38 9 49 11 0 119
20 37 20 50 0 134
11 30 8 40 0 119
5 9 14 14 0 134
10 0 10 14 0 149
8 7 18 10 0 29
18 12 7 9 0 74
0 14 13 15 0 29
9 5 22 4 0 29
6 8 17 11 0 29
27 20 15 21 0 74
24 46 35 49 0 149
19 22 17 11 0 59
20 16 32 14 0 89
11 4 1 7 0 29
26 31 27 43 0 74
0 15 1 3 0 29
10 5 9 17 0 29
1 0 12 2 0 44
13 26 25 25 0 134
17 4 19 15 0 74
8 15 14 22 0 59
9 14 11 25 0 44
21 5 14 12 0 44
11 14 5 7 0 59
6 7 0 14 0 29
44 28 47 17 0 134
11 3 16 12 0 29
11 25 1 29 0 59
2 12 12 8 0 29
17 34 24 40 0 119
12 9 8 0 0 119
9 9 20 6 0 104
41 28 43 39 0 89
5 3 18 4 0 89
12 27 20 22 0 104
8 10 12 0 0 74
17 24 29 25 0 59
12 37 13 49 0 149
12 31 18 38 0 134
2 13 0 24 0 29
21 24 11 27 0 104
2 25 10 20 0 74
22 21 22 8 0 104
43 46 48 38 0 149
6 14 17 11 0 119
10 16 12 4 0 89
12 7 8 16 0 44
20 49 13 43 0 149
2 11 11 7 0 29
0 1 12 2 0 14
0 1 11 3 0 14
14 21 26 22 0 74
26 21 14 20 0 89
14 20 18 10 0 104
31 3 34 14 0 59
14 14 4 10 0 149
15 11 15 25 0 119
0 1 3 11 0 14
21 5 28 12 0 104
19 14 26 20 0 59
27 4 24 14 0 89
2 25 12 22 0 74
23 20 11 19 0 134
18 17 29 19 0 134
7 26 17 29 0 119
17 28 18 40 0 134
9 3 22 2 0 74
14 33 14 20 0 104
7 7 3 17 0 29
22 30 18 20 0 104
4 11 4 24 0 29
6 7 15 11 0 44
12 23 6 30 0 119
3 4 3 17 0 44
6 11 16 8 0 74
9 21 19 17 0 74
9 5 10 18 0 29
16 13 23 19 0 119
3 10 9 17 0 29
18 9 24 16 0 44
9 4 19 1 0 29
0 26 10 22 0 104
0 0 0 14 0 14
15 20 14 8 0 104
6 30 12 38 0 134
33 36 32 24 0 134
11 20 11 7 0 149
8 19 6 8 0 44
1 15 7 7 0 44
24 31 29 23 0 149
2 20 12 24 0 149
4 7 11 1 0 74
9 18 2 24 0 44
12 14 2 18 0 44
3 16 12 20 0 59
7 10 12 18 0 119
0 14 6 22 0 29
10 12 22 10 0 59
1 14 9 19 0 44
8 6 9 19 0 29
12 5 16 14 0 104
19 19 27 25 0 149
17 10 8 6 0 149
14 28 2 26 0 59
20 17 19 5 0 134
10 7 21 9 0 119
0 31 12 32 0 119
21 14 28 8 0 149
44 22 46 34 0 119
18 8 15 19 0 44
16 31 23 25 0 89
34 13 39 21 0 74
49 10 41 15 0 134
50 23 48 34 0 104
0 1 8 6 0 14
0 0 0 14 0 14
17 12 7 15 0 44
1 18 5 27 0 89
18 35 9 39 0 74
18 25 26 30 0 59
8 24 8 10 0 59
24 19 31 13 0 104
14 15 24 18 0 89
15 16 19 25 0 89
25 10 24 22 0 134
13 16 17 25 0 44
14 15 12 4 0 59
3 8 12 4 0 44
4 32 10 24 0 89
17 24 27 21 0 59
12 15 4 20 0 74
0 1 10 4 0 14
0 1 9 5 0 14
9 5 1 11 0 29
12 25 4 20 0 59
31 37 22 32 0 134
12 1 19 7 0 89
16 38 9 31 0 149
11 28 16 36 0 149
5 12 1 3 0 44
26 26 18 20 0 74
33 30 42 26 0 104
0 3 11 5 0 89
13 24 21 19 0 74
12 4 20 10 0 59
5 22 12 28 0 104
15 1 13 13 0 149
14 40 6 34 0 134
9 4 18 8 0 29
10 19 1 23 0 74
22 10 10 8 0 74
0 0 4 10 0 14
18 29 23 21 0 119
6 11 7 23 0 59
0 0 8 6 0 14
13 15 5 9 0 119
4 12 9 3 0 59
13 12 13 25 0 59
12 23 14 34 0 119
19 8 21 19 0 59
17 30 15 41 0 89
7 13 15 19 0 119
45 14 45 1 0 89
25 17 22 28 0 119
20 21 16 12 0 119
16 3 28 4 0 74
0 0 3 11 0 14
31 18 32 6 0 104
74 29 78 20 0 149
0 0 3 11 0 14
9 26 14 34 0 89
19 18 8 16 0 89
0 1 10 4 0 14
4 28 13 33 0 89
15 11 19 1 0 59
0 1 6 8 0 14
17 0 14 10 0 74
15 28 16 16 0 104
11 10 11 23 0 149
6 21 10 12 0 44
0 1 12 2 0 14
0 1 0 14 0 14
10 7 13 17 0 89
17 27 13 17 0 104
0 1 11 3 0 14
7 15 18 12 0 59
10 10 16 2 0 59
10 7 4 0 0 74
11 0 17 7 0 119
13 9 3 5 0 104
17 6 12 14 0 59
8 6 16 0 0 29
15 37 21 29 0 134
20 10 23 21 0 59
0 1 6 8 0 14
0 0 0 14 0 14
7 36 16 40 0 89
12 19 5 13 0 119
0 0 8 6 0 14
26 12 26 26 0 74
31 19 28 30 0 134
1 8 12 10 0 134
9 5 13 15 0 29
6 9 14 14 0 74
7 37 3 47 0 74
46 35 43 45 0 134
23 21 32 16 0 104
0 1 10 4 0 14
22 27 26 18 0 149
12 15 9 5 0 44
22 17 11 15 0 59
2 29 8 22 0 134
25 0 19 7 0 74
5 10 6 22 0 29
20 30 16 20 0 119
0 1 11 3 0 14
23 16 16 22 0 89
14 14 4 10 0 89
13 36 7 29 0 149
20 30 16 40 0 149
0 0 4 10 0 14
14 41 23 45 0 119
26 15 18 10 0 59
9 5 18 10 0 59
17 12 17 25 0 134
0 1 11 3 0 14
15 12 23 7 0 134
8 34 15 27 0 89
19 50 19 37 0 134
43 22 53 25 0 134
11 14 8 24 0 44
16 22 19 33 0 149
14 8 26 10 0 119
2 3 0 14 0 104
10 17 9 29 0 44
23 45 34 48 0 134
11 6 19 11 0 149
10 4 9 17 0 29
10 4 21 7 0 29
20 27 26 34 0 149
26 29 16 32 0 74
16 39 26 42 0 149
17 7 10 0 0 134
6 10 14 16 0 74
1 13 1 27 0 29
11 8 15 17 0 104
6 7 6 20 0 29
29 10 17 11 0 59
8 7 15 1 0 29
3 17 9 25 0 44
7 4 16 8 0 44
29 8 27 19 0 104
13 34 23 31 0 89
0 15 0 2 0 119
27 8 33 1 0 119
37 34 34 44 0 149
31 8 23 13 0 119
20 35 14 42 0 104
9 6 18 10 0 29
3 24 15 23 0 44
11 22 1 19 0 74
6 7 2 16 0 29
9 39 12 28 0 89
5 17 17 15 0 104
5 5 17 3 0 59
14 27 14 40 0 59
29 25 41 27 0 74
6 11 18 10 0 119
43 8 47 17 0 149
20 9 26 16 0 44
27 6 19 1 0 119
18 9 21 19 0 74
15 18 12 8 0 119
0 0 0 14 0 14
16 37 6 40 0 104
28 13 22 20 0 119
28 40 34 32 0 149
0 1 9 5 0 14
24 13 15 9 0 104
46 29 36 32 0 149
16 11 10 18 0 74
41 23 30 26 0 104
12 9 19 3 0 149
12 3 12 16 0 29
0 1 2 12 0 14
6 46 0 38 0 89
0 1 6 8 0 14
4 18 4 32 0 74
1 41 2 28 0 119
0 0 0 14 0 14
7 11 4 22 0 59
8 1 11 11 0 134
12 15 11 27 0 89
15 11 27 13 0 149
19 1 13 9 0 134
24 40 19 31 0 134
8 30 1 37 0 59
22 3 21 15 0 134
19 2 26 8 0 74
17 29 13 39 0 74
42 25 42 38 0 119
0 13 0 0 0 29
12 5 10 16 0 74
13 14 12 26 0 44
10 4 14 14 0 89
10 3 6 12 0 59
24 27 30 34 0 134
7 15 5 3 0 59
5 21 0 30 0 104
0 15 5 7 0 29
12 1 3 5 0 29
2 12 5 23 0 89
10 23 9 35 0 104
12 2 23 5 0 59
26 22 27 35 0 119
2 16 8 24 0 44
12 8 18 16 0 134
21 30 33 29 0 89
0 14 6 22 0 29
9 5 19 9 0 29
24 3 15 7 0 74
18 9 7 11 0 44
8 12 11 1 0 104
3 37 12 42 0 134
11 3 23 1 0 29
20 65 18 54 0 134
24 14 24 28 0 119
5 8 10 16 0 44
5 7 13 1 0 59
0 1 3 11 0 14
41 13 39 25 0 119
15 18 22 12 0 134
0 0 2 12 0 14
31 13 40 8 0 119
4 24 15 27 0 44
11 4 19 9 0 29
30 31 18 30 0 104
0 1 7 7 0 14
12 1 21 5 0 29
5 26 16 28 0 74
9 19 0 14 0 149
19 8 28 4 0 89
24 4 11 5 0 89
6 22 1 31 0 44
42 43 37 35 0 134
9 18 21 17 0 44
51 10 41 13 0 119
0 0 3 11 0 14
2 12 9 19 0 29
0 1 0 14 0 14
5 14 14 18 0 134
51 32 62 30 0 119
0 13 0 26 0 89
13 28 2 26 0 59
5 30 4 42 0 74
29 25 38 30 0 149
0 1 12 2 0 14
28 29 19 25 0 149
11 6 13 17 0 104
16 0 20 10 0 44
15 24 18 34 0 59
22 5 13 9 0 89
13 40 11 29 0 89
34 19 38 10 0 104
8 24 20 22 0 59
31 8 43 9 0 134
22 2 24 14 0 89
9 8 20 10 0 74
17 14 25 9 0 119
24 22 22 34 0 149
6 9 16 12 0 59
25 15 35 19 0 119
35 7 34 20 0 89
24 39 20 48 0 149
22 32 26 42 0 149
0 1 12 2 0 14
8 21 12 30 0 149
0 0 1 13 0 14
1 12 9 17 0 29
1 29 13 27 0 74
9 4 21 5 0 29
9 19 9 5 0 44
19 37 30 34 0 149
9 4 21 5 0 29
3 6 8 14 0 119
16 1 18 12 0 44
6 8 14 14 0 29
21 28 30 24 0 149
31 23 37 31 0 74
0 0 6 8 0 14
21 5 27 13 0 44
0 1 9 5 0 14
0 1 6 8 0 14
8 18 1 11 0 104
40 38 46 30 0 134
11 4 1 1 0 29
16 28 12 38 0 149
8 9 12 0 0 74
26 2 26 16 0 149
23 2 35 3 0 44
19 4 29 1 0 149
35 18 45 15 0 74
23 3 25 15 0 104
16 25 7 21 0 74
0 1 12 2 0 14
7 29 6 16 0 119
52 9 45 15 0 149
0 1 9 5 0 14
18 11 24 4 0 59
0 0 9 5 0 14
12 32 21 27 0 134
8 41 18 44 0 134
9 6 15 13 0 59
16 11 21 3 0 134
1 6 12 4 0 44
5 27 2 38 0 104
14 14 9 23 0 104
0 1 8 6 0 14
5 17 7 29 0 104
0 0 10 4 0 14
12 27 15 37 0 119
28 5 28 18 0 89
17 6 15 17 0 74
16 29 18 18 0 89
4 40 16 38 0 134
12 1 23 3 0 89
29 19 31 31 0 149
0 0 2 12 0 14
5 22 13 27 0 44
32 24 27 33 0 149
7 13 2 4 0 89
23 5 20 16 0 89
21 44 13 39 0 89
25 22 16 26 0 149
3 22 15 21 0 119
15 21 2 20 0 134
13 17 11 29 0 104
18 55 26 50 0 149
48 35 42 42 0 119
9 30 21 29 0 59
28 10 40 12 0 119
8 6 17 1 0 59
23 20 21 31 0 74
35 28 31 37 0 119
11 17 16 26 0 59
18 19 20 30 0 134
19 28 25 21 0 134
28 11 38 14 0 119
29 12 25 21 0 104
8 6 19 9 0 29
16 38 4 40 0 119
0 0 1 13 0 14
0 0 6 8 0 14
14 8 6 14 0 104
32 17 20 18 0 119
16 9 11 17 0 44
19 8 12 2 0 44
9 36 16 42 0 119
7 20 14 14 0 44
11 2 10 14 0 29
11 18 9 7 0 44
12 5 0 4 0 74
4 47 0 38 0 119
17 26 19 15 0 149
6 11 4 22 0 134
14 19 3 21 0 119
7 6 1 13 0 29
14 17 14 30 0 149
6 8 0 16 0 29
12 13 19 19 0 44
16 38 3 37 0 119
0 23 6 16 0 44
10 22 15 13 0 119
15 9 5 5 0 119
12 22 3 17 0 89
9 25 7 37 0 59
25 17 24 4 0 74
0 1 9 5 0 14
16 23 5 25 0 104
43 38 51 33 0 104
23 6 23 19 0 44
39 26 48 22 0 134
20 15 28 10 0 104
5 12 5 25 0 59
23 5 27 15 0 74
22 28 24 40 0 134
19 24 12 18 0 104
12 0 9 11 0 29
8 20 21 21 0 44
12 1 7 9 0 29
19 10 11 15 0 44
15 13 17 1 0 74
18 11 30 10 0 119
8 15 17 11 0 134
19 32 7 31 0 149
7 8 17 5 0 59
5 22 2 12 0 74
32 7 22 4 0 119
2 13 3 1 0 29
26 9 32 2 0 134
13 20 9 29 0 119
24 15 15 11 0 104
11 1 21 5 0 89
8 19 7 31 0 89
16 9 24 4 0 74
11 17 3 23 0 59
19 10 8 8 0 74
0 16 5 7 0 44
11 31 0 34 0 74
12 20 13 33 0 74
16 8 21 17 0 89
3 10 3 23 0 29
11 4 6 12 0 104
30 9 22 14 0 134
10 5 1 1 0 29
11 7 6 16 0 44
17 1 11 9 0 89
0 0 10 4 0 14
16 32 23 25 0 149
5 7 11 15 0 74
0 0 7 7 0 14
0 0 11 3 0 14
23 2 12 4 0 89
12 15 9 25 0 74
0 1 9 5 0 14
23 19 13 15 0 134
13 14 4 10 0 149
34 19 44 22 0 104
7 17 7 31 0 149
0 1 11 3 0 14
16 15 24 10 0 134
38 17 28 20 0 149
12 28 20 34 0 89
48 23 54 16 0 149
11 7 23 5 0 74
7 20 19 19 0 44
3 11 2 24 0 29
0 1 9 5 0 14
3 10 8 2 0 29
14 23 20 16 0 74
4 1 10 8 0 59
0 0 11 3 0 14
8 12 15 5 0 134
15 20 17 9 0 89
41 14 52 12 0 149
10 3 6 12 0 44
24 11 32 6 0 149
0 15 4 6 0 29
3 10 7 19 0 29
6 16 15 11 0 134
15 1 15 15 0 44
15 37 21 45 0 74
8 6 5 17 0 89
30 27 33 37 0 119
21 15 23 27 0 89
15 26 13 37 0 134
1 22 0 34 0 89
0 1 0 14 0 14
4 9 10 2 0 29
10 3 12 14 0 29
9 11 19 7 0 44
1 12 12 14 0 29
28 10 29 23 0 119
0 13 11 11 0 104
8 2 4 12 0 44
0 1 2 12 0 14
23 26 34 24 0 104
0 1 9 5 0 14
42 52 54 50 0 149
18 20 31 19 0 119
20 7 16 16 0 119
3 48 2 36 0 89
7 9 10 20 0 89
10 20 12 8 0 104
24 16 31 23 0 59
0 1 6 8 0 14
13 1 18 10 0 74
17 22 25 17 0 104
21 2 28 8 0 149
3 12 7 3 0 29
16 8 18 20 0 59
19 15 17 27 0 89
45 1 51 9 0 104
14 20 16 32 0 134
3 11 2 24 0 29
20 9 18 20 0 119
47 9 53 1 0 149
4 6 17 7 0 44
17 18 17 31 0 74
22 3 19 13 0 44
6 15 16 12 0 59
24 14 12 12 0 104
7 8 4 18 0 59
4 22 6 34 0 149
6 21 14 26 0 44
24 5 31 11 0 89
2 49 0 38 0 119
21 19 34 20 0 89
15 14 16 26 0 59
2 19 13 17 0 59
19 20 16 10 0 59
0 1 2 12 0 14
16 12 8 6 0 74
0 15 6 8 0 29
8 6 20 8 0 29
21 10 26 2 0 134
5 5 17 3 0 134
29 22 20 26 0 134
13 44 19 51 0 119
11 14 17 21 0 89
11 12 17 19 0 149
0 1 3 11 0 14
19 16 9 13 0 119
18 9 21 19 0 89
21 28 21 15 0 74
4 20 7 9 0 74
0 35 12 34 0 89
19 2 9 5 0 44
26 26 31 17 0 89
4 25 11 31 0 59
10 6 0 10 0 134
13 39 13 53 0 134
19 10 14 2 0 44
2 12 13 15 0 29
13 6 11 17 0 44
8 5 12 14 0 29
30 15 41 13 0 104
26 17 29 7 0 89
23 24 13 21 0 104
0 0 2 12 0 14
22 19 18 10 0 134
15 24 15 37 0 59
10 3 7 13 0 29
13 33 26 32 0 104
9 24 9 37 0 119
10 19 2 14 0 44
15 5 26 2 0 59
9 29 7 17 0 134
9 18 18 22 0 44
4 43 10 36 0 89
1 14 5 23 0 29
2 24 14 22 0 59
12 12 1 9 0 119
0 0 9 5 0 14
3 11 13 7 0 29
25 26 18 32 0 149
6 39 14 44 0 119
3 0 7 9 0 44
4 11 3 23 0 104
33 2 24 6 0 134
2 24 7 15 0 44
11 3 23 5 0 29
16 41 9 47 0 134
20 14 8 12 0 119
35 18 29 25 0 134
2 37 2 50 0 104
28 11 40 12 0 149
18 11 15 1 0 134
19 30 19 17 0 74
10 36 1 41 0 104
0 0 6 8 0 74
0 1 12 2 0 14
12 3 3 7 0 29
14 22 20 30 0 104
0 0 2 12 0 14
3 10 7 19 0 29
8 6 11 17 0 29
31 14 33 25 0 104
1 3 5 13 0 44
14 1 2 2 0 59
21 7 10 10 0 44
30 20 18 18 0 119
5 9 17 11 0 29
0 5 11 7 0 59
7 8 0 14 0 89
38 14 47 9 0 134
18 11 14 2 0 149
0 1 10 4 0 14
0 1 8 6 0 14
9 18 5 27 0 44
8 22 21 23 0 89
5 4 0 12 0 74
22 13 11 11 0 149
12 3 4 8 0 59
31 11 20 14 0 104
0 1 10 4 0 14
1 10 13 9 0 119
0 1 12 0 0 14
12 4 20 10 0 104
0 9 1 21 0 149
16 12 22 4 0 74
18 38 5 37 0 149
6 22 19 23 0 44
16 41 6 38 0 104
13 18 6 12 0 119
8 53 16 48 0 149
0 1 0 14 0 14
62 30 74 28 0 134
0 0 7 7 0 14
0 0 7 7 0 14
13 8 8 16 0 149
0 1 3 11 0 14
11 0 16 8 0 59
1 31 5 21 0 59
13 21 19 29 0 119
26 19 30 28 0 74
0 0 1 13 0 14
0 1 10 4 0 14
21 13 10 10 0 74
0 1 10 4 0 44
18 40 18 26 0 149
6 34 16 38 0 104
12 33 13 21 0 104
28 5 38 2 0 104
0 1 9 5 0 14
7 10 15 5 0 44
10 5 15 13 0 29
11 30 11 43 0 119
6 15 13 9 0 59
23 0 15 5 0 44
7 13 15 19 0 44
26 2 26 16 0 74
16 20 11 29 0 134
18 7 11 1 0 44
12 3 6 10 0 59
21 13 16 22 0 134
6 17 5 29 0 59
0 1 11 3 0 14
12 1 23 3 0 29
17 5 28 2 0 74
10 14 5 5 0 44
27 20 21 13 0 119
11 6 0 4 0 44
19 8 7 9 0 104
22 8 10 6 0 119
40 12 34 4 0 134
22 16 35 15 0 149
0 13 10 16 0 29
7 6 16 2 0 29
41 12 52 10 0 134
0 0 10 4 0 14
18 20 24 12 0 89
15 7 15 21 0 89
10 17 2 12 0 89
23 7 11 5 0 149
15 14 12 24 0 89
0 1 2 12 0 14
