50 50 1 30 7 300
20 5 20 14 89 300
3 1 8 5 59 300
3 15 2 23 19 300
25 29 20 25 279 300
3 24 5 31 169 300
5 8 3 1 49 300
14 2 20 5 79 300
14 13 14 22 249 300
16 23 19 17 229 300
8 19 10 26 129 300
20 14 23 20 99 300
20 25 20 16 289 300
19 27 25 29 270 300
14 22 19 26 259 300
10 26 3 24 159 300
11 25 9 32 199 300
10 26 18 27 139 300
15 21 8 19 119 300
8 24 16 23 219 300
0 0 3 6 0 300
19 17 14 13 239 300
9 32 8 24 209 300
2 14 5 8 39 300
18 27 10 26 149 300
5 22 11 25 189 300
8 4 14 2 70 300
23 20 15 21 109 300
3 6 3 15 9 300
5 31 5 22 179 300
2 23 2 14 29 300
