100 100 1 30 11 450
39 74 35 65 0 404
0 14 5 23 0 29
5 23 14 18 0 44
28 73 40 72 0 434
27 59 36 54 0 269
23 29 22 42 0 89
16 52 26 56 0 209
11 28 23 29 0 74
46 64 41 73 0 359
27 28 15 27 0 134
15 38 21 45 0 164
40 72 32 78 0 449
35 65 28 72 0 419
15 26 15 39 0 149
15 58 27 59 0 254
41 73 35 65 0 374
53 57 46 64 0 344
14 40 16 52 0 194
26 55 20 48 0 224
31 37 27 27 0 119
55 56 54 44 0 314
54 44 53 57 0 329
45 51 55 55 0 299
20 49 15 57 0 239
14 18 11 29 0 59
21 46 14 40 0 179
0 1 0 14 0 14
22 42 31 37 0 104
36 55 45 51 0 284
35 66 39 75 0 389
