100 100 1 30 0 300
11 25 15 29 0 300
4 10 5 18 0 300
9 9 16 7 0 300
26 42 21 38 0 300
4 37 6 44 0 300
9 14 4 10 0 300
13 19 11 26 0 300
15 26 15 35 0 300
17 36 20 30 0 300
9 32 11 39 0 300
15 29 8 31 0 300
21 38 21 29 0 300
20 40 26 42 0 300
15 35 20 39 0 300
11 39 4 37 0 300
12 38 10 45 0 300
11 39 19 40 0 300
2 34 9 32 0 300
9 37 17 36 0 300
0 0 6 3 0 300
20 30 15 26 0 300
10 45 9 37 0 300
9 5 9 14 0 300
19 40 11 39 0 300
6 35 12 38 0 300
5 18 13 19 0 300
8 32 2 34 0 300
6 3 9 9 0 300
6 44 6 35 0 300
16 7 9 5 0 300
