50 50 1 30 11 450
19 32 15 23 390 404
0 14 5 23 14 29
5 23 14 18 29 44
8 31 20 30 420 434
27 35 36 30 254 269
23 29 22 42 74 89
16 28 26 32 194 209
11 28 23 29 60 74
26 40 21 49 344 359
27 28 15 27 120 134
15 38 21 45 150 164
20 30 12 36 434 449
15 23 8 30 404 419
15 26 15 39 135 149
15 34 27 35 240 254
21 49 15 41 359 374
33 33 26 40 329 344
14 40 16 28 179 194
26 31 20 24 210 224
31 37 27 27 104 119
35 32 34 20 300 314
34 20 33 33 314 329
45 27 35 31 284 299
20 25 15 33 225 239
14 18 11 29 44 59
21 46 14 40 165 179
0 1 0 14 1 14
22 42 31 37 89 104
36 31 45 27 270 284
15 42 19 33 375 389
