50 50 1 30 7 300
20 5 20 14 0 99
3 1 8 5 0 69
3 15 2 23 0 29
25 29 20 25 0 289
3 24 5 31 0 179
5 8 3 1 0 59
14 2 20 5 0 89
14 13 14 22 0 259
16 23 19 17 0 239
8 19 10 26 0 139
20 14 23 20 0 109
20 25 20 16 0 299
19 27 25 29 0 279
14 22 19 26 0 269
10 26 3 24 0 169
11 25 9 32 0 209
10 26 18 27 0 149
15 21 8 19 0 129
8 24 16 23 0 229
0 0 3 6 0 9
19 17 14 13 0 249
9 32 8 24 0 219
2 14 5 8 0 49
18 27 10 26 0 159
5 22 11 25 0 199
8 4 14 2 0 79
23 20 15 21 0 119
3 6 3 15 0 19
5 31 5 22 0 189
2 23 2 14 0 39
