50 50 1 30 7 300
20 5 20 14 0 300
3 1 8 5 0 300
3 15 2 23 0 300
25 29 20 25 0 300
3 24 5 31 0 300
5 8 3 1 0 300
14 2 20 5 0 300
14 13 14 22 0 300
16 23 19 17 0 300
8 19 10 26 0 300
20 14 23 20 0 300
20 25 20 16 0 300
19 27 25 29 0 300
14 22 19 26 0 300
10 26 3 24 0 300
11 25 9 32 0 300
10 26 18 27 0 300
15 21 8 19 0 300
8 24 16 23 0 300
0 0 3 6 0 300
19 17 14 13 0 300
9 32 8 24 0 300
2 14 5 8 0 300
18 27 10 26 0 300
5 22 11 25 0 300
8 4 14 2 0 300
23 20 15 21 0 300
3 6 3 15 0 300
5 31 5 22 0 300
2 23 2 14 0 300
