100 100 1 30 11 450
39 74 35 65 0 450
0 14 5 23 0 450
5 23 14 18 0 450
28 73 40 72 0 450
27 59 36 54 0 450
23 29 22 42 0 450
16 52 26 56 0 450
11 28 23 29 0 450
46 64 41 73 0 450
27 28 15 27 0 450
15 38 21 45 0 450
40 72 32 78 0 450
35 65 28 72 0 450
15 26 15 39 0 450
15 58 27 59 0 450
41 73 35 65 0 450
53 57 46 64 0 450
14 40 16 52 0 450
26 55 20 48 0 450
31 37 27 27 0 450
55 56 54 44 0 450
54 44 53 57 0 450
45 51 55 55 0 450
20 49 15 57 0 450
14 18 11 29 0 450
21 46 14 40 0 450
0 1 0 14 0 450
22 42 31 37 0 450
36 55 45 51 0 450
35 66 39 75 0 450
