100 100 1 30 11 450
39 74 35 65 390 450
0 14 5 23 14 450
5 23 14 18 29 450
28 73 40 72 420 450
27 59 36 54 254 450
23 29 22 42 74 450
16 52 26 56 194 450
11 28 23 29 60 450
46 64 41 73 344 450
27 28 15 27 120 450
15 38 21 45 150 450
40 72 32 78 434 450
35 65 28 72 404 450
15 26 15 39 135 450
15 58 27 59 240 450
41 73 35 65 359 450
53 57 46 64 329 450
14 40 16 52 179 450
26 55 20 48 210 450
31 37 27 27 104 450
55 56 54 44 300 450
54 44 53 57 314 450
45 51 55 55 284 450
20 49 15 57 225 450
14 18 11 29 44 450
21 46 14 40 165 450
0 1 0 14 1 450
22 42 31 37 89 450
36 55 45 51 270 450
35 66 39 75 375 450
