100 100 1 30 11 450
39 74 35 65 390 404
0 14 5 23 14 29
5 23 14 18 29 44
28 73 40 72 420 434
27 59 36 54 254 269
23 29 22 42 74 89
16 52 26 56 194 209
11 28 23 29 60 74
46 64 41 73 344 359
27 28 15 27 120 134
15 38 21 45 150 164
40 72 32 78 434 449
35 65 28 72 404 419
15 26 15 39 135 149
15 58 27 59 240 254
41 73 35 65 359 374
53 57 46 64 329 344
14 40 16 52 179 194
26 55 20 48 210 224
31 37 27 27 104 119
55 56 54 44 300 314
54 44 53 57 314 329
45 51 55 55 284 299
20 49 15 57 225 239
14 18 11 29 44 59
21 46 14 40 165 179
0 1 0 14 1 14
22 42 31 37 89 104
36 55 45 51 270 284
35 66 39 75 375 389
