50 50 1 30 11 450
19 32 15 23 390 450
0 14 5 23 14 450
5 23 14 18 29 450
8 31 20 30 420 450
27 35 36 30 254 450
23 29 22 42 74 450
16 28 26 32 194 450
11 28 23 29 60 450
26 40 21 49 344 450
27 28 15 27 120 450
15 38 21 45 150 450
20 30 12 36 434 450
15 23 8 30 404 450
15 26 15 39 135 450
15 34 27 35 240 450
21 49 15 41 359 450
33 33 26 40 329 450
14 40 16 28 179 450
26 31 20 24 210 450
31 37 27 27 104 450
35 32 34 20 300 450
34 20 33 33 314 450
45 27 35 31 284 450
20 25 15 33 225 450
14 18 11 29 44 450
21 46 14 40 165 450
0 1 0 14 1 450
22 42 31 37 89 450
36 31 45 27 270 450
15 42 19 33 375 450
