0100 100 1 30 0 300
11 25 15 29 0 99
4 10 5 18 0 69
9 9 16 7 0 29
26 42 21 38 0 289
4 37 6 44 0 179
9 14 4 10 0 59
13 19 11 26 0 89
15 26 15 35 0 259
17 36 20 30 0 239
9 32 11 39 0 139
15 29 8 31 0 109
21 38 21 29 0 299
20 40 26 42 0 279
15 35 20 39 0 269
11 39 4 37 0 169
12 38 10 45 0 209
11 39 19 40 0 149
2 34 9 32 0 129
9 37 17 36 0 229
0 0 6 3 0 9
20 30 15 26 0 249
10 45 9 37 0 219
9 5 9 14 0 49
19 40 11 39 0 159
6 35 12 38 0 199
5 18 13 19 0 79
8 32 2 34 0 119
6 3 9 9 0 19
6 44 6 35 0 189
16 7 9 5 0 39
