50 50 1 30 11 450
19 32 15 23 0 404
0 14 5 23 0 29
5 23 14 18 0 44
8 31 20 30 0 434
27 35 36 30 0 269
23 29 22 42 0 89
16 28 26 32 0 209
11 28 23 29 0 74
26 40 21 49 0 359
27 28 15 27 0 134
15 38 21 45 0 164
20 30 12 36 0 449
15 23 8 30 0 419
15 26 15 39 0 149
15 34 27 35 0 254
21 49 15 41 0 374
33 33 26 40 0 344
14 40 16 28 0 194
26 31 20 24 0 224
31 37 27 27 0 119
35 32 34 20 0 314
34 20 33 33 0 329
45 27 35 31 0 299
20 25 15 33 0 239
14 18 11 29 0 59
21 46 14 40 0 179
0 1 0 14 0 14
22 42 31 37 0 104
36 31 45 27 0 284
15 42 19 33 0 389
