50 50 1 30 11 450
19 32 15 23 0 450
0 14 5 23 0 450
5 23 14 18 0 450
8 31 20 30 0 450
27 35 36 30 0 450
23 29 22 42 0 450
16 28 26 32 0 450
11 28 23 29 0 450
26 40 21 49 0 450
27 28 15 27 0 450
15 38 21 45 0 450
20 30 12 36 0 450
15 23 8 30 0 450
15 26 15 39 0 450
15 34 27 35 0 450
21 49 15 41 0 450
33 33 26 40 0 450
14 40 16 28 0 450
26 31 20 24 0 450
31 37 27 27 0 450
35 32 34 20 0 450
34 20 33 33 0 450
45 27 35 31 0 450
20 25 15 33 0 450
14 18 11 29 0 450
21 46 14 40 0 450
0 1 0 14 0 450
22 42 31 37 0 450
36 31 45 27 0 450
15 42 19 33 0 450
