100 100 1 30 0 300
11 25 15 29 90 300
4 10 5 18 59 300
9 9 16 7 19 300
26 42 21 38 279 300
4 37 6 44 169 300
9 14 4 10 49 300
13 19 11 26 79 300
15 26 15 35 249 300
17 36 20 30 229 300
9 32 11 39 129 300
15 29 8 31 99 300
21 38 21 29 289 300
20 40 26 42 270 300
15 35 20 39 259 300
11 39 4 37 159 300
12 38 10 45 199 300
11 39 19 40 139 300
2 34 9 32 119 300
9 37 17 36 219 300
0 0 6 3 0 300
20 30 15 26 239 300
10 45 9 37 209 300
9 5 9 14 39 300
19 40 11 39 149 300
6 35 12 38 189 300
5 18 13 19 69 300
8 32 2 34 110 300
6 3 9 9 9 300
6 44 6 35 179 300
16 7 9 5 29 300
