50 50 1 30 7 300
20 5 20 14 89 99
3 1 8 5 59 69
3 15 2 23 19 29
25 29 20 25 279 289
3 24 5 31 169 179
5 8 3 1 49 59
14 2 20 5 79 89
14 13 14 22 249 259
16 23 19 17 229 239
8 19 10 26 129 139
20 14 23 20 99 109
20 25 20 16 289 299
19 27 25 29 270 279
14 22 19 26 259 269
10 26 3 24 159 169
11 25 9 32 199 209
10 26 18 27 139 149
15 21 8 19 119 129
8 24 16 23 219 229
0 0 3 6 0 9
19 17 14 13 239 249
9 32 8 24 209 219
2 14 5 8 39 49
18 27 10 26 149 159
5 22 11 25 189 199
8 4 14 2 70 79
23 20 15 21 109 119
3 6 3 15 9 19
5 31 5 22 179 189
2 23 2 14 29 39
