100 100 1 30 0 300
11 25 15 29 90 99
4 10 5 18 59 69
9 9 16 7 19 29
26 42 21 38 279 289
4 37 6 44 169 179
9 14 4 10 49 59
13 19 11 26 79 89
15 26 15 35 249 259
17 36 20 30 229 239
9 32 11 39 129 139
15 29 8 31 99 109
21 38 21 29 289 299
20 40 26 42 270 279
15 35 20 39 259 269
11 39 4 37 159 169
12 38 10 45 199 209
11 39 19 40 139 149
2 34 9 32 119 129
9 37 17 36 219 229
0 0 6 3 0 9
20 30 15 26 239 249
10 45 9 37 209 219
9 5 9 14 39 49
19 40 11 39 149 159
6 35 12 38 189 199
5 18 13 19 69 79
8 32 2 34 110 119
6 3 9 9 9 19
6 44 6 35 179 189
16 7 9 5 29 39
