100 100 200 5000 29 500
6 31 21 34 0 500
7 11 12 24 0 500
12 26 0 21 0 500
3 20 8 33 0 500
10 31 24 27 0 500
59 45 65 57 0 500
43 25 59 23 0 500
21 14 21 32 0 500
34 7 49 4 0 500
15 3 26 10 0 500
27 25 20 36 0 500
42 25 26 23 0 500
42 21 53 14 0 500
6 81 12 93 0 500
26 24 38 18 0 500
24 23 23 6 0 500
83 81 89 69 0 500
68 67 52 65 0 500
41 64 48 53 0 500
20 7 24 21 0 500
54 17 54 35 0 500
57 21 61 7 0 500
10 13 25 10 0 500
10 55 2 65 0 500
39 32 38 49 0 500
25 44 10 41 0 500
31 58 26 71 0 500
43 8 43 26 0 500
16 33 21 46 0 500
38 5 40 20 0 500
12 15 8 1 0 500
0 1 16 3 0 500
26 72 36 80 0 500
5 2 16 9 0 500
26 7 24 23 0 500
35 14 44 5 0 500
13 43 8 56 0 500
3 6 2 23 0 500
18 1 14 15 0 500
2 25 12 17 0 500
21 95 10 88 0 500
11 31 18 41 0 500
11 32 0 39 0 500
33 21 31 37 0 500
21 13 14 24 0 500
46 15 48 31 0 500
11 13 27 15 0 500
58 56 48 48 0 500
10 21 27 20 0 500
48 45 47 28 0 500
36 27 34 11 0 500
91 24 80 17 0 500
12 25 25 30 0 500
39 28 41 44 0 500
23 53 29 41 0 500
12 13 0 19 0 500
29 61 39 53 0 500
12 8 25 3 0 500
23 32 25 16 0 500
31 83 36 96 0 500
17 42 11 30 0 500
37 21 24 26 0 500
17 29 25 39 0 500
30 47 24 35 0 500
44 64 44 82 0 500
54 53 56 69 0 500
0 1 16 3 0 500
37 23 45 33 0 500
42 40 30 46 0 500
41 68 52 75 0 500
26 61 25 45 0 500
25 33 40 36 0 500
24 51 32 61 0 500
29 6 41 12 0 500
66 35 54 41 0 500
92 69 99 80 0 500
11 9 24 4 0 500
16 29 32 31 0 500
28 58 19 67 0 500
93 70 97 56 0 500
32 27 23 36 0 500
4 29 5 12 0 500
5 19 16 26 0 500
30 42 13 41 0 500
27 21 25 5 0 500
6 29 21 32 0 500
35 88 27 78 0 500
35 61 30 74 0 500
13 25 23 33 0 500
0 1 7 12 0 500
40 6 52 12 0 500
9 27 22 23 0 500
3 39 10 28 0 500
21 25 29 34 0 500
51 19 55 33 0 500
26 30 40 26 0 500
59 47 67 37 0 500
67 36 53 32 0 500
8 20 11 6 0 500
12 21 27 18 0 500
29 29 16 33 0 500
34 32 34 50 0 500
27 37 41 33 0 500
47 40 53 52 0 500
36 21 39 36 0 500
57 38 50 27 0 500
9 16 0 7 0 500
1 2 5 16 0 500
0 18 14 14 0 500
61 71 73 65 0 500
34 43 19 46 0 500
26 39 10 41 0 500
29 11 26 25 0 500
21 37 35 41 0 500
9 47 21 53 0 500
68 63 56 57 0 500
29 52 28 35 0 500
34 62 34 44 0 500
18 2 9 11 0 500
57 92 51 81 0 500
80 72 70 80 0 500
5 69 17 63 0 500
46 11 33 16 0 500
2 61 14 66 0 500
17 43 24 33 0 500
11 9 25 5 0 500
22 18 16 7 0 500
2 8 13 2 0 500
59 20 49 28 0 500
44 27 46 11 0 500
43 80 44 97 0 500
27 37 12 40 0 500
12 60 10 44 0 500
32 17 17 20 0 500
4 13 18 17 0 500
10 17 15 30 0 500
21 61 38 60 0 500
32 20 41 12 0 500
41 17 25 19 0 500
32 13 22 21 0 500
14 24 30 22 0 500
82 25 71 32 0 500
24 31 15 40 0 500
26 21 23 36 0 500
54 37 70 35 0 500
24 75 40 77 0 500
40 76 27 81 0 500
21 32 5 30 0 500
0 1 11 8 0 500
21 19 19 35 0 500
17 1 21 15 0 500
25 74 14 81 0 500
38 59 37 42 0 500
6 12 5 29 0 500
83 5 83 23 0 500
27 42 38 36 0 500
16 14 11 26 0 500
13 11 5 1 0 500
13 4 28 1 0 500
16 12 30 16 0 500
43 34 38 47 0 500
13 33 13 51 0 500
98 96 94 83 0 500
24 13 32 23 0 500
45 40 37 30 0 500
60 42 47 46 0 500
43 46 57 42 0 500
39 5 30 14 0 500
26 87 28 71 0 500
42 0 56 4 0 500
16 24 16 42 0 500
75 80 70 67 0 500
13 26 13 8 0 500
13 25 7 14 0 500
23 4 19 18 0 500
53 88 59 76 0 500
19 14 31 8 0 500
20 69 9 76 0 500
5 13 20 10 0 500
33 65 32 48 0 500
24 2 9 5 0 500
0 1 12 7 0 500
24 35 20 21 0 500
10 61 6 75 0 500
6 2 6 19 0 500
33 50 42 41 0 500
68 40 70 56 0 500
23 40 30 30 0 500
48 33 62 30 0 500
59 22 59 40 0 500
28 58 38 66 0 500
0 1 0 19 0 500
15 66 23 76 0 500
51 49 66 46 0 500
19 46 19 28 0 500
37 41 40 56 0 500
11 16 15 2 0 500
85 93 83 77 0 500
73 1 81 11 0 500
0 1 0 19 0 500
9 11 19 19 0 500
27 92 12 95 0 500
36 10 23 5 0 500
13 29 0 34 0 500
43 61 41 46 0 500
6 14 19 9 0 500
9 50 14 37 0 500
2 6 11 15 0 500
19 23 25 35 0 500
9 86 21 80 0 500
76 75 59 74 0 500
41 30 34 20 0 500
14 23 14 41 0 500
16 73 29 68 0 500
8 23 5 38 0 500
45 18 45 0 0 500
7 9 22 12 0 500
17 73 2 70 0 500
39 50 45 39 0 500
2 50 16 54 0 500
84 35 98 31 0 500
23 17 33 25 0 500
13 19 28 22 0 500
30 92 23 81 0 500
99 10 88 17 0 500
14 75 17 60 0 500
29 27 43 23 0 500
15 83 1 79 0 500
12 29 25 34 0 500
68 30 80 36 0 500
43 13 43 31 0 500
11 42 21 34 0 500
0 8 10 16 0 500
12 36 2 28 0 500
55 46 56 63 0 500
2 19 12 11 0 500
30 31 15 34 0 500
90 87 83 98 0 500
13 26 16 41 0 500
33 23 34 6 0 500
7 7 10 22 0 500
45 28 35 20 0 500
18 16 11 27 0 500
70 70 66 84 0 500
28 32 37 41 0 500
23 30 14 22 0 500
0 1 9 10 0 500
30 22 43 27 0 500
34 74 19 71 0 500
44 9 27 10 0 500
41 36 29 30 0 500
14 26 31 25 0 500
9 23 15 11 0 500
11 20 14 35 0 500
39 24 56 23 0 500
0 1 16 3 0 500
35 12 40 25 0 500
48 49 56 58 0 500
19 38 8 45 0 500
35 72 31 86 0 500
39 64 47 74 0 500
7 13 21 17 0 500
28 57 25 72 0 500
17 62 26 71 0 500
18 26 10 36 0 500
43 59 38 72 0 500
42 39 25 38 0 500
8 28 2 16 0 500
42 32 41 16 0 500
30 35 36 24 0 500
29 26 34 13 0 500
79 54 81 38 0 500
72 58 81 67 0 500
14 36 30 34 0 500
27 71 14 76 0 500
53 17 42 24 0 500
35 37 33 22 0 500
40 5 48 14 0 500
1 26 16 23 0 500
72 55 80 45 0 500
26 17 12 21 0 500
34 29 30 43 0 500
5 8 3 24 0 500
20 34 9 27 0 500
50 45 39 38 0 500
13 60 0 55 0 500
41 40 55 36 0 500
4 69 17 74 0 500
11 4 1 12 0 500
30 53 20 61 0 500
38 14 51 9 0 500
10 68 22 63 0 500
41 5 45 19 0 500
29 67 37 77 0 500
25 94 40 91 0 500
4 6 18 2 0 500
71 56 85 60 0 500
17 10 15 26 0 500
83 56 89 68 0 500
51 27 62 20 0 500
76 74 76 56 0 500
33 15 37 1 0 500
25 21 8 20 0 500
26 36 21 49 0 500
14 21 13 4 0 500
13 5 20 16 0 500
20 52 24 38 0 500
34 49 42 39 0 500
16 10 18 26 0 500
51 23 35 21 0 500
9 18 1 28 0 500
30 11 20 3 0 500
45 48 41 34 0 500
4 85 9 98 0 500
55 22 55 4 0 500
1 47 4 32 0 500
9 29 19 21 0 500
34 81 33 64 0 500
27 74 39 79 0 500
16 4 19 19 0 500
63 15 68 28 0 500
44 9 53 18 0 500
70 55 64 67 0 500
15 19 26 13 0 500
23 48 26 33 0 500
71 15 54 14 0 500
19 2 19 20 0 500
32 41 26 53 0 500
16 4 27 11 0 500
21 13 25 26 0 500
62 3 72 11 0 500
34 26 21 21 0 500
16 2 1 5 0 500
20 14 6 10 0 500
0 1 11 8 0 500
20 2 20 20 0 500
43 22 31 28 0 500
31 84 22 93 0 500
59 51 68 60 0 500
9 45 1 35 0 500
41 7 40 24 0 500
26 79 9 80 0 500
58 58 42 60 0 500
48 33 57 24 0 500
41 47 35 35 0 500
38 7 24 3 0 500
43 25 28 22 0 500
21 1 34 6 0 500
20 43 12 33 0 500
27 24 31 38 0 500
23 14 23 32 0 500
17 3 5 9 0 500
48 31 38 23 0 500
8 29 19 22 0 500
0 1 17 0 0 500
0 1 16 3 0 500
30 11 13 12 0 500
10 8 22 2 0 500
30 37 17 42 0 500
19 68 11 78 0 500
12 22 29 21 0 500
12 5 12 23 0 500
14 69 13 86 0 500
16 41 14 57 0 500
20 74 12 65 0 500
3 8 18 5 0 500
12 21 4 31 0 500
28 48 24 62 0 500
19 86 27 77 0 500
68 97 56 91 0 500
44 32 45 15 0 500
24 78 34 86 0 500
32 14 19 9 0 500
62 17 55 6 0 500
15 27 8 16 0 500
55 37 61 49 0 500
59 88 50 96 0 500
79 53 94 56 0 500
6 16 7 33 0 500
29 29 24 16 0 500
33 11 34 28 0 500
40 48 40 66 0 500
14 58 2 52 0 500
61 60 59 44 0 500
1 67 6 54 0 500
12 60 25 55 0 500
64 3 81 2 0 500
20 43 7 48 0 500
9 11 19 19 0 500
21 2 35 6 0 500
0 26 1 43 0 500
21 37 14 48 0 500
11 21 16 34 0 500
51 76 48 91 0 500
36 13 23 8 0 500
60 79 53 90 0 500
16 19 20 33 0 500
10 8 26 6 0 500
29 18 19 10 0 500
17 59 19 43 0 500
0 1 8 11 0 500
8 10 6 26 0 500
24 4 10 0 0 500
5 34 22 35 0 500
10 21 5 8 0 500
48 56 31 57 0 500
24 46 12 40 0 500
51 78 34 79 0 500
26 15 11 12 0 500
31 26 25 14 0 500
12 6 17 18 0 500
42 57 33 48 0 500
34 20 40 8 0 500
17 19 15 35 0 500
0 1 8 11 0 500
16 21 6 13 0 500
15 56 14 39 0 500
10 49 23 54 0 500
19 39 22 24 0 500
18 21 16 37 0 500
54 65 62 55 0 500
64 85 81 86 0 500
22 51 35 56 0 500
0 1 8 11 0 500
25 4 25 22 0 500
38 60 49 53 0 500
9 32 16 43 0 500
11 14 25 10 0 500
80 80 90 88 0 500
10 85 26 83 0 500
17 28 16 45 0 500
62 19 58 33 0 500
7 13 20 8 0 500
20 36 32 41 0 500
29 17 22 28 0 500
23 25 18 38 0 500
36 10 53 9 0 500
50 54 45 41 0 500
41 57 34 67 0 500
33 80 42 71 0 500
13 7 14 24 0 500
33 32 29 18 0 500
30 39 46 37 0 500
1 17 6 30 0 500
0 1 12 7 0 500
77 77 67 85 0 500
2 25 17 22 0 500
6 35 17 28 0 500
63 45 72 54 0 500
6 14 22 16 0 500
0 1 8 11 0 500
34 17 36 33 0 500
27 26 27 44 0 500
28 68 12 70 0 500
14 46 6 55 0 500
28 1 37 10 0 500
27 13 21 1 0 500
56 90 51 77 0 500
24 45 26 61 0 500
13 52 26 47 0 500
24 10 14 18 0 500
33 51 50 50 0 500
14 15 12 31 0 500
20 9 17 23 0 500
0 21 2 36 0 500
56 22 43 27 0 500
35 4 29 16 0 500
2 29 19 30 0 500
21 91 31 83 0 500
14 41 14 59 0 500
2 35 19 36 0 500
20 84 30 76 0 500
20 20 37 21 0 500
21 21 21 3 0 500
26 87 29 72 0 500
21 15 13 25 0 500
87 50 78 41 0 500
35 40 44 49 0 500
39 58 34 71 0 500
29 48 32 33 0 500
24 31 25 15 0 500
11 5 6 18 0 500
52 13 56 27 0 500
48 4 33 1 0 500
31 25 35 39 0 500
63 0 49 4 0 500
6 52 15 61 0 500
19 20 19 38 0 500
19 49 32 44 0 500
21 40 8 35 0 500
50 66 39 59 0 500
48 20 46 4 0 500
62 54 66 40 0 500
63 34 77 31 0 500
47 75 52 62 0 500
26 58 29 43 0 500
4 65 14 57 0 500
10 8 14 22 0 500
33 68 31 84 0 500
28 26 11 25 0 500
13 51 29 53 0 500
25 62 41 61 0 500
23 4 38 7 0 500
55 60 69 64 0 500
25 1 40 3 0 500
16 30 19 45 0 500
28 11 30 27 0 500
15 61 20 48 0 500
0 1 0 19 0 500
0 1 6 13 0 500
46 22 61 24 0 500
9 9 0 0 0 500
27 9 35 19 0 500
36 39 33 54 0 500
64 33 81 32 0 500
28 81 28 63 0 500
48 44 58 52 0 500
55 34 59 48 0 500
57 74 48 83 0 500
27 43 33 55 0 500
33 54 34 37 0 500
34 36 19 33 0 500
19 34 20 51 0 500
22 71 20 87 0 500
27 14 43 12 0 500
31 40 28 26 0 500
6 14 18 8 0 500
28 36 35 47 0 500
24 13 24 31 0 500
17 1 23 13 0 500
73 60 65 70 0 500
58 26 63 13 0 500
40 11 44 24 0 500
44 23 56 17 0 500
56 16 58 0 0 500
58 1 72 5 0 500
17 18 34 19 0 500
33 41 34 24 0 500
37 23 26 16 0 500
71 22 73 38 0 500
0 1 8 11 0 500
61 32 64 47 0 500
51 69 61 61 0 500
66 33 69 48 0 500
4 14 10 3 0 500
36 28 33 14 0 500
14 21 27 16 0 500
24 7 22 23 0 500
70 98 56 94 0 500
11 37 27 35 0 500
14 53 16 69 0 500
17 29 11 41 0 500
22 30 24 14 0 500
26 72 9 71 0 500
7 32 24 33 0 500
35 13 36 30 0 500
63 98 55 88 0 500
14 16 29 13 0 500
33 18 18 15 0 500
13 1 29 3 0 500
18 16 8 24 0 500
59 15 52 4 0 500
47 38 35 33 0 500
7 5 21 9 0 500
18 0 32 3 0 500
25 5 30 17 0 500
24 13 24 31 0 500
55 38 58 23 0 500
24 46 34 54 0 500
23 57 8 55 0 500
28 5 24 19 0 500
31 33 38 44 0 500
20 23 32 17 0 500
8 34 10 50 0 500
42 48 39 33 0 500
38 35 42 22 0 500
12 39 27 42 0 500
29 21 45 22 0 500
62 18 55 7 0 500
15 23 26 30 0 500
79 23 84 36 0 500
34 20 33 3 0 500
12 98 12 80 0 500
20 34 7 39 0 500
11 50 13 66 0 500
59 42 53 54 0 500
3 29 10 40 0 500
60 67 68 57 0 500
39 7 35 21 0 500
12 39 26 35 0 500
2 54 15 49 0 500
25 17 35 25 0 500
33 21 33 3 0 500
70 21 58 15 0 500
25 3 11 7 0 500
9 9 3 21 0 500
18 18 24 6 0 500
16 85 15 68 0 500
20 9 22 25 0 500
12 13 8 27 0 500
0 1 10 9 0 500
4 14 13 5 0 500
46 11 29 12 0 500
51 59 50 42 0 500
47 65 33 69 0 500
31 7 32 24 0 500
17 2 20 17 0 500
57 1 57 19 0 500
43 3 43 21 0 500
4 14 12 4 0 500
34 25 41 35 0 500
3 17 13 9 0 500
39 31 40 14 0 500
18 7 35 6 0 500
16 20 27 27 0 500
12 38 22 30 0 500
11 41 1 33 0 500
31 20 29 5 0 500
1 19 10 28 0 500
3 16 10 5 0 500
38 22 33 9 0 500
29 17 34 4 0 500
19 46 13 34 0 500
45 24 32 19 0 500
0 1 5 14 0 500
19 33 26 44 0 500
23 31 35 25 0 500
34 69 37 55 0 500
34 1 44 9 0 500
21 10 21 28 0 500
21 29 27 17 0 500
53 19 43 27 0 500
11 32 15 46 0 500
55 46 72 47 0 500
30 40 33 55 0 500
59 20 62 5 0 500
49 30 43 19 0 500
48 65 65 66 0 500
38 29 50 35 0 500
72 23 63 32 0 500
26 76 37 69 0 500
49 49 35 53 0 500
91 69 82 60 0 500
54 85 63 94 0 500
5 31 4 14 0 500
57 32 41 30 0 500
61 61 53 71 0 500
36 81 29 92 0 500
62 81 71 90 0 500
28 25 32 11 0 500
57 23 41 25 0 500
11 31 25 27 0 500
28 36 26 20 0 500
82 68 95 73 0 500
33 21 36 36 0 500
27 25 42 22 0 500
1 1 8 11 0 500
67 34 64 20 0 500
30 35 35 22 0 500
25 13 16 21 0 500
15 60 2 55 0 500
26 54 43 53 0 500
33 41 16 40 0 500
56 18 40 20 0 500
40 19 45 6 0 500
55 81 53 65 0 500
21 5 28 16 0 500
44 38 43 55 0 500
59 9 67 19 0 500
15 41 9 29 0 500
29 54 17 48 0 500
42 54 33 63 0 500
34 68 48 64 0 500
17 40 4 35 0 500
49 51 44 38 0 500
26 10 15 17 0 500
29 83 34 70 0 500
8 46 5 61 0 500
42 17 39 32 0 500
8 11 17 2 0 500
4 23 16 17 0 500
0 20 12 14 0 500
16 16 21 3 0 500
19 60 32 65 0 500
0 1 6 13 0 500
34 74 51 73 0 500
28 61 24 47 0 500
79 23 66 28 0 500
25 77 19 88 0 500
4 31 20 33 0 500
22 22 30 12 0 500
11 34 21 26 0 500
2 45 16 41 0 500
32 29 42 37 0 500
18 19 12 7 0 500
38 33 37 50 0 500
48 32 54 20 0 500
16 38 19 24 0 500
39 6 43 20 0 500
6 15 17 9 0 500
17 49 19 65 0 500
16 4 33 3 0 500
16 68 25 59 0 500
46 36 40 48 0 500
11 55 16 68 0 500
11 61 8 76 0 500
28 5 43 2 0 500
37 27 21 25 0 500
28 59 43 62 0 500
17 39 1 41 0 500
41 97 51 89 0 500
33 64 38 51 0 500
3 10 13 17 0 500
24 37 36 42 0 500
36 41 44 31 0 500
28 35 36 45 0 500
42 73 39 88 0 500
42 81 31 74 0 500
44 16 52 25 0 500
79 69 93 65 0 500
54 9 51 24 0 500
5 87 13 97 0 500
49 40 65 42 0 500
65 41 54 34 0 500
74 12 90 10 0 500
9 37 11 21 0 500
7 13 21 9 0 500
39 44 31 34 0 500
47 26 31 25 0 500
18 17 29 10 0 500
34 14 30 28 0 500
33 13 16 12 0 500
37 63 39 47 0 500
71 10 73 26 0 500
57 43 45 49 0 500
42 21 41 4 0 500
6 43 11 56 0 500
23 24 32 33 0 500
6 21 14 31 0 500
65 21 79 24 0 500
11 40 2 49 0 500
7 15 22 12 0 500
25 16 19 28 0 500
35 52 32 67 0 500
14 21 25 14 0 500
0 1 7 12 0 500
25 42 16 33 0 500
34 26 33 10 0 500
19 25 18 8 0 500
18 39 13 26 0 500
1 65 2 82 0 500
17 1 20 16 0 500
16 22 27 15 0 500
31 32 37 43 0 500
2 36 3 19 0 500
72 38 65 49 0 500
19 8 2 7 0 500
46 56 58 62 0 500
46 38 31 35 0 500
19 6 26 17 0 500
7 35 23 33 0 500
15 33 15 51 0 500
20 63 22 47 0 500
16 50 4 44 0 500
5 28 8 13 0 500
83 35 69 39 0 500
30 48 46 50 0 500
29 1 22 12 0 500
20 4 25 17 0 500
28 2 24 16 0 500
2 38 18 36 0 500
0 22 10 30 0 500
10 89 24 93 0 500
6 29 6 11 0 500
46 22 51 9 0 500
0 1 4 15 0 500
73 55 89 57 0 500
41 13 44 28 0 500
73 16 63 23 0 500
0 1 15 4 0 500
9 69 4 82 0 500
4 14 21 13 0 500
33 2 41 12 0 500
35 18 36 1 0 500
41 21 54 16 0 500
19 60 9 52 0 500
22 1 14 11 0 500
19 21 2 22 0 500
4 30 4 12 0 500
13 22 28 25 0 500
0 1 15 4 0 500
46 86 46 68 0 500
37 36 33 22 0 500
4 25 16 19 0 500
26 32 42 30 0 500
5 8 22 7 0 500
28 32 13 35 0 500
22 87 8 83 0 500
42 70 32 62 0 500
22 15 21 32 0 500
23 24 13 32 0 500
5 13 2 28 0 500
2 27 18 25 0 500
25 18 15 26 0 500
13 32 13 50 0 500
6 88 1 75 0 500
45 38 61 40 0 500
43 97 42 80 0 500
50 14 46 28 0 500
3 7 10 18 0 500
20 15 4 13 0 500
33 34 37 48 0 500
31 31 34 16 0 500
3 6 20 5 0 500
29 35 24 23 0 500
41 21 29 27 0 500
41 51 41 69 0 500
35 26 35 44 0 500
60 57 68 67 0 500
26 33 38 28 0 500
32 14 49 13 0 500
6 77 1 90 0 500
13 53 30 52 0 500
52 27 52 45 0 500
75 64 68 53 0 500
64 50 64 68 0 500
25 17 34 8 0 500
60 31 56 17 0 500
28 42 32 28 0 500
13 26 6 15 0 500
16 17 30 21 0 500
37 49 26 42 0 500
25 54 35 46 0 500
78 57 89 64 0 500
39 76 45 88 0 500
17 27 5 21 0 500
53 91 37 89 0 500
22 28 39 29 0 500
53 8 47 20 0 500
40 35 23 36 0 500
22 36 7 33 0 500
23 18 23 0 0 500
28 44 18 52 0 500
18 53 8 61 0 500
51 58 42 67 0 500
73 75 77 89 0 500
39 29 31 20 0 500
43 52 56 47 0 500
2 16 17 19 0 500
0 1 6 13 0 500
40 89 56 91 0 500
14 4 31 5 0 500
57 43 55 59 0 500
46 68 58 74 0 500
24 13 24 30 0 500
16 46 17 29 0 500
16 41 13 27 0 500
27 35 29 19 0 500
89 3 99 11 0 500
73 7 71 23 0 500
7 13 2 26 0 500
0 1 13 6 0 500
12 16 5 27 0 500
33 43 49 45 0 500
3 17 8 4 0 500
0 2 7 12 0 500
20 81 11 72 0 500
2 15 8 3 0 500
73 64 83 72 0 500
72 33 76 19 0 500
10 8 22 14 0 500
37 67 22 64 0 500
22 63 16 51 0 500
79 54 86 43 0 500
35 19 42 30 0 500
11 6 17 18 0 500
17 1 5 7 0 500
34 43 34 26 0 500
18 41 30 47 0 500
17 16 5 22 0 500
15 1 23 11 0 500
10 47 1 38 0 500
21 25 25 11 0 500
18 28 28 21 0 500
16 41 5 34 0 500
28 70 35 81 0 500
34 18 38 32 0 500
17 28 27 36 0 500
5 29 22 30 0 500
41 62 34 73 0 500
33 44 21 50 0 500
47 44 58 37 0 500
16 44 30 48 0 500
41 32 39 47 0 500
4 13 0 27 0 500
76 33 92 35 0 500
92 36 96 50 0 500
96 51 95 68 0 500
95 69 99 83 0 500
69 60 61 70 0 500
13 47 28 49 0 500
14 23 29 20 0 500
53 14 53 32 0 500
27 17 11 15 0 500
0 31 15 28 0 500
0 18 12 12 0 500
65 14 78 19 0 500
23 22 23 40 0 500
28 22 12 24 0 500
25 18 12 23 0 500
34 64 34 82 0 500
36 14 28 4 0 500
21 46 29 36 0 500
25 16 15 24 0 500
28 31 33 43 0 500
0 22 3 7 0 500
19 5 3 7 0 500
23 58 7 60 0 500
18 17 17 0 0 500
8 32 20 38 0 500
71 14 69 30 0 500
25 6 30 19 0 500
39 11 55 13 0 500
24 2 39 5 0 500
18 33 9 24 0 500
0 1 6 13 0 500
83 85 82 69 0 500
39 20 54 17 0 500
56 95 73 94 0 500
27 52 40 57 0 500
8 12 16 2 0 500
0 1 14 5 0 500
44 16 43 33 0 500
83 71 75 81 0 500
0 1 7 12 0 500
12 30 2 38 0 500
26 84 42 82 0 500
30 84 43 79 0 500
9 11 2 22 0 500
50 40 34 38 0 500
34 78 24 71 0 500
27 48 23 62 0 500
0 40 2 24 0 500
22 23 11 30 0 500
6 14 18 8 0 500
12 79 22 71 0 500
28 65 44 63 0 500
26 17 41 20 0 500
10 13 24 17 0 500
7 20 8 37 0 500
2 22 19 21 0 500
38 31 33 18 0 500
27 5 36 14 0 500
38 27 26 21 0 500
17 82 23 93 0 500
8 10 4 24 0 500
9 13 5 27 0 500
16 44 9 55 0 500
10 10 24 14 0 500
5 15 15 7 0 500
29 51 32 36 0 500
4 32 11 43 0 500
23 87 22 70 0 500
18 35 24 47 0 500
40 28 43 43 0 500
19 66 10 75 0 500
12 34 22 26 0 500
40 29 48 39 0 500
11 32 10 15 0 500
18 54 28 62 0 500
1 86 14 91 0 500
20 22 24 36 0 500
14 59 29 62 0 500
35 29 48 34 0 500
19 76 21 60 0 500
10 96 25 93 0 500
47 24 30 23 0 500
15 29 25 21 0 500
3 25 3 7 0 500
86 57 72 61 0 500
2 22 0 38 0 500
0 37 12 43 0 500
12 44 10 28 0 500
34 4 19 1 0 500
58 36 49 45 0 500
9 41 9 23 0 500
2 39 6 26 0 500
40 48 23 49 0 500
30 15 23 26 0 500
16 31 32 33 0 500
17 15 1 14 0 500
7 9 14 20 0 500
24 9 28 23 0 500
17 63 30 67 0 500
27 49 24 64 0 500
41 51 24 50 0 500
72 62 60 68 0 500
31 34 27 48 0 500
21 57 11 65 0 500
30 29 20 21 0 500
22 25 23 8 0 500
22 74 21 90 0 500
32 84 18 88 0 500
34 85 42 95 0 500
37 57 21 55 0 500
35 63 33 79 0 500
39 49 28 56 0 500
7 19 3 5 0 500
37 65 32 52 0 500
36 51 49 56 0 500
50 33 51 50 0 500
32 44 43 51 0 500
59 52 59 70 0 500
32 28 34 44 0 500
73 24 73 6 0 500
22 46 25 31 0 500
23 21 29 9 0 500
95 49 80 52 0 500
17 1 8 10 0 500
75 65 75 47 0 500
14 31 11 16 0 500
14 57 5 66 0 500
29 49 33 63 0 500
5 5 17 0 0 500
10 4 5 17 0 500
44 54 32 48 0 500
14 36 25 42 0 500
12 8 23 1 0 500
23 34 21 18 0 500
19 20 28 11 0 500
34 26 25 35 0 500
23 4 36 9 0 500
0 18 13 13 0 500
24 26 38 22 0 500
40 27 36 41 0 500
14 26 14 8 0 500
47 85 62 88 0 500
16 29 31 32 0 500
26 47 36 39 0 500
42 6 26 4 0 500
18 15 1 14 0 500
21 44 22 27 0 500
15 20 32 19 0 500
12 11 14 27 0 500
32 34 25 45 0 500
32 68 28 82 0 500
66 85 80 81 0 500
40 11 44 25 0 500
15 13 3 19 0 500
8 29 17 38 0 500
0 1 2 17 0 500
24 63 28 49 0 500
3 15 14 8 0 500
5 2 12 12 0 500
67 20 55 26 0 500
31 23 17 19 0 500
5 42 16 49 0 500
23 81 26 96 0 500
40 86 47 97 0 500
1 42 2 59 0 500
27 76 15 82 0 500
44 96 51 85 0 500
23 33 16 22 0 500
7 17 12 4 0 500
0 2 3 16 0 500
44 64 39 77 0 500
22 72 31 80 0 500
11 16 6 29 0 500
22 35 14 25 0 500
35 14 24 7 0 500
14 89 15 72 0 500
28 21 13 24 0 500
21 22 34 27 0 500
21 21 37 23 0 500
19 59 13 48 0 500
47 16 30 17 0 500
20 16 16 29 0 500
48 29 64 30 0 500
13 41 14 58 0 500
27 25 35 15 0 500
0 18 4 4 0 500
0 1 2 17 0 500
38 6 49 13 0 500
54 25 40 21 0 500
70 81 67 66 0 500
14 19 21 8 0 500
82 70 93 77 0 500
25 13 13 19 0 500
17 37 6 30 0 500
27 21 10 22 0 500
15 7 29 4 0 500
29 41 28 57 0 500
62 31 68 19 0 500
7 12 10 27 0 500
28 70 24 84 0 500
15 22 3 28 0 500
19 73 2 72 0 500
56 9 42 5 0 500
51 69 43 59 0 500
26 61 10 63 0 500
1 26 18 27 0 500
53 8 62 17 0 500
2 18 18 16 0 500
16 39 11 27 0 500
15 71 7 61 0 500
18 51 15 66 0 500
17 40 1 42 0 500
19 27 19 45 0 500
16 86 27 93 0 500
46 33 48 17 0 500
18 56 26 46 0 500
35 60 40 47 0 500
52 63 65 58 0 500
29 38 46 39 0 500
6 14 6 32 0 500
70 86 76 74 0 500
12 31 9 46 0 500
11 98 28 99 0 500
20 19 10 27 0 500
12 33 20 42 0 500
9 49 24 52 0 500
0 34 13 39 0 500
21 7 24 22 0 500
30 53 37 64 0 500
18 53 33 50 0 500
29 34 37 24 0 500
11 50 6 37 0 500
7 39 16 30 0 500
18 20 19 36 0 500
37 20 26 13 0 500
0 1 6 13 0 500
36 34 37 18 0 500
0 1 1 18 0 500
45 6 45 24 0 500
7 49 18 42 0 500
47 45 51 59 0 500
49 29 38 36 0 500
0 1 13 6 0 500
24 22 7 21 0 500
24 61 25 78 0 500
10 27 3 16 0 500
12 33 12 51 0 500
0 1 7 12 0 500
0 20 15 23 0 500
9 7 1 17 0 500
12 60 9 75 0 500
43 21 45 5 0 500
52 21 56 8 0 500
38 28 43 41 0 500
38 4 46 14 0 500
28 15 38 23 0 500
52 27 58 15 0 500
28 73 28 91 0 500
76 54 68 64 0 500
21 47 5 49 0 500
19 37 15 23 0 500
25 14 18 25 0 500
57 2 54 17 0 500
47 23 41 35 0 500
38 19 29 27 0 500
0 1 17 2 0 500
38 29 45 18 0 500
61 14 73 8 0 500
66 75 74 65 0 500
11 6 5 18 0 500
98 36 98 19 0 500
20 55 4 53 0 500
31 16 34 1 0 500
49 31 58 40 0 500
19 72 21 88 0 500
15 62 6 53 0 500
10 18 3 7 0 500
19 80 31 74 0 500
72 25 72 7 0 500
56 21 63 10 0 500
26 32 14 38 0 500
69 27 67 12 0 500
32 20 30 36 0 500
50 34 51 51 0 500
16 4 20 18 0 500
61 39 63 23 0 500
19 27 35 29 0 500
13 76 19 88 0 500
7 13 16 22 0 500
13 27 17 13 0 500
23 42 32 51 0 500
29 20 32 35 0 500
22 32 25 17 0 500
22 11 37 8 0 500
66 12 78 18 0 500
49 69 35 73 0 500
24 10 22 26 0 500
20 17 9 24 0 500
21 89 19 73 0 500
0 1 13 6 0 500
8 65 25 64 0 500
6 12 22 14 0 500
22 59 20 44 0 500
30 19 22 9 0 500
3 23 18 21 0 500
17 22 17 39 0 500
0 20 16 22 0 500
35 21 18 20 0 500
6 27 21 30 0 500
8 41 20 47 0 500
4 30 15 36 0 500
26 12 26 30 0 500
5 39 20 36 0 500
19 76 11 66 0 500
0 1 0 19 0 500
55 37 59 23 0 500
23 15 22 32 0 500
49 68 58 77 0 500
21 88 14 99 0 500
4 16 20 18 0 500
15 65 21 53 0 500
21 52 31 44 0 500
72 14 56 16 0 500
42 39 38 25 0 500
38 87 42 73 0 500
92 42 91 25 0 500
42 17 42 35 0 500
0 2 8 11 0 500
0 1 12 7 0 500
8 28 0 19 0 500
9 11 22 6 0 500
29 31 43 35 0 500
4 32 13 24 0 500
21 43 28 54 0 500
28 89 18 81 0 500
15 33 8 22 0 500
24 13 18 1 0 500
25 75 24 92 0 500
9 29 10 12 0 500
8 0 4 14 0 500
71 92 62 83 0 500
0 1 12 7 0 500
45 33 39 45 0 500
36 79 36 62 0 500
11 22 8 37 0 500
31 30 14 29 0 500
35 22 37 6 0 500
53 80 53 98 0 500
10 4 21 11 0 500
15 95 15 77 0 500
28 6 27 23 0 500
25 53 40 56 0 500
42 66 31 59 0 500
24 37 15 46 0 500
14 39 24 47 0 500
25 15 15 23 0 500
15 14 32 15 0 500
5 93 8 78 0 500
12 18 12 36 0 500
2 41 17 38 0 500
60 73 70 65 0 500
44 61 61 62 0 500
15 31 15 13 0 500
33 26 34 43 0 500
8 10 21 5 0 500
10 7 6 21 0 500
0 1 17 2 0 500
75 46 83 36 0 500
11 15 6 28 0 500
37 32 35 48 0 500
57 45 60 30 0 500
19 7 30 14 0 500
37 24 26 31 0 500
16 2 24 12 0 500
23 59 25 43 0 500
42 11 33 20 0 500
48 14 54 2 0 500
11 20 12 37 0 500
17 98 6 91 0 500
20 52 27 62 0 500
21 3 36 6 0 500
32 17 29 32 0 500
0 1 3 16 0 500
1 19 14 14 0 500
15 7 24 16 0 500
7 75 24 76 0 500
18 13 21 28 0 500
16 43 20 29 0 500
0 85 17 84 0 500
80 37 85 50 0 500
38 18 26 23 0 500
18 20 29 27 0 500
21 30 10 37 0 500
32 36 15 37 0 500
23 40 15 30 0 500
22 4 32 12 0 500
11 64 9 48 0 500
29 27 24 14 0 500
17 40 22 27 0 500
31 53 19 59 0 500
40 31 41 14 0 500
41 15 26 18 0 500
10 10 23 5 0 500
19 1 29 9 0 500
46 69 34 63 0 500
12 7 12 24 0 500
33 64 31 80 0 500
46 1 48 17 0 500
34 66 39 53 0 500
22 10 13 1 0 500
22 22 37 25 0 500
96 13 94 29 0 500
50 1 53 16 0 500
34 40 37 55 0 500
20 15 23 0 0 500
33 25 41 35 0 500
24 15 38 18 0 500
2 65 1 48 0 500
28 12 24 26 0 500
19 21 25 33 0 500
18 24 3 21 0 500
15 35 24 43 0 500
26 20 27 3 0 500
32 35 18 31 0 500
37 68 23 64 0 500
35 47 22 52 0 500
5 18 13 28 0 500
19 25 15 11 0 500
24 58 33 49 0 500
26 80 31 93 0 500
22 15 20 31 0 500
47 45 51 31 0 500
16 11 12 24 0 500
28 60 25 75 0 500
15 8 9 20 0 500
21 29 37 27 0 500
1 40 8 29 0 500
21 10 23 26 0 500
54 34 38 32 0 500
31 32 30 49 0 500
22 61 30 51 0 500
37 56 32 69 0 500
17 20 4 25 0 500
25 64 39 60 0 500
62 47 47 44 0 500
17 11 5 17 0 500
50 3 48 19 0 500
38 8 26 2 0 500
7 34 13 46 0 500
3 12 5 27 0 500
29 51 14 48 0 500
19 30 8 23 0 500
25 12 23 27 0 500
25 75 20 62 0 500
1 2 13 8 0 500
16 30 11 17 0 500
16 4 22 16 0 500
21 17 21 34 0 500
49 57 45 43 0 500
17 29 12 16 0 500
27 2 12 5 0 500
0 1 14 5 0 500
15 22 5 14 0 500
17 35 31 39 0 500
19 29 23 43 0 500
42 25 41 8 0 500
19 20 25 8 0 500
15 73 23 63 0 500
63 59 75 65 0 500
15 23 17 7 0 500
42 12 34 22 0 500
31 21 34 36 0 500
31 25 22 33 0 500
12 92 29 93 0 500
7 77 20 72 0 500
19 45 27 35 0 500
13 47 12 30 0 500
18 23 11 34 0 500
25 46 40 49 0 500
29 21 22 10 0 500
0 1 15 4 0 500
0 1 7 12 0 500
38 7 27 13 0 500
37 15 48 8 0 500
2 2 4 17 0 500
5 10 5 27 0 500
6 68 22 70 0 500
81 10 94 15 0 500
11 7 26 10 0 500
14 10 13 27 0 500
13 7 27 11 0 500
9 30 21 36 0 500
31 2 27 15 0 500
21 43 23 59 0 500
23 48 19 34 0 500
18 33 17 17 0 500
17 16 10 5 0 500
12 27 5 38 0 500
16 18 12 32 0 500
35 9 46 16 0 500
26 34 26 52 0 500
16 22 9 11 0 500
24 37 33 46 0 500
3 4 1 20 0 500
44 47 53 38 0 500
49 38 40 47 0 500
71 15 64 4 0 500
7 4 24 3 0 500
7 28 9 44 0 500
23 64 30 75 0 500
20 1 25 14 0 500
19 84 7 78 0 500
17 28 12 41 0 500
91 34 81 27 0 500
35 69 52 68 0 500
19 19 26 30 0 500
12 14 12 32 0 500
33 78 20 83 0 500
73 11 69 24 0 500
16 27 27 20 0 500
4 1 20 3 0 500
2 65 5 80 0 500
5 79 11 67 0 500
33 2 45 8 0 500
58 76 55 90 0 500
15 9 6 0 0 500
0 19 5 6 0 500
81 50 71 58 0 500
10 41 8 57 0 500
58 43 67 34 0 500
22 15 6 13 0 500
18 9 5 14 0 500
48 15 36 21 0 500
19 10 25 21 0 500
37 6 31 18 0 500
5 28 12 17 0 500
50 64 56 52 0 500
39 40 36 25 0 500
48 11 41 21 0 500
90 14 90 32 0 500
18 25 1 24 0 500
56 62 59 47 0 500
65 96 67 80 0 500
30 49 32 33 0 500
40 11 54 8 0 500
49 27 50 44 0 500
61 7 50 0 0 500
31 19 34 4 0 500
0 1 13 6 0 500
44 1 58 5 0 500
29 3 40 10 0 500
50 43 44 55 0 500
13 37 6 26 0 500
55 74 72 75 0 500
39 13 39 31 0 500
0 1 3 16 0 500
23 35 12 28 0 500
19 34 16 49 0 500
53 18 40 23 0 500
27 24 24 9 0 500
13 31 9 17 0 500
51 8 34 9 0 500
31 39 27 53 0 500
17 19 2 16 0 500
10 12 2 22 0 500
16 18 5 25 0 500
17 79 2 82 0 500
45 48 29 50 0 500
10 32 17 43 0 500
55 6 56 22 0 500
60 54 69 46 0 500
40 18 34 30 0 500
67 89 58 98 0 500
18 44 2 42 0 500
11 12 25 8 0 500
50 28 38 34 0 500
33 36 26 25 0 500
50 17 50 35 0 500
7 73 8 56 0 500
22 52 24 36 0 500
28 11 21 0 0 500
48 2 44 16 0 500
21 46 34 41 0 500
98 30 94 16 0 500
18 10 27 19 0 500
37 42 53 44 0 500
11 26 16 39 0 500
55 29 39 28 0 500
62 72 51 65 0 500
10 32 25 35 0 500
31 55 45 59 0 500
17 24 29 30 0 500
7 52 20 57 0 500
20 17 15 30 0 500
44 20 37 31 0 500
25 50 37 56 0 500
20 35 22 51 0 500
24 27 10 23 0 500
9 8 1 18 0 500
10 32 10 50 0 500
12 57 23 50 0 500
14 38 31 37 0 500
14 57 15 74 0 500
0 1 15 4 0 500
25 18 9 16 0 500
0 1 7 12 0 500
12 6 28 4 0 500
22 10 32 18 0 500
37 8 44 19 0 500
26 12 29 27 0 500
37 30 39 46 0 500
7 13 21 9 0 500
90 31 73 30 0 500
9 21 24 24 0 500
23 14 35 8 0 500
21 20 24 35 0 500
25 4 41 6 0 500
22 51 9 46 0 500
64 69 76 75 0 500
59 24 72 19 0 500
73 17 64 8 0 500
0 1 3 16 0 500
26 48 15 55 0 500
15 39 30 36 0 500
15 5 16 22 0 500
26 13 9 12 0 500
23 87 36 92 0 500
11 67 1 59 0 500
59 14 46 9 0 500
0 1 13 6 0 500
0 1 10 9 0 500
14 84 28 88 0 500
30 5 18 10 0 500
34 39 49 42 0 500
16 34 33 35 0 500
25 15 19 27 0 500
24 42 16 52 0 500
67 42 61 54 0 500
10 27 22 33 0 500
33 19 44 12 0 500
0 1 14 5 0 500
43 24 30 29 0 500
14 34 5 43 0 500
29 61 25 47 0 500
17 32 9 22 0 500
7 16 16 7 0 500
29 85 22 74 0 500
5 64 17 58 0 500
36 28 29 17 0 500
16 31 16 49 0 500
25 44 10 47 0 500
41 94 42 77 0 500
95 75 80 73 0 500
28 24 27 41 0 500
22 14 35 9 0 500
4 17 13 8 0 500
11 7 13 23 0 500
37 24 37 42 0 500
53 31 69 29 0 500
15 28 0 25 0 500
1 36 10 28 0 500
24 30 38 26 0 500
32 29 23 38 0 500
12 92 6 80 0 500
16 10 16 28 0 500
27 43 26 60 0 500
35 21 34 38 0 500
26 19 23 34 0 500
45 5 35 13 0 500
12 22 11 39 0 500
13 4 9 17 0 500
24 28 27 13 0 500
14 4 8 16 0 500
13 31 1 37 0 500
13 96 18 83 0 500
11 28 23 34 0 500
6 13 21 11 0 500
37 16 25 22 0 500
18 29 4 26 0 500
41 39 58 40 0 500
69 37 59 44 0 500
12 40 25 35 0 500
13 26 18 13 0 500
26 14 26 31 0 500
26 17 30 3 0 500
12 0 12 17 0 500
80 51 75 64 0 500
28 21 29 38 0 500
67 76 60 87 0 500
24 11 18 23 0 500
68 31 61 20 0 500
2 10 13 3 0 500
41 41 25 39 0 500
0 1 3 16 0 500
28 50 31 35 0 500
1 16 9 6 0 500
27 20 36 29 0 500
20 79 3 80 0 500
74 76 85 82 0 500
12 34 28 32 0 500
19 18 21 2 0 500
48 42 46 58 0 500
68 18 60 28 0 500
27 8 27 26 0 500
5 15 21 17 0 500
7 17 18 24 0 500
28 57 37 66 0 500
0 1 10 9 0 500
24 93 16 83 0 500
17 6 29 0 0 500
18 14 13 27 0 500
20 25 13 36 0 500
3 45 17 49 0 500
22 61 11 68 0 500
32 30 18 34 0 500
18 35 20 19 0 500
19 43 33 47 0 500
31 82 19 88 0 500
19 0 31 6 0 500
21 27 9 33 0 500
16 18 12 32 0 500
49 28 42 39 0 500
40 48 24 50 0 500
8 56 22 60 0 500
0 1 0 19 0 500
80 23 80 6 0 500
9 23 26 22 0 500
4 31 19 34 0 500
34 14 31 29 0 500
54 33 49 20 0 500
20 18 33 23 0 500
18 22 5 17 0 500
15 22 15 4 0 500
55 38 57 22 0 500
54 28 42 34 0 500
21 3 37 5 0 500
29 4 34 17 0 500
0 2 16 3 0 500
30 13 17 17 0 500
84 40 82 24 0 500
42 33 32 41 0 500
58 12 54 26 0 500
65 26 80 23 0 500
13 16 21 6 0 500
7 36 19 42 0 500
19 33 24 46 0 500
21 32 15 20 0 500
47 94 57 86 0 500
9 99 0 90 0 500
48 85 59 79 0 500
37 60 45 70 0 500
47 56 31 54 0 500
9 21 24 24 0 500
13 6 4 15 0 500
35 78 39 91 0 500
0 1 5 14 0 500
0 20 5 33 0 500
62 62 72 54 0 500
10 91 10 73 0 500
20 29 29 38 0 500
33 52 32 36 0 500
32 35 32 53 0 500
37 17 22 14 0 500
20 20 24 34 0 500
40 58 25 55 0 500
33 8 28 21 0 500
57 27 57 45 0 500
34 29 47 24 0 500
43 20 44 37 0 500
63 12 57 0 0 500
23 39 20 24 0 500
37 27 48 34 0 500
19 57 17 41 0 500
88 64 98 56 0 500
37 32 30 43 0 500
5 21 11 33 0 500
15 5 4 12 0 500
12 14 4 24 0 500
18 46 29 52 0 500
78 37 89 30 0 500
0 1 5 14 0 500
20 82 12 72 0 500
0 1 4 15 0 500
30 2 24 13 0 500
10 42 26 44 0 500
1 36 1 18 0 500
10 28 17 17 0 500
43 7 57 3 0 500
21 20 32 14 0 500
20 63 20 81 0 500
9 13 15 1 0 500
0 1 0 19 0 500
24 20 20 6 0 500
9 22 20 15 0 500
6 31 20 35 0 500
15 47 1 43 0 500
43 26 43 44 0 500
29 50 36 40 0 500
51 3 53 18 0 500
57 13 59 28 0 500
27 55 32 67 0 500
35 7 24 14 0 500
34 21 19 18 0 500
45 11 56 4 0 500
43 58 39 44 0 500
5 15 7 31 0 500
12 16 6 28 0 500
4 87 9 74 0 500
13 37 20 26 0 500
48 14 61 9 0 500
25 60 26 77 0 500
55 40 66 33 0 500
31 40 42 33 0 500
42 94 49 83 0 500
43 57 41 42 0 500
21 42 17 29 0 500
28 27 17 34 0 500
5 11 22 10 0 500
27 46 22 34 0 500
22 16 28 28 0 500
0 1 1 18 0 500
46 5 53 16 0 500
27 79 32 66 0 500
34 29 32 45 0 500
33 51 35 36 0 500
66 56 79 61 0 500
58 5 73 2 0 500
55 8 44 1 0 500
84 44 94 52 0 500
89 72 73 74 0 500
0 1 15 4 0 500
15 5 17 21 0 500
21 18 24 3 0 500
9 25 12 10 0 500
24 32 32 22 0 500
21 31 37 33 0 500
6 25 18 19 0 500
50 14 59 23 0 500
17 71 29 65 0 500
15 61 13 77 0 500
75 42 63 36 0 500
13 73 9 87 0 500
59 43 45 47 0 500
18 36 25 47 0 500
55 73 46 65 0 500
70 69 78 59 0 500
24 25 29 38 0 500
26 52 10 54 0 500
39 54 48 45 0 500
17 12 16 29 0 500
28 50 12 52 0 500
24 21 16 11 0 500
58 53 68 61 0 500
16 40 22 28 0 500
33 43 42 34 0 500
0 1 4 15 0 500
16 22 13 7 0 500
13 30 4 38 0 500
30 18 44 14 0 500
31 36 25 47 0 500
22 6 15 17 0 500
20 88 36 86 0 500
0 35 1 18 0 500
29 6 39 14 0 500
20 29 34 33 0 500
10 38 7 23 0 500
18 18 35 19 0 500
38 46 43 59 0 500
46 18 37 9 0 500
12 6 27 9 0 500
37 85 49 79 0 500
29 46 25 32 0 500
21 17 16 4 0 500
31 14 31 32 0 500
24 31 12 37 0 500
9 15 12 30 0 500
71 26 62 35 0 500
0 1 5 14 0 500
25 40 34 49 0 500
51 72 53 88 0 500
0 1 17 0 0 500
17 1 34 0 0 500
59 99 71 93 0 500
83 42 95 48 0 500
8 12 19 19 0 500
14 16 9 29 0 500
14 92 30 94 0 500
25 24 37 30 0 500
15 64 32 63 0 500
28 50 22 62 0 500
55 26 39 28 0 500
39 29 38 46 0 500
15 8 13 24 0 500
18 48 2 46 0 500
43 11 50 22 0 500
32 18 34 3 0 500
12 17 12 35 0 500
85 53 73 59 0 500
34 3 33 20 0 500
38 59 21 60 0 500
51 52 58 63 0 500
14 23 21 12 0 500
27 24 20 35 0 500
12 24 27 21 0 500
1 6 8 16 0 500
35 63 25 71 0 500
12 8 4 18 0 500
49 78 49 60 0 500
45 71 45 53 0 500
17 20 14 35 0 500
16 41 33 42 0 500
0 1 15 4 0 500
83 97 67 99 0 500
20 73 16 59 0 500
1 12 18 13 0 500
47 60 63 62 0 500
21 27 30 36 0 500
10 48 24 44 0 500
68 26 59 35 0 500
15 25 2 30 0 500
18 45 30 39 0 500
75 14 92 13 0 500
2 29 2 47 0 500
16 52 33 53 0 500
67 33 55 39 0 500
47 19 50 33 0 500
31 27 17 23 0 500
6 27 2 13 0 500
14 10 4 18 0 500
11 7 8 22 0 500
6 15 20 19 0 500
0 24 4 10 0 500
20 47 15 60 0 500
61 50 61 32 0 500
0 1 0 19 0 500
4 8 10 19 0 500
0 1 9 10 0 500
31 81 16 84 0 500
52 87 48 74 0 500
80 53 80 71 0 500
48 23 39 14 0 500
2 10 10 20 0 500
54 25 62 35 0 500
19 5 30 12 0 500
39 9 56 8 0 500
15 7 27 13 0 500
30 21 28 5 0 500
70 81 70 99 0 500
42 44 55 39 0 500
7 9 0 20 0 500
26 59 43 58 0 500
0 4 6 16 0 500
1 21 18 20 0 500
53 13 43 21 0 500
28 1 35 12 0 500
30 12 31 28 0 500
32 68 16 66 0 500
17 4 23 16 0 500
4 43 10 31 0 500
26 49 9 50 0 500
10 27 22 21 0 500
9 86 6 71 0 500
25 32 21 18 0 500
14 13 15 30 0 500
23 2 21 18 0 500
9 40 9 57 0 500
24 48 34 56 0 500
33 76 44 83 0 500
21 37 23 53 0 500
4 13 4 31 0 500
20 81 34 77 0 500
39 36 22 37 0 500
19 19 18 2 0 500
8 21 17 30 0 500
31 73 35 87 0 500
18 6 30 12 0 500
42 81 56 77 0 500
33 67 24 76 0 500
10 22 16 34 0 500
24 45 40 43 0 500
20 17 5 14 0 500
8 12 4 26 0 500
37 51 27 59 0 500
50 97 53 82 0 500
25 61 38 56 0 500
13 7 15 23 0 500
21 21 18 7 0 500
17 62 25 52 0 500
14 47 16 31 0 500
4 32 10 20 0 500
57 64 63 75 0 500
15 31 27 37 0 500
6 4 12 15 0 500
27 43 25 59 0 500
28 23 12 25 0 500
16 41 0 43 0 500
10 24 10 7 0 500
34 21 23 14 0 500
37 32 32 19 0 500
0 1 6 13 0 500
29 54 33 68 0 500
53 39 58 26 0 500
34 42 31 57 0 500
12 11 13 28 0 500
93 59 79 55 0 500
16 40 23 29 0 500
24 7 7 6 0 500
13 49 19 37 0 500
26 64 39 59 0 500
30 11 40 19 0 500
36 22 42 11 0 500
7 17 21 13 0 500
18 28 2 30 0 500
18 24 17 41 0 500
0 1 7 12 0 500
15 18 31 20 0 500
37 10 33 24 0 500
10 28 16 17 0 500
45 32 52 43 0 500
0 1 4 15 0 500
52 26 54 10 0 500
50 76 47 61 0 500
7 18 20 22 0 500
39 24 39 6 0 500
18 49 8 41 0 500
17 29 3 25 0 500
0 1 2 17 0 500
54 46 65 39 0 500
25 42 19 54 0 500
30 9 28 25 0 500
13 60 30 59 0 500
53 57 39 54 0 500
17 23 29 29 0 500
59 58 54 71 0 500
29 26 15 30 0 500
2 8 13 1 0 500
16 55 5 62 0 500
44 89 50 78 0 500
17 54 0 53 0 500
12 6 29 7 0 500
45 1 58 6 0 500
74 34 62 28 0 500
5 9 4 26 0 500
10 64 17 75 0 500
24 22 18 34 0 500
11 22 14 7 0 500
28 22 31 37 0 500
9 16 9 34 0 500
9 78 6 63 0 500
2 3 11 12 0 500
41 84 33 74 0 500
33 75 38 62 0 500
6 21 22 23 0 500
52 60 55 45 0 500
35 25 30 38 0 500
13 20 8 33 0 500
42 36 57 39 0 500
31 29 43 35 0 500
26 40 25 23 0 500
45 19 45 1 0 500
44 80 53 89 0 500
16 42 4 48 0 500
60 57 59 40 0 500
34 22 43 13 0 500
19 3 25 15 0 500
18 25 25 14 0 500
42 66 35 77 0 500
0 1 0 19 0 500
23 28 30 39 0 500
4 14 16 20 0 500
16 18 4 12 0 500
23 15 17 3 0 500
20 69 6 65 0 500
26 32 39 37 0 500
51 16 41 8 0 500
16 1 1 3 0 500
57 87 51 75 0 500
51 74 57 86 0 500
57 85 46 78 0 500
56 15 72 17 0 500
18 18 2 20 0 500
11 7 14 22 0 500
82 46 84 30 0 500
3 24 2 7 0 500
0 20 7 31 0 500
49 39 48 22 0 500
13 10 7 22 0 500
68 18 69 1 0 500
69 0 83 4 0 500
37 63 52 61 0 500
56 53 55 70 0 500
89 14 74 11 0 500
89 68 90 85 0 500
1 22 3 6 0 500
9 15 22 10 0 500
94 28 94 46 0 500
25 46 11 42 0 500
81 53 74 42 0 500
25 33 27 49 0 500
46 79 53 90 0 500
19 22 19 40 0 500
17 49 21 35 0 500
61 97 70 88 0 500
45 34 31 30 0 500
30 14 25 2 0 500
3 86 10 97 0 500
40 25 32 15 0 500
41 36 49 46 0 500
42 63 43 46 0 500
16 53 15 36 0 500
14 6 5 15 0 500
5 16 17 22 0 500
12 25 21 16 0 500
58 39 51 50 0 500
6 25 15 16 0 500
25 31 31 43 0 500
39 27 29 19 0 500
31 6 18 11 0 500
47 59 34 54 0 500
14 20 6 11 0 500
17 1 3 5 0 500
8 17 17 26 0 500
25 14 30 1 0 500
14 43 23 52 0 500
24 51 27 36 0 500
40 49 33 60 0 500
47 2 64 3 0 500
39 61 29 53 0 500
66 45 53 40 0 500
1 1 15 4 0 500
5 54 2 39 0 500
17 20 13 34 0 500
0 1 5 14 0 500
20 21 32 15 0 500
21 12 21 30 0 500
38 53 38 36 0 500
10 28 16 40 0 500
8 12 13 25 0 500
38 67 37 84 0 500
14 44 12 28 0 500
29 95 42 91 0 500
40 15 56 17 0 500
6 19 17 12 0 500
21 38 29 48 0 500
29 86 27 70 0 500
9 30 16 41 0 500
10 67 26 65 0 500
83 52 79 38 0 500
8 54 3 66 0 500
69 47 80 54 0 500
18 66 4 62 0 500
1 5 11 13 0 500
44 14 35 5 0 500
18 10 28 2 0 500
57 15 58 31 0 500
57 40 64 51 0 500
14 4 15 21 0 500
21 18 31 26 0 500
49 44 32 43 0 500
10 41 14 55 0 500
1 32 3 16 0 500
41 24 30 17 0 500
22 64 38 66 0 500
21 11 8 7 0 500
37 11 50 16 0 500
0 1 15 4 0 500
26 24 21 11 0 500
28 39 28 57 0 500
24 90 18 78 0 500
26 13 39 17 0 500
9 76 23 80 0 500
50 33 60 25 0 500
25 17 8 16 0 500
21 33 36 36 0 500
73 27 79 39 0 500
33 9 30 24 0 500
28 98 11 97 0 500
32 43 20 37 0 500
22 20 31 11 0 500
48 61 57 53 0 500
45 2 62 1 0 500
29 43 14 40 0 500
27 25 36 34 0 500
27 16 44 15 0 500
5 64 17 70 0 500
50 6 44 17 0 500
2 18 2 36 0 500
9 58 3 46 0 500
44 91 47 76 0 500
43 26 52 17 0 500
34 7 24 15 0 500
27 14 19 4 0 500
2 69 12 61 0 500
35 80 23 86 0 500
26 16 26 34 0 500
56 48 43 53 0 500
28 61 29 78 0 500
56 48 72 46 0 500
24 51 36 45 0 500
73 61 61 67 0 500
62 66 72 73 0 500
21 10 28 21 0 500
68 86 72 73 0 500
22 26 15 15 0 500
0 1 8 11 0 500
47 91 49 75 0 500
28 95 12 97 0 500
16 55 31 52 0 500
6 4 1 17 0 500
15 39 28 34 0 500
29 31 26 46 0 500
22 58 18 44 0 500
16 43 21 56 0 500
16 67 13 52 0 500
35 72 29 84 0 500
19 20 25 32 0 500
2 73 13 66 0 500
26 30 29 45 0 500
24 45 39 43 0 500
12 71 28 73 0 500
39 63 47 54 0 500
39 78 55 80 0 500
80 46 92 40 0 500
53 66 46 55 0 500
28 7 14 11 0 500
43 61 38 48 0 500
40 50 28 44 0 500
90 59 75 62 0 500
23 15 35 9 0 500
94 57 94 75 0 500
47 55 30 54 0 500
2 6 5 21 0 500
36 28 31 40 0 500
18 79 32 83 0 500
19 26 19 44 0 500
12 45 11 62 0 500
7 11 22 14 0 500
0 1 4 15 0 500
39 60 50 67 0 500
73 22 66 11 0 500
25 79 28 64 0 500
5 26 1 40 0 500
23 41 27 55 0 500
12 23 8 9 0 500
38 55 34 69 0 500
33 13 23 5 0 500
8 77 23 80 0 500
63 29 50 25 0 500
93 76 82 69 0 500
5 17 21 15 0 500
31 48 38 59 0 500
57 38 50 49 0 500
49 54 49 36 0 500
30 20 24 32 0 500
45 12 52 23 0 500
3 18 10 29 0 500
18 40 29 47 0 500
0 1 11 8 0 500
10 6 15 19 0 500
28 40 43 37 0 500
57 41 59 57 0 500
44 27 42 43 0 500
41 41 26 38 0 500
20 21 14 32 0 500
9 21 1 11 0 500
25 13 36 6 0 500
25 59 28 74 0 500
28 75 28 93 0 500
9 39 5 53 0 500
37 26 31 38 0 500
29 14 40 7 0 500
47 98 49 82 0 500
5 73 9 87 0 500
0 1 4 15 0 500
20 21 37 22 0 500
25 72 34 63 0 500
25 14 9 12 0 500
82 25 90 15 0 500
0 68 0 86 0 500
40 37 31 28 0 500
36 42 41 55 0 500
21 14 36 11 0 500
26 11 19 0 0 500
29 36 36 26 0 500
17 35 25 45 0 500
40 57 33 68 0 500
3 20 12 29 0 500
2 48 6 34 0 500
2 39 9 28 0 500
23 18 26 3 0 500
6 14 17 7 0 500
8 3 7 20 0 500
38 65 38 47 0 500
40 55 46 67 0 500
72 59 59 63 0 500
6 55 22 57 0 500
18 19 10 9 0 500
23 56 28 43 0 500
37 31 54 32 0 500
56 13 44 19 0 500
36 31 22 27 0 500
3 17 18 20 0 500
46 60 48 44 0 500
11 29 23 23 0 500
11 9 13 25 0 500
26 17 30 3 0 500
11 35 15 21 0 500
6 3 19 8 0 500
14 58 26 52 0 500
98 81 98 98 0 500
18 34 12 46 0 500
31 21 15 23 0 500
42 25 42 43 0 500
51 23 49 39 0 500
20 23 19 39 0 500
29 8 21 18 0 500
7 54 1 65 0 500
40 21 50 13 0 500
11 38 25 42 0 500
40 51 56 53 0 500
66 15 67 32 0 500
51 10 39 16 0 500
12 5 28 6 0 500
38 14 37 30 0 500
30 35 26 21 0 500
39 4 28 10 0 500
12 6 25 11 0 500
27 12 29 28 0 500
47 37 36 43 0 500
29 78 20 87 0 500
41 30 25 32 0 500
21 24 31 32 0 500
45 16 58 20 0 500
40 26 49 34 0 500
49 12 61 18 0 500
4 67 13 59 0 500
34 52 29 39 0 500
19 43 7 49 0 500
22 29 37 26 0 500
78 63 70 53 0 500
65 58 76 51 0 500
8 9 15 20 0 500
78 58 94 56 0 500
14 51 6 42 0 500
29 6 23 18 0 500
10 73 20 81 0 500
30 54 30 36 0 500
24 3 16 13 0 500
77 32 82 45 0 500
4 18 13 9 0 500
20 34 6 30 0 500
96 96 84 90 0 500
84 91 87 76 0 500
1 18 9 8 0 500
72 58 73 75 0 500
30 13 21 22 0 500
80 57 94 53 0 500
13 12 1 6 0 500
37 18 23 22 0 500
19 1 19 19 0 500
15 25 27 31 0 500
22 6 37 9 0 500
74 64 57 63 0 500
25 30 25 12 0 500
21 31 7 35 0 500
18 21 24 9 0 500
47 75 54 86 0 500
26 23 21 10 0 500
26 45 26 27 0 500
29 26 28 43 0 500
14 14 3 21 0 500
25 42 34 51 0 500
31 55 34 70 0 500
36 22 51 24 0 500
0 1 1 18 0 500
22 40 16 28 0 500
20 40 14 52 0 500
11 12 15 26 0 500
24 24 37 19 0 500
7 13 18 20 0 500
0 1 4 15 0 500
6 15 18 9 0 500
13 27 14 44 0 500
36 5 50 2 0 500
41 5 49 15 0 500
22 36 5 37 0 500
57 40 57 22 0 500
0 1 11 8 0 500
57 12 74 13 0 500
2 15 16 19 0 500
27 16 40 11 0 500
50 36 64 40 0 500
26 59 39 64 0 500
17 76 29 82 0 500
15 16 27 22 0 500
43 16 32 23 0 500
19 35 19 53 0 500
13 51 20 62 0 500
49 81 64 84 0 500
2 2 19 3 0 500
29 18 26 33 0 500
61 17 44 18 0 500
14 8 23 17 0 500
90 42 78 36 0 500
37 19 49 25 0 500
10 17 10 35 0 500
6 14 6 32 0 500
14 14 14 32 0 500
18 10 14 24 0 500
23 14 23 32 0 500
25 37 15 45 0 500
0 2 13 6 0 500
4 17 16 11 0 500
22 71 10 65 0 500
0 1 12 7 0 500
37 11 42 24 0 500
35 23 36 6 0 500
60 8 51 17 0 500
17 33 5 39 0 500
12 23 14 39 0 500
44 84 44 66 0 500
65 26 68 41 0 500
19 1 4 4 0 500
2 23 11 32 0 500
24 93 24 75 0 500
51 49 66 46 0 500
0 1 6 13 0 500
73 41 79 53 0 500
95 59 89 47 0 500
33 10 48 13 0 500
20 34 16 20 0 500
44 61 44 79 0 500
83 22 90 33 0 500
42 7 39 22 0 500
31 59 40 50 0 500
30 13 39 5 0 500
16 85 23 96 0 500
18 15 18 33 0 500
49 5 59 13 0 500
32 98 26 86 0 500
35 10 27 0 0 500
23 82 29 94 0 500
89 36 72 37 0 500
29 63 15 67 0 500
18 10 17 27 0 500
54 21 43 28 0 500
19 60 6 55 0 500
57 17 51 28 0 500
8 60 19 67 0 500
21 59 29 49 0 500
42 39 41 56 0 500
29 77 18 84 0 500
19 87 29 95 0 500
46 13 42 27 0 500
33 20 33 37 0 500
16 21 2 17 0 500
15 35 16 18 0 500
0 1 3 16 0 500
16 69 20 83 0 500
51 50 46 37 0 500
44 83 52 93 0 500
25 6 39 10 0 500
87 24 90 39 0 500
32 67 47 64 0 500
6 20 20 16 0 500
0 7 0 25 0 500
28 24 33 37 0 500
27 22 23 8 0 500
22 13 30 23 0 500
6 48 14 58 0 500
30 35 20 27 0 500
32 16 23 7 0 500
51 88 35 86 0 500
21 17 29 7 0 500
63 9 65 25 0 500
58 63 42 62 0 500
89 75 76 70 0 500
77 83 77 66 0 500
77 67 85 77 0 500
2 21 7 8 0 500
1 1 6 13 0 500
64 31 80 33 0 500
19 16 7 10 0 500
1 63 7 74 0 500
33 5 45 11 0 500
8 26 19 32 0 500
28 38 22 26 0 500
30 2 46 0 0 500
37 49 51 45 0 500
31 9 42 16 0 500
43 26 56 21 0 500
20 86 20 68 0 500
87 66 83 80 0 500
36 7 24 13 0 500
26 75 15 82 0 500
20 15 34 19 0 500
36 64 49 68 0 500
43 22 57 26 0 500
96 81 86 74 0 500
6 15 4 31 0 500
86 82 70 80 0 500
0 1 14 5 0 500
0 1 16 3 0 500
6 81 14 91 0 500
11 73 8 88 0 500
35 30 24 23 0 500
40 47 28 41 0 500
37 44 29 34 0 500
11 37 10 53 0 500
37 23 37 41 0 500
16 56 30 53 0 500
27 88 36 97 0 500
13 33 3 25 0 500
28 11 16 5 0 500
64 48 66 32 0 500
27 12 19 22 0 500
33 19 18 16 0 500
14 96 6 87 0 500
25 27 25 45 0 500
37 79 41 93 0 500
9 28 13 42 0 500
26 25 36 32 0 500
1 10 18 9 0 500
96 55 90 43 0 500
18 9 16 25 0 500
13 5 8 18 0 500
21 35 7 38 0 500
31 27 30 43 0 500
12 42 29 41 0 500
58 16 53 29 0 500
30 50 37 61 0 500
2 16 8 28 0 500
24 33 20 47 0 500
26 30 11 33 0 500
29 28 16 23 0 500
38 24 43 37 0 500
11 27 26 24 0 500
11 7 26 4 0 500
2 35 2 53 0 500
36 8 31 21 0 500
23 31 23 14 0 500
15 69 2 64 0 500
35 8 28 19 0 500
66 27 60 39 0 500
37 49 47 57 0 500
35 22 48 27 0 500
18 35 27 26 0 500
22 17 22 35 0 500
5 62 8 77 0 500
45 41 41 27 0 500
41 28 49 18 0 500
49 17 35 13 0 500
18 83 11 94 0 500
30 28 27 43 0 500
64 29 72 39 0 500
23 37 18 24 0 500
14 14 31 15 0 500
63 28 63 46 0 500
50 56 58 66 0 500
10 37 18 47 0 500
9 11 4 24 0 500
54 8 54 26 0 500
11 98 4 87 0 500
20 49 12 59 0 500
14 55 5 63 0 500
36 9 51 12 0 500
27 23 37 31 0 500
46 1 39 12 0 500
17 31 21 45 0 500
53 7 40 3 0 500
36 24 49 29 0 500
15 33 27 28 0 500
5 41 18 46 0 500
4 85 16 79 0 500
21 44 30 52 0 500
0 1 9 10 0 500
13 57 2 64 0 500
59 35 69 43 0 500
24 44 36 50 0 500
53 30 36 29 0 500
1 42 18 43 0 500
34 37 34 55 0 500
64 44 60 58 0 500
19 89 20 72 0 500
18 21 19 37 0 500
41 32 41 50 0 500
11 41 2 50 0 500
40 36 39 19 0 500
16 5 29 0 0 500
17 30 3 34 0 500
89 28 84 41 0 500
15 84 7 74 0 500
67 86 58 95 0 500
26 51 13 56 0 500
12 67 22 59 0 500
17 55 15 71 0 500
70 36 73 21 0 500
7 67 19 61 0 500
36 5 38 21 0 500
42 9 43 26 0 500
18 13 32 9 0 500
85 59 97 53 0 500
92 20 89 35 0 500
1 1 17 2 0 500
33 17 38 30 0 500
68 61 55 66 0 500
23 41 30 30 0 500
21 6 4 7 0 500
4 5 14 12 0 500
13 11 0 7 0 500
33 31 42 22 0 500
5 15 8 30 0 500
17 11 13 25 0 500
21 50 6 47 0 500
40 1 28 6 0 500
7 30 21 27 0 500
25 73 25 91 0 500
69 32 57 38 0 500
13 44 28 41 0 500
25 27 34 36 0 500
26 28 13 33 0 500
72 6 73 23 0 500
26 26 34 36 0 500
38 17 49 24 0 500
34 32 35 15 0 500
1 41 18 42 0 500
27 86 33 74 0 500
9 9 11 25 0 500
30 16 20 8 0 500
77 69 66 76 0 500
2 46 11 37 0 500
13 34 4 43 0 500
10 47 23 42 0 500
90 64 98 74 0 500
10 11 4 23 0 500
0 1 17 0 0 500
67 20 60 9 0 500
18 6 14 20 0 500
22 70 13 61 0 500
32 24 42 16 0 500
8 51 8 33 0 500
36 42 51 39 0 500
33 4 42 13 0 500
42 14 34 24 0 500
26 43 25 60 0 500
34 8 42 18 0 500
2 18 4 2 0 500
0 1 0 19 0 500
43 19 31 13 0 500
3 82 17 86 0 500
90 40 95 53 0 500
31 94 48 95 0 500
4 25 4 7 0 500
30 18 18 12 0 500
16 38 4 44 0 500
13 9 12 26 0 500
33 47 28 60 0 500
0 18 11 11 0 500
8 29 17 38 0 500
9 5 26 4 0 500
27 19 38 12 0 500
9 37 19 45 0 500
1 38 9 28 0 500
27 78 13 74 0 500
41 13 36 26 0 500
76 74 64 68 0 500
51 54 50 37 0 500
0 52 10 60 0 500
17 12 21 26 0 500
0 1 17 0 0 500
4 12 14 4 0 500
15 69 5 61 0 500
57 18 68 25 0 500
48 65 63 68 0 500
29 39 46 38 0 500
34 9 22 3 0 500
29 47 42 42 0 500
12 51 5 62 0 500
48 72 37 78 0 500
10 10 19 19 0 500
18 45 19 62 0 500
64 4 60 18 0 500
11 26 26 23 0 500
48 66 35 61 0 500
85 76 86 93 0 500
16 38 27 45 0 500
25 18 42 19 0 500
59 10 71 16 0 500
9 11 24 8 0 500
36 0 20 2 0 500
10 20 19 29 0 500
39 9 43 23 0 500
2 18 18 20 0 500
32 22 41 31 0 500
79 60 79 42 0 500
22 31 5 32 0 500
5 65 8 80 0 500
50 48 65 45 0 500
84 46 84 28 0 500
81 26 96 29 0 500
13 24 30 23 0 500
63 33 70 22 0 500
70 83 71 66 0 500
36 40 26 32 0 500
50 28 42 38 0 500
17 10 27 18 0 500
54 72 59 59 0 500
36 44 34 28 0 500
4 3 5 20 0 500
1 19 1 1 0 500
42 46 47 59 0 500
15 24 10 37 0 500
33 27 29 13 0 500
34 10 35 27 0 500
2 62 14 68 0 500
88 33 72 35 0 500
1 30 1 12 0 500
11 18 5 7 0 500
12 24 5 35 0 500
9 46 18 55 0 500
57 16 65 25 0 500
26 40 36 48 0 500
53 15 39 19 0 500
14 60 1 65 0 500
29 33 46 32 0 500
8 34 11 49 0 500
22 5 32 13 0 500
67 67 68 84 0 500
24 8 41 9 0 500
11 14 19 24 0 500
0 1 16 3 0 500
72 34 57 37 0 500
69 63 83 67 0 500
5 8 19 4 0 500
17 41 1 43 0 500
36 39 28 49 0 500
53 86 70 85 0 500
1 1 12 7 0 500
94 66 98 80 0 500
33 54 27 43 0 500
40 50 53 55 0 500
38 40 55 41 0 500
13 17 29 19 0 500
49 53 65 55 0 500
45 22 35 30 0 500
70 44 76 32 0 500
11 18 28 19 0 500
48 16 62 12 0 500
42 52 56 56 0 500
25 9 34 18 0 500
23 39 29 51 0 500
69 43 69 61 0 500
5 47 5 65 0 500
4 42 9 30 0 500
2 14 1 31 0 500
81 3 75 15 0 500
22 36 36 40 0 500
22 15 9 10 0 500
32 36 34 20 0 500
31 44 42 51 0 500
64 66 76 60 0 500
26 21 28 37 0 500
34 78 22 72 0 500
1 59 14 54 0 500
35 20 18 19 0 500
27 69 29 85 0 500
42 38 42 20 0 500
9 24 3 36 0 500
41 4 33 14 0 500
27 70 42 67 0 500
42 18 52 26 0 500
36 37 44 47 0 500
30 42 28 58 0 500
1 18 16 21 0 500
37 43 31 31 0 500
25 26 9 24 0 500
30 51 37 61 0 500
24 13 37 18 0 500
14 4 1 9 0 500
32 35 16 37 0 500
39 52 53 56 0 500
4 17 7 32 0 500
53 33 69 31 0 500
19 33 3 31 0 500
83 49 66 48 0 500
13 23 25 17 0 500
7 33 20 38 0 500
43 20 41 35 0 500
8 12 17 21 0 500
8 58 18 50 0 500
30 13 14 15 0 500
2 97 8 86 0 500
0 40 15 43 0 500
8 22 2 10 0 500
34 17 20 21 0 500
20 22 24 36 0 500
9 11 26 12 0 500
22 31 18 45 0 500
20 60 18 76 0 500
16 2 11 15 0 500
29 10 30 27 0 500
9 33 6 48 0 500
6 11 16 19 0 500
63 80 65 95 0 500
25 36 28 51 0 500
29 50 32 35 0 500
8 10 15 21 0 500
17 20 10 31 0 500
19 34 27 24 0 500
4 65 15 72 0 500
12 44 16 30 0 500
20 14 15 27 0 500
27 25 12 28 0 500
35 12 27 2 0 500
27 12 25 28 0 500
15 5 30 8 0 500
27 56 25 40 0 500
26 33 42 31 0 500
42 30 38 44 0 500
72 12 68 26 0 500
4 15 21 16 0 500
1 12 18 11 0 500
14 30 2 36 0 500
24 10 8 8 0 500
43 23 30 18 0 500
41 20 39 36 0 500
92 39 92 21 0 500
21 56 7 52 0 500
40 67 40 85 0 500
4 37 18 41 0 500
15 54 28 59 0 500
5 12 9 25 0 500
36 79 27 70 0 500
37 25 48 31 0 500
0 1 12 7 0 500
11 27 16 14 0 500
0 1 14 5 0 500
17 62 32 65 0 500
52 44 36 46 0 500
17 8 28 15 0 500
2 31 13 38 0 500
50 36 36 32 0 500
49 13 49 31 0 500
31 5 26 18 0 500
1 24 3 8 0 500
19 11 29 3 0 500
16 60 33 59 0 500
27 15 13 11 0 500
13 12 2 5 0 500
14 21 11 36 0 500
43 27 27 25 0 500
53 37 67 41 0 500
9 11 9 29 0 500
15 29 30 32 0 500
6 30 12 18 0 500
95 54 88 65 0 500
20 30 32 36 0 500
10 27 5 14 0 500
23 27 28 14 0 500
89 31 88 14 0 500
14 82 31 83 0 500
96 30 96 12 0 500
27 44 44 45 0 500
43 22 45 38 0 500
12 12 25 17 0 500
30 37 22 27 0 500
58 69 61 54 0 500
18 23 34 21 0 500
64 27 67 13 0 500
9 33 0 41 0 500
11 38 9 22 0 500
28 27 26 11 0 500
89 45 77 50 0 500
4 27 9 14 0 500
8 76 18 84 0 500
21 33 23 49 0 500
11 95 26 92 0 500
6 36 12 25 0 500
26 72 10 74 0 500
13 34 20 45 0 500
18 43 18 25 0 500
85 59 85 41 0 500
39 32 39 50 0 500
80 48 84 34 0 500
62 22 55 32 0 500
80 74 73 85 0 500
42 43 57 40 0 500
22 28 25 13 0 500
9 49 20 56 0 500
32 18 36 32 0 500
11 23 10 6 0 500
21 34 38 35 0 500
0 1 5 14 0 500
90 12 84 1 0 500
16 20 3 15 0 500
49 35 64 32 0 500
30 20 24 8 0 500
7 11 24 12 0 500
7 32 15 22 0 500
26 43 41 40 0 500
0 1 3 16 0 500
14 21 31 22 0 500
13 62 10 47 0 500
34 45 50 47 0 500
7 55 19 61 0 500
41 83 26 86 0 500
4 14 0 28 0 500
62 13 74 7 0 500
3 11 2 28 0 500
2 29 11 38 0 500
19 29 21 13 0 500
57 18 69 12 0 500
10 0 27 1 0 500
31 16 14 17 0 500
38 59 40 43 0 500
18 10 21 25 0 500
70 68 78 58 0 500
28 35 27 52 0 500
15 5 25 13 0 500
43 42 48 55 0 500
48 56 39 65 0 500
11 9 1 17 0 500
22 14 38 15 0 500
54 85 53 68 0 500
32 8 46 12 0 500
22 55 17 42 0 500
23 50 24 67 0 500
45 16 36 7 0 500
39 89 28 82 0 500
33 56 42 65 0 500
19 64 31 70 0 500
42 20 52 28 0 500
21 35 21 53 0 500
19 13 16 28 0 500
98 75 83 72 0 500
32 33 44 27 0 500
52 80 63 73 0 500
69 47 80 54 0 500
31 30 26 42 0 500
59 64 47 58 0 500
39 46 50 39 0 500
13 8 26 13 0 500
18 56 14 42 0 500
53 97 39 93 0 500
20 29 18 13 0 500
40 14 44 28 0 500
22 61 22 79 0 500
22 78 28 90 0 500
32 63 17 66 0 500
4 26 19 28 0 500
18 19 20 3 0 500
5 54 13 45 0 500
8 20 0 30 0 500
4 65 18 61 0 500
4 32 19 29 0 500
37 40 46 31 0 500
30 95 35 82 0 500
1 10 6 23 0 500
83 14 68 17 0 500
5 32 16 39 0 500
89 56 89 74 0 500
18 26 26 16 0 500
28 48 44 46 0 500
46 40 42 53 0 500
73 29 87 25 0 500
56 57 39 56 0 500
30 53 37 64 0 500
21 12 37 10 0 500
26 6 28 22 0 500
2 17 19 18 0 500
4 25 17 20 0 500
33 14 49 12 0 500
19 39 2 40 0 500
37 40 48 33 0 500
64 56 66 40 0 500
8 13 17 21 0 500
28 3 19 12 0 500
17 30 24 40 0 500
19 29 22 14 0 500
27 80 42 83 0 500
0 1 0 19 0 500
49 61 55 73 0 500
8 84 20 78 0 500
0 1 16 3 0 500
56 31 48 41 0 500
43 22 41 38 0 500
22 61 26 47 0 500
14 12 9 25 0 500
15 39 25 31 0 500
12 31 16 45 0 500
44 46 57 41 0 500
0 1 10 9 0 500
48 19 46 35 0 500
37 19 24 14 0 500
29 15 37 25 0 500
11 2 2 11 0 500
45 30 32 34 0 500
28 87 12 89 0 500
0 1 7 12 0 500
13 9 30 8 0 500
15 21 7 31 0 500
57 58 50 69 0 500
5 16 0 29 0 500
0 30 8 40 0 500
13 99 28 96 0 500
51 52 51 70 0 500
83 76 95 82 0 500
3 8 15 14 0 500
3 15 19 17 0 500
6 25 3 40 0 500
35 57 45 49 0 500
17 40 26 31 0 500
14 25 13 8 0 500
56 68 67 75 0 500
35 40 49 44 0 500
0 1 3 16 0 500
32 49 35 64 0 500
64 48 48 49 0 500
39 94 24 91 0 500
59 41 50 32 0 500
5 13 21 11 0 500
31 60 17 63 0 500
55 9 62 20 0 500
9 9 1 19 0 500
22 46 35 51 0 500
33 78 37 64 0 500
57 29 48 20 0 500
43 52 27 54 0 500
23 43 29 55 0 500
21 52 29 62 0 500
9 28 18 19 0 500
84 35 71 30 0 500
13 65 3 72 0 500
18 15 34 16 0 500
71 29 71 11 0 500
28 47 12 49 0 500
24 17 8 15 0 500
0 1 9 10 0 500
15 0 3 6 0 500
81 39 80 56 0 500
21 25 34 20 0 500
2 11 10 21 0 500
22 2 27 15 0 500
15 3 15 21 0 500
31 90 41 98 0 500
20 41 19 24 0 500
40 7 38 23 0 500
43 12 54 19 0 500
82 61 94 67 0 500
4 49 14 57 0 500
8 59 21 54 0 500
14 92 27 87 0 500
79 39 78 56 0 500
9 28 6 13 0 500
9 9 9 27 0 500
0 1 9 10 0 500
25 19 18 8 0 500
15 24 10 11 0 500
28 25 42 22 0 500
39 34 43 20 0 500
12 8 22 0 0 500
12 29 23 22 0 500
9 8 2 19 0 500
43 53 59 51 0 500
37 30 21 28 0 500
28 55 40 61 0 500
22 24 8 20 0 500
2 54 12 46 0 500
28 92 20 82 0 500
52 69 66 65 0 500
55 25 72 24 0 500
16 28 20 42 0 500
3 17 17 21 0 500
15 48 26 41 0 500
17 14 25 24 0 500
15 13 10 25 0 500
71 89 63 99 0 500
98 47 96 31 0 500
30 4 43 9 0 500
1 11 10 2 0 500
48 90 51 75 0 500
22 11 27 24 0 500
16 23 0 25 0 500
40 92 56 94 0 500
7 13 8 30 0 500
94 82 77 81 0 500
5 12 13 21 0 500
35 26 39 12 0 500
41 63 40 46 0 500
6 27 17 34 0 500
53 26 69 24 0 500
50 32 40 24 0 500
0 1 0 19 0 500
19 32 6 37 0 500
76 6 63 1 0 500
2 67 7 80 0 500
36 49 33 64 0 500
32 91 46 87 0 500
24 12 23 28 0 500
12 6 4 16 0 500
56 28 39 27 0 500
31 9 34 24 0 500
20 26 35 29 0 500
12 58 2 66 0 500
30 38 17 33 0 500
18 24 1 25 0 500
17 39 25 49 0 500
5 25 3 40 0 500
76 43 72 57 0 500
17 61 27 53 0 500
26 64 19 75 0 500
33 69 36 84 0 500
14 0 29 3 0 500
83 58 97 54 0 500
39 35 34 22 0 500
10 44 18 34 0 500
38 21 38 3 0 500
31 48 35 62 0 500
12 32 15 17 0 500
26 54 12 51 0 500
25 27 31 15 0 500
58 41 63 28 0 500
53 26 68 23 0 500
21 22 11 30 0 500
9 21 7 5 0 500
27 2 34 13 0 500
35 4 23 10 0 500
59 20 48 13 0 500
4 26 11 15 0 500
71 29 87 31 0 500
57 25 65 15 0 500
55 9 54 25 0 500
69 23 77 33 0 500
55 43 65 35 0 500
4 24 20 22 0 500
22 95 22 77 0 500
27 11 12 9 0 500
74 14 82 24 0 500
2 16 7 29 0 500
14 51 24 59 0 500
9 36 22 31 0 500
18 17 13 30 0 500
64 9 47 10 0 500
33 73 44 80 0 500
36 33 45 42 0 500
12 25 13 42 0 500
64 15 79 18 0 500
8 55 5 70 0 500
10 18 15 6 0 500
37 21 39 6 0 500
9 12 23 8 0 500
35 23 39 10 0 500
30 67 37 78 0 500
0 1 0 19 0 500
7 38 15 28 0 500
73 17 89 15 0 500
5 15 1 29 0 500
30 21 34 8 0 500
26 88 17 97 0 500
50 44 57 34 0 500
42 45 28 49 0 500
21 17 37 16 0 500
41 68 50 77 0 500
48 7 35 12 0 500
5 34 7 18 0 500
12 47 25 42 0 500
57 44 58 27 0 500
27 39 12 36 0 500
27 11 21 23 0 500
20 46 32 40 0 500
7 60 10 45 0 500
25 34 17 24 0 500
16 42 20 28 0 500
29 23 22 13 0 500
19 53 9 45 0 500
0 1 10 9 0 500
13 21 24 27 0 500
26 29 27 46 0 500
32 13 15 14 0 500
16 33 21 46 0 500
34 14 45 7 0 500
19 71 34 73 0 500
34 35 30 21 0 500
26 46 37 39 0 500
26 64 33 53 0 500
38 25 21 26 0 500
23 92 35 86 0 500
4 6 14 13 0 500
95 21 91 7 0 500
0 1 17 2 0 500
23 42 10 47 0 500
12 6 10 22 0 500
44 22 36 12 0 500
2 12 5 27 0 500
76 59 88 53 0 500
49 82 63 86 0 500
2 21 7 34 0 500
11 11 0 4 0 500
60 86 54 74 0 500
19 49 22 34 0 500
27 3 21 15 0 500
27 47 15 53 0 500
23 86 27 72 0 500
78 20 93 23 0 500
93 24 84 33 0 500
0 1 7 12 0 500
11 20 21 28 0 500
30 34 23 23 0 500
15 31 32 30 0 500
7 4 5 20 0 500
5 21 19 17 0 500
19 16 16 31 0 500
13 35 29 33 0 500
28 58 37 67 0 500
23 1 31 11 0 500
31 12 32 29 0 500
51 30 47 43 0 500
20 42 24 56 0 500
81 32 66 34 0 500
13 67 26 62 0 500
24 45 25 28 0 500
26 43 37 50 0 500
80 7 73 18 0 500
27 58 35 68 0 500
55 71 54 88 0 500
33 54 33 36 0 500
23 8 29 19 0 500
9 28 4 15 0 500
17 20 4 25 0 500
56 5 70 9 0 500
36 33 49 28 0 500
47 49 57 57 0 500
3 5 0 20 0 500
10 7 26 5 0 500
52 64 42 72 0 500
27 9 26 25 0 500
17 22 5 28 0 500
53 53 41 59 0 500
24 51 26 35 0 500
31 31 19 36 0 500
18 41 22 55 0 500
14 60 3 53 0 500
18 0 29 7 0 500
31 38 42 45 0 500
28 9 43 6 0 500
13 7 1 13 0 500
67 98 60 87 0 500
33 60 30 45 0 500
27 32 22 45 0 500
26 3 39 8 0 500
18 36 12 24 0 500
30 37 16 33 0 500
26 29 35 20 0 500
51 92 49 76 0 500
34 37 28 25 0 500
5 28 19 32 0 500
7 8 16 17 0 500
24 36 39 33 0 500
5 27 1 13 0 500
42 37 57 39 0 500
42 23 57 26 0 500
41 62 28 57 0 500
0 1 3 16 0 500
24 36 21 21 0 500
51 83 52 99 0 500
61 8 72 15 0 500
64 83 77 78 0 500
56 58 59 43 0 500
35 40 40 27 0 500
56 22 54 38 0 500
22 10 5 9 0 500
16 19 27 26 0 500
20 68 4 66 0 500
11 79 11 97 0 500
6 14 11 1 0 500
34 63 40 75 0 500
40 74 51 81 0 500
42 78 48 66 0 500
54 50 55 33 0 500
39 63 54 66 0 500
0 1 0 19 0 500
49 16 55 28 0 500
0 19 5 6 0 500
38 26 41 41 0 500
27 39 33 27 0 500
31 85 44 90 0 500
24 25 14 17 0 500
5 25 7 10 0 500
6 36 16 44 0 500
0 1 4 15 0 500
52 13 55 28 0 500
26 24 19 13 0 500
20 44 33 49 0 500
26 4 17 13 0 500
5 52 7 68 0 500
5 61 17 55 0 500
0 1 10 9 0 500
28 19 29 3 0 500
31 36 22 27 0 500
31 47 26 59 0 500
22 71 19 56 0 500
22 34 21 50 0 500
90 84 92 68 0 500
62 2 66 16 0 500
10 7 9 23 0 500
5 15 3 31 0 500
59 36 60 53 0 500
25 28 14 34 0 500
87 49 75 43 0 500
14 3 13 20 0 500
39 57 25 54 0 500
27 33 12 30 0 500
10 16 0 8 0 500
21 50 18 65 0 500
49 5 47 21 0 500
17 12 17 30 0 500
12 23 14 39 0 500
51 33 53 17 0 500
77 90 86 81 0 500
19 33 8 40 0 500
32 62 27 75 0 500
21 8 10 1 0 500
14 65 30 66 0 500
5 67 3 83 0 500
38 33 26 27 0 500
33 24 33 6 0 500
84 27 84 45 0 500
38 24 35 9 0 500
15 22 7 12 0 500
23 12 10 17 0 500
0 1 6 13 0 500
11 29 16 17 0 500
40 29 36 15 0 500
24 20 41 21 0 500
9 4 8 21 0 500
66 43 63 58 0 500
35 47 40 34 0 500
50 23 61 30 0 500
25 22 31 10 0 500
10 74 10 92 0 500
23 44 13 52 0 500
10 13 23 8 0 500
23 54 37 50 0 500
25 41 20 28 0 500
19 45 27 55 0 500
3 5 12 14 0 500
34 71 26 81 0 500
4 22 14 30 0 500
57 54 64 43 0 500
8 4 3 17 0 500
28 58 28 40 0 500
19 26 4 29 0 500
77 32 74 47 0 500
47 45 36 52 0 500
43 29 39 15 0 500
26 11 19 0 0 500
34 69 43 60 0 500
40 54 27 59 0 500
38 97 35 82 0 500
18 9 25 20 0 500
7 27 15 17 0 500
15 16 32 15 0 500
26 10 17 1 0 500
79 24 86 14 0 500
29 39 42 44 0 500
23 1 22 18 0 500
29 54 23 42 0 500
12 51 21 60 0 500
0 1 9 10 0 500
27 69 10 68 0 500
40 44 37 29 0 500
29 19 38 28 0 500
21 19 26 7 0 500
41 62 50 53 0 500
39 15 26 10 0 500
48 69 34 73 0 500
14 23 8 11 0 500
76 57 81 70 0 500
28 17 24 3 0 500
35 10 41 22 0 500
17 14 33 12 0 500
16 2 7 11 0 500
79 52 79 70 0 500
12 41 27 44 0 500
49 44 45 30 0 500
34 56 32 41 0 500
87 32 77 40 0 500
0 20 5 33 0 500
33 32 23 40 0 500
73 87 67 98 0 500
30 31 18 25 0 500
31 38 31 56 0 500
21 16 35 13 0 500
15 78 15 60 0 500
27 16 18 25 0 500
32 40 49 39 0 500
16 21 29 26 0 500
10 27 7 12 0 500
35 43 49 47 0 500
6 34 20 30 0 500
0 1 6 13 0 500
40 22 46 10 0 500
13 26 0 21 0 500
30 36 40 28 0 500
44 28 44 10 0 500
29 30 17 36 0 500
24 32 40 30 0 500
12 31 29 30 0 500
25 14 12 19 0 500
10 23 10 5 0 500
14 34 31 35 0 500
51 31 58 42 0 500
21 59 27 71 0 500
96 32 80 34 0 500
25 7 26 24 0 500
25 25 42 26 0 500
66 41 71 28 0 500
47 23 51 9 0 500
56 59 69 64 0 500
26 31 33 42 0 500
33 43 40 54 0 500
10 8 10 26 0 500
44 79 51 68 0 500
8 41 12 55 0 500
23 33 14 24 0 500
65 71 49 69 0 500
3 17 20 18 0 500
42 90 36 78 0 500
97 54 92 41 0 500
19 72 10 63 0 500
42 44 27 47 0 500
8 33 17 42 0 500
26 11 26 29 0 500
18 40 26 50 0 500
8 85 6 69 0 500
12 20 26 24 0 500
25 42 32 31 0 500
39 38 33 26 0 500
32 4 37 17 0 500
2 12 6 26 0 500
32 13 42 21 0 500
46 57 31 60 0 500
29 9 14 6 0 500
71 31 71 13 0 500
0 1 17 0 0 500
24 36 20 22 0 500
12 27 11 44 0 500
7 28 19 34 0 500
67 13 83 15 0 500
5 65 20 62 0 500
31 52 26 65 0 500
27 42 22 54 0 500
12 8 28 10 0 500
13 66 17 80 0 500
46 84 58 78 0 500
13 9 18 22 0 500
29 26 39 18 0 500
30 2 27 16 0 500
13 5 28 8 0 500
42 8 37 21 0 500
18 11 34 13 0 500
32 22 28 36 0 500
19 26 14 14 0 500
25 31 31 19 0 500
7 32 16 41 0 500
48 28 39 37 0 500
13 67 6 78 0 500
57 35 66 44 0 500
91 44 80 38 0 500
2 37 9 48 0 500
46 32 51 19 0 500
1 76 16 79 0 500
1 4 7 16 0 500
9 24 21 18 0 500
51 30 57 42 0 500
28 16 12 14 0 500
38 66 33 79 0 500
14 29 8 40 0 500
0 1 14 5 0 500
87 75 74 70 0 500
16 8 33 7 0 500
10 49 12 65 0 500
8 5 22 9 0 500
7 29 2 16 0 500
35 14 28 25 0 500
10 21 21 14 0 500
24 17 18 5 0 500
2 16 18 14 0 500
67 88 59 98 0 500
40 18 51 25 0 500
66 47 54 53 0 500
45 74 47 90 0 500
12 16 28 18 0 500
74 24 59 21 0 500
25 12 37 18 0 500
27 24 11 26 0 500
70 10 73 25 0 500
83 59 89 71 0 500
55 91 60 78 0 500
22 56 33 63 0 500
11 36 24 31 0 500
3 30 16 25 0 500
25 18 38 23 0 500
82 27 95 22 0 500
18 17 28 9 0 500
12 50 24 44 0 500
15 31 16 14 0 500
17 40 18 57 0 500
9 11 10 28 0 500
0 1 15 4 0 500
69 30 79 22 0 500
29 16 23 4 0 500
18 77 15 92 0 500
13 29 29 27 0 500
32 41 27 53 0 500
47 56 38 65 0 500
14 36 13 52 0 500
8 12 1 1 0 500
42 66 28 70 0 500
19 44 19 62 0 500
72 74 68 60 0 500
4 14 13 23 0 500
8 10 24 12 0 500
58 97 53 84 0 500
9 47 2 58 0 500
44 39 44 21 0 500
16 17 2 21 0 500
27 23 27 40 0 500
54 86 66 80 0 500
66 79 51 82 0 500
17 12 14 27 0 500
74 8 72 24 0 500
68 62 58 70 0 500
19 39 12 50 0 500
10 19 6 5 0 500
5 63 11 51 0 500
11 50 26 53 0 500
25 61 41 62 0 500
10 55 26 53 0 500
94 17 89 4 0 500
59 73 52 62 0 500
56 52 71 55 0 500
71 56 83 50 0 500
20 44 32 50 0 500
66 49 83 48 0 500
83 49 98 46 0 500
24 75 26 59 0 500
11 40 0 33 0 500
80 35 91 42 0 500
12 29 24 35 0 500
2 69 12 61 0 500
10 26 17 15 0 500
16 79 15 96 0 500
28 19 21 30 0 500
85 40 70 37 0 500
30 26 14 24 0 500
27 42 33 30 0 500
63 85 68 98 0 500
0 40 1 23 0 500
3 28 19 30 0 500
0 1 17 2 0 500
33 17 26 28 0 500
8 31 9 14 0 500
69 23 77 33 0 500
60 20 54 31 0 500
15 6 9 18 0 500
10 30 9 14 0 500
10 27 14 41 0 500
68 33 54 30 0 500
58 77 58 59 0 500
10 48 11 31 0 500
45 14 33 9 0 500
1 30 17 28 0 500
5 7 11 19 0 500
26 54 42 56 0 500
2 41 18 39 0 500
2 51 18 53 0 500
0 1 12 7 0 500
35 53 20 55 0 500
9 66 14 78 0 500
0 1 13 6 0 500
29 51 16 56 0 500
40 2 25 5 0 500
6 14 12 2 0 500
13 2 2 9 0 500
11 29 23 35 0 500
19 19 7 13 0 500
22 14 11 7 0 500
10 20 7 5 0 500
13 7 23 15 0 500
1 1 5 14 0 500
10 13 7 28 0 500
22 9 19 24 0 500
5 15 11 3 0 500
28 21 26 37 0 500
22 32 10 38 0 500
31 31 16 34 0 500
26 26 22 39 0 500
39 39 35 53 0 500
3 15 15 9 0 500
6 63 8 47 0 500
41 34 28 39 0 500
64 38 79 40 0 500
18 70 16 54 0 500
31 52 21 44 0 500
23 46 28 33 0 500
12 25 11 42 0 500
50 54 48 70 0 500
15 71 22 60 0 500
21 2 26 15 0 500
60 70 67 59 0 500
17 14 22 27 0 500
23 49 14 58 0 500
8 63 20 69 0 500
41 45 25 43 0 500
87 13 79 22 0 500
17 4 5 10 0 500
33 48 47 44 0 500
45 23 59 19 0 500
40 10 26 14 0 500
17 1 7 9 0 500
31 1 47 3 0 500
0 1 1 18 0 500
10 52 17 63 0 500
46 36 37 45 0 500
18 26 6 32 0 500
43 28 36 17 0 500
85 81 96 88 0 500
39 17 39 35 0 500
42 15 37 28 0 500
0 1 16 3 0 500
20 18 30 10 0 500
27 17 13 21 0 500
15 13 16 30 0 500
18 15 34 13 0 500
44 15 55 8 0 500
8 15 18 23 0 500
28 10 25 25 0 500
58 25 53 12 0 500
11 66 21 74 0 500
58 76 70 70 0 500
36 8 44 18 0 500
41 9 27 13 0 500
24 85 19 72 0 500
28 18 21 7 0 500
60 38 51 29 0 500
34 23 49 26 0 500
43 37 56 32 0 500
5 15 11 27 0 500
21 27 29 37 0 500
43 57 48 70 0 500
1 1 2 17 0 500
9 54 22 59 0 500
33 61 36 46 0 500
22 30 23 13 0 500
0 1 11 8 0 500
22 9 19 24 0 500
39 37 30 29 0 500
40 45 28 51 0 500
16 7 25 16 0 500
34 50 47 55 0 500
14 48 13 65 0 500
76 69 83 58 0 500
19 31 19 49 0 500
23 63 38 66 0 500
21 12 28 23 0 500
27 53 23 39 0 500
38 45 24 41 0 500
14 31 2 37 0 500
53 81 36 80 0 500
19 44 16 29 0 500
30 60 29 77 0 500
27 53 12 50 0 500
34 54 39 66 0 500
23 14 39 16 0 500
99 84 91 94 0 500
34 25 41 14 0 500
69 31 82 26 0 500
67 14 68 31 0 500
21 49 16 36 0 500
37 31 25 37 0 500
22 38 8 34 0 500
37 45 30 35 0 500
45 7 43 23 0 500
69 42 73 56 0 500
56 32 56 14 0 500
32 32 21 39 0 500
0 18 10 10 0 500
5 49 15 41 0 500
38 50 55 51 0 500
17 8 29 2 0 500
0 1 17 0 0 500
37 31 24 35 0 500
15 24 21 36 0 500
6 12 12 24 0 500
74 40 87 36 0 500
27 98 10 99 0 500
38 37 30 47 0 500
8 9 16 19 0 500
7 76 18 69 0 500
3 14 13 6 0 500
39 34 41 50 0 500
0 2 9 10 0 500
20 52 36 54 0 500
21 4 32 11 0 500
0 1 0 19 0 500
0 1 15 4 0 500
24 57 10 53 0 500
33 15 33 33 0 500
1 42 7 54 0 500
20 24 20 42 0 500
20 43 16 29 0 500
0 1 14 5 0 500
4 86 18 90 0 500
19 23 8 30 0 500
16 11 14 27 0 500
20 19 37 20 0 500
23 17 31 27 0 500
19 39 31 34 0 500
31 36 14 37 0 500
37 85 26 78 0 500
68 27 58 35 0 500
25 22 33 31 0 500
4 43 18 47 0 500
21 28 5 26 0 500
34 25 48 29 0 500
0 41 14 45 0 500
29 1 33 15 0 500
57 22 43 25 0 500
27 0 13 4 0 500
21 12 25 26 0 500
42 42 55 47 0 500
7 12 20 8 0 500
73 36 88 39 0 500
20 61 3 62 0 500
21 35 8 30 0 500
16 34 18 18 0 500
45 37 45 20 0 500
13 75 23 83 0 500
37 65 29 55 0 500
8 25 19 32 0 500
37 1 51 5 0 500
62 72 71 80 0 500
36 24 32 11 0 500
37 33 33 19 0 500
48 32 43 45 0 500
67 60 70 45 0 500
24 91 40 90 0 500
27 36 15 30 0 500
15 29 17 13 0 500
29 33 24 46 0 500
16 24 16 6 0 500
38 64 28 72 0 500
26 46 28 62 0 500
77 51 66 57 0 500
0 1 6 13 0 500
6 14 21 17 0 500
48 18 48 0 0 500
4 14 15 7 0 500
33 8 34 25 0 500
8 57 5 72 0 500
3 20 14 27 0 500
34 26 39 39 0 500
22 21 29 10 0 500
25 34 17 44 0 500
49 32 49 50 0 500
33 24 20 19 0 500
45 48 37 58 0 500
14 56 18 42 0 500
0 1 16 3 0 500
59 59 49 67 0 500
18 19 14 5 0 500
7 13 7 31 0 500
16 11 11 24 0 500
11 18 17 30 0 500
30 75 15 78 0 500
13 12 21 2 0 500
0 1 16 3 0 500
55 18 43 23 0 500
39 6 50 13 0 500
0 1 7 12 0 500
23 37 23 55 0 500
44 11 31 6 0 500
66 56 50 55 0 500
6 50 9 64 0 500
49 27 38 20 0 500
28 33 41 28 0 500
63 17 73 9 0 500
8 77 1 66 0 500
21 11 5 9 0 500
37 76 47 84 0 500
27 27 23 41 0 500
18 33 29 40 0 500
44 18 57 13 0 500
8 32 3 19 0 500
57 64 47 72 0 500
20 8 18 24 0 500
17 23 6 16 0 500
9 77 26 76 0 500
15 26 17 11 0 500
5 13 8 28 0 500
35 46 21 50 0 500
38 90 23 88 0 500
91 26 99 35 0 500
59 87 51 77 0 500
14 26 17 11 0 500
2 18 8 30 0 500
15 29 32 28 0 500
24 4 32 14 0 500
20 40 26 29 0 500
33 2 47 6 0 500
13 35 25 41 0 500
27 17 33 29 0 500
2 71 3 87 0 500
39 39 48 30 0 500
1 37 4 22 0 500
38 24 28 32 0 500
14 28 17 13 0 500
58 32 61 47 0 500
40 24 50 32 0 500
59 60 57 44 0 500
29 53 20 44 0 500
14 44 0 41 0 500
17 46 11 58 0 500
51 11 62 18 0 500
18 85 25 74 0 500
30 7 17 12 0 500
54 33 67 28 0 500
22 13 35 8 0 500
21 8 30 17 0 500
0 1 8 11 0 500
43 38 43 56 0 500
16 3 26 11 0 500
24 37 26 53 0 500
64 24 59 37 0 500
5 22 9 36 0 500
2 29 17 32 0 500
45 4 52 14 0 500
40 61 51 68 0 500
27 14 15 8 0 500
12 94 4 84 0 500
16 60 32 62 0 500
43 34 40 49 0 500
25 43 41 45 0 500
14 15 19 28 0 500
4 61 15 68 0 500
17 50 22 37 0 500
10 26 12 42 0 500
31 30 42 23 0 500
50 49 47 64 0 500
31 45 42 38 0 500
1 64 14 59 0 500
7 10 24 9 0 500
45 6 58 11 0 500
39 13 44 0 0 500
14 49 18 35 0 500
26 33 27 50 0 500
0 20 6 32 0 500
15 22 7 32 0 500
8 8 2 20 0 500
3 30 7 16 0 500
41 7 45 21 0 500
22 4 18 18 0 500
21 0 13 10 0 500
19 48 25 60 0 500
61 31 47 35 0 500
12 29 29 30 0 500
0 1 5 14 0 500
14 36 0 40 0 500
49 45 42 56 0 500
3 22 9 34 0 500
14 38 9 25 0 500
40 60 35 73 0 500
4 13 12 3 0 500
14 39 17 24 0 500
36 45 22 49 0 500
0 1 13 6 0 500
8 21 9 38 0 500
9 98 4 86 0 500
98 45 95 60 0 500
23 23 13 31 0 500
28 20 36 10 0 500
6 54 2 68 0 500
16 40 28 46 0 500
15 22 13 6 0 500
48 59 59 52 0 500
35 15 21 19 0 500
71 50 58 55 0 500
16 27 27 20 0 500
0 1 12 7 0 500
49 87 62 82 0 500
24 32 16 42 0 500
5 7 22 8 0 500
42 55 50 65 0 500
32 36 42 28 0 500
18 20 19 4 0 500
16 9 22 20 0 500
44 8 58 12 0 500
16 21 8 31 0 500
69 54 67 39 0 500
4 14 3 31 0 500
6 25 1 38 0 500
68 39 66 55 0 500
64 7 64 25 0 500
19 34 24 47 0 500
0 2 3 16 0 500
14 56 10 70 0 500
81 69 79 54 0 500
13 16 13 34 0 500
24 31 12 25 0 500
19 29 11 39 0 500
9 10 15 22 0 500
45 48 45 30 0 500
2 57 13 50 0 500
29 33 26 18 0 500
3 18 10 29 0 500
31 28 22 19 0 500
74 71 89 74 0 500
10 38 21 45 0 500
42 29 55 34 0 500
68 85 51 84 0 500
36 81 41 69 0 500
50 70 51 53 0 500
31 27 18 32 0 500
55 34 70 37 0 500
20 4 21 21 0 500
13 38 28 35 0 500
46 23 31 20 0 500
42 82 51 91 0 500
32 13 29 28 0 500
18 46 22 60 0 500
0 1 11 8 0 500
0 1 11 8 0 500
66 45 54 51 0 500
56 45 65 54 0 500
11 45 17 57 0 500
20 26 20 43 0 500
0 1 5 14 0 500
0 1 16 3 0 500
10 40 10 22 0 500
75 30 62 25 0 500
20 44 7 49 0 500
15 35 30 32 0 500
23 65 20 80 0 500
21 73 16 85 0 500
3 81 12 72 0 500
12 73 27 76 0 500
27 75 19 85 0 500
14 27 4 19 0 500
32 16 24 26 0 500
15 8 15 26 0 500
41 56 39 40 0 500
10 10 18 0 0 500
47 41 47 24 0 500
24 45 17 56 0 500
94 47 81 52 0 500
75 80 63 86 0 500
18 91 29 84 0 500
14 30 6 20 0 500
51 24 59 34 0 500
39 7 32 18 0 500
1 20 2 4 0 500
29 33 23 21 0 500
23 22 7 20 0 500
10 72 10 54 0 500
72 18 64 8 0 500
18 30 17 47 0 500
29 3 18 10 0 500
13 48 29 47 0 500
12 2 6 14 0 500
45 52 54 61 0 500
15 13 13 28 0 500
20 47 33 52 0 500
31 36 20 43 0 500
61 7 76 5 0 500
20 22 37 23 0 500
49 30 55 42 0 500
25 23 32 12 0 500
29 93 27 77 0 500
10 46 15 33 0 500
0 1 13 6 0 500
54 87 63 78 0 500
45 29 30 32 0 500
63 61 78 64 0 500
20 5 22 21 0 500
6 14 22 12 0 500
61 23 48 28 0 500
35 28 49 32 0 500
18 62 34 64 0 500
52 42 60 52 0 500
45 20 36 11 0 500
5 13 1 27 0 500
18 35 20 51 0 500
14 4 17 19 0 500
24 66 32 56 0 500
5 33 11 21 0 500
30 48 38 58 0 500
21 27 19 43 0 500
0 85 3 70 0 500
2 8 13 15 0 500
31 42 17 39 0 500
54 39 69 42 0 500
22 23 10 28 0 500
30 65 44 62 0 500
32 42 47 39 0 500
12 59 13 43 0 500
37 56 33 42 0 500
34 0 47 5 0 500
67 40 72 53 0 500
80 37 74 25 0 500
34 14 50 16 0 500
62 87 49 82 0 500
49 23 40 14 0 500
21 73 9 79 0 500
5 29 5 46 0 500
2 51 1 68 0 500
21 2 34 7 0 500
22 32 30 22 0 500
7 11 8 28 0 500
24 23 22 7 0 500
27 38 33 26 0 500
1 15 17 13 0 500
41 34 37 48 0 500
59 80 59 62 0 500
59 63 73 67 0 500
73 68 76 53 0 500
52 3 51 20 0 500
14 40 31 41 0 500
49 68 34 65 0 500
20 42 35 39 0 500
78 19 63 16 0 500
16 18 18 34 0 500
19 18 33 22 0 500
13 83 9 70 0 500
53 28 59 16 0 500
94 51 90 65 0 500
39 6 37 22 0 500
21 13 28 24 0 500
0 46 4 32 0 500
28 13 37 22 0 500
20 63 21 46 0 500
2 81 8 69 0 500
5 40 15 32 0 500
38 22 42 8 0 500
16 34 2 38 0 500
28 48 41 43 0 500
6 46 23 47 0 500
39 34 33 22 0 500
22 94 29 83 0 500
52 85 64 80 0 500
0 89 6 77 0 500
51 66 46 79 0 500
12 66 12 48 0 500
22 31 11 38 0 500
56 81 67 88 0 500
61 21 62 4 0 500
76 50 86 58 0 500
22 13 34 19 0 500
65 34 59 46 0 500
10 1 2 11 0 500
75 63 83 53 0 500
25 16 27 32 0 500
69 11 53 13 0 500
38 19 28 11 0 500
74 43 67 32 0 500
17 22 28 15 0 500
74 46 83 55 0 500
14 43 29 40 0 500
16 2 13 17 0 500
42 19 48 31 0 500
46 51 63 52 0 500
72 74 67 87 0 500
17 17 7 9 0 500
22 60 19 75 0 500
19 29 9 21 0 500
56 93 69 88 0 500
24 76 24 94 0 500
8 17 18 9 0 500
40 15 25 18 0 500
12 15 0 21 0 500
88 52 98 44 0 500
58 61 72 57 0 500
2 18 6 4 0 500
23 31 32 22 0 500
12 35 1 28 0 500
1 29 6 42 0 500
19 89 27 99 0 500
8 12 22 16 0 500
17 22 11 34 0 500
19 18 18 1 0 500
29 96 13 98 0 500
39 52 51 58 0 500
19 3 19 21 0 500
20 20 15 7 0 500
7 30 17 38 0 500
8 10 12 24 0 500
15 5 7 15 0 500
25 48 15 40 0 500
37 66 42 53 0 500
10 16 1 25 0 500
13 87 20 76 0 500
3 24 20 25 0 500
6 29 22 31 0 500
12 6 11 23 0 500
17 39 9 49 0 500
3 69 20 68 0 500
39 36 43 22 0 500
26 29 22 15 0 500
43 45 55 39 0 500
24 13 19 0 0 500
19 1 36 2 0 500
16 30 10 42 0 500
32 53 19 48 0 500
19 37 33 33 0 500
20 39 19 56 0 500
4 31 2 15 0 500
73 24 62 31 0 500
38 49 35 64 0 500
49 46 54 33 0 500
33 34 31 49 0 500
0 1 2 17 0 500
36 87 30 75 0 500
3 27 11 37 0 500
20 37 9 30 0 500
0 1 16 3 0 500
34 14 18 16 0 500
0 1 10 9 0 500
20 45 6 49 0 500
71 66 58 61 0 500
69 81 55 84 0 500
16 2 3 7 0 500
13 5 27 1 0 500
16 18 4 12 0 500
13 3 21 13 0 500
8 19 2 7 0 500
4 8 4 26 0 500
27 54 32 41 0 500
36 81 52 79 0 500
10 43 17 32 0 500
19 54 17 38 0 500
6 33 11 20 0 500
47 59 49 43 0 500
29 44 28 61 0 500
27 16 42 19 0 500
13 26 27 23 0 500
16 48 8 58 0 500
7 79 5 63 0 500
27 21 22 8 0 500
22 9 31 0 0 500
69 63 60 72 0 500
22 73 17 60 0 500
34 7 48 3 0 500
62 25 79 24 0 500
48 32 47 15 0 500
26 54 40 50 0 500
36 85 43 96 0 500
24 28 39 25 0 500
1 39 16 42 0 500
5 13 3 29 0 500
47 11 55 21 0 500
1 17 10 26 0 500
30 75 41 82 0 500
30 10 27 25 0 500
24 36 40 34 0 500
20 18 20 36 0 500
0 1 12 7 0 500
16 2 10 14 0 500
36 98 39 83 0 500
26 32 13 27 0 500
29 9 41 3 0 500
63 95 53 87 0 500
8 38 13 51 0 500
36 47 49 52 0 500
56 11 54 27 0 500
54 26 61 15 0 500
38 19 48 27 0 500
28 39 31 54 0 500
13 40 13 58 0 500
86 42 83 57 0 500
10 27 20 19 0 500
0 1 2 17 0 500
45 41 43 57 0 500
43 36 43 18 0 500
10 6 23 1 0 500
32 17 31 0 0 500
34 8 34 26 0 500
34 27 50 29 0 500
31 4 23 14 0 500
55 29 64 20 0 500
15 44 21 32 0 500
89 65 96 54 0 500
26 11 12 7 0 500
20 48 23 33 0 500
22 27 28 39 0 500
38 48 37 31 0 500
22 34 7 37 0 500
11 41 16 28 0 500
10 30 22 24 0 500
6 29 14 19 0 500
44 24 29 27 0 500
44 15 30 19 0 500
30 0 32 16 0 500
23 11 40 12 0 500
16 43 6 35 0 500
39 37 54 40 0 500
0 1 7 12 0 500
0 1 9 10 0 500
21 61 21 43 0 500
42 38 45 23 0 500
79 23 88 32 0 500
3 24 18 27 0 500
8 39 22 35 0 500
20 58 31 51 0 500
7 22 15 32 0 500
11 49 15 63 0 500
38 39 47 30 0 500
8 10 14 22 0 500
25 48 15 40 0 500
61 48 73 42 0 500
92 12 89 27 0 500
63 21 61 5 0 500
6 20 5 3 0 500
24 14 9 17 0 500
13 24 14 41 0 500
46 83 38 73 0 500
0 1 15 4 0 500
23 7 10 12 0 500
26 28 23 13 0 500
30 31 20 39 0 500
36 95 29 84 0 500
66 66 55 73 0 500
24 17 15 8 0 500
22 19 18 32 0 500
54 16 38 18 0 500
21 24 4 23 0 500
17 1 26 10 0 500
8 19 22 15 0 500
73 76 61 71 0 500
29 76 37 86 0 500
14 26 16 42 0 500
15 15 32 16 0 500
3 38 17 41 0 500
45 60 34 53 0 500
22 56 31 47 0 500
25 20 10 17 0 500
54 52 66 46 0 500
70 45 76 57 0 500
16 24 30 20 0 500
17 87 11 99 0 500
78 57 93 60 0 500
24 17 34 25 0 500
17 43 7 51 0 500
51 80 62 73 0 500
19 10 4 7 0 500
32 12 22 4 0 500
0 1 16 3 0 500
34 21 39 8 0 500
31 19 18 14 0 500
25 15 12 10 0 500
15 10 20 23 0 500
20 22 6 26 0 500
70 87 54 85 0 500
14 7 7 18 0 500
23 41 12 34 0 500
9 72 5 86 0 500
15 41 20 28 0 500
85 73 74 79 0 500
11 39 24 44 0 500
39 55 26 50 0 500
26 60 18 50 0 500
41 42 33 52 0 500
24 25 38 29 0 500
42 46 48 58 0 500
15 34 30 37 0 500
65 40 64 57 0 500
68 59 77 68 0 500
11 35 3 25 0 500
20 31 4 30 0 500
71 81 83 87 0 500
35 47 39 61 0 500
30 60 13 59 0 500
24 13 30 1 0 500
52 98 40 92 0 500
0 1 8 11 0 500
13 52 8 65 0 500
7 64 6 80 0 500
7 21 18 14 0 500
15 50 23 60 0 500
84 29 84 47 0 500
2 16 12 24 0 500
26 51 40 55 0 500
31 75 27 89 0 500
58 65 70 71 0 500
55 42 49 54 0 500
39 82 30 91 0 500
14 40 18 54 0 500
5 10 3 26 0 500
32 12 16 10 0 500
14 7 23 16 0 500
41 8 31 16 0 500
2 83 6 97 0 500
51 68 50 51 0 500
67 38 77 30 0 500
0 1 14 5 0 500
46 5 59 9 0 500
37 60 29 50 0 500
93 63 85 54 0 500
0 42 11 49 0 500
64 19 64 37 0 500
16 48 17 65 0 500
30 33 21 42 0 500
33 30 26 41 0 500
62 4 57 17 0 500
25 34 15 42 0 500
34 54 50 53 0 500
20 34 28 24 0 500
22 3 7 6 0 500
25 21 34 13 0 500
3 44 2 61 0 500
37 9 54 10 0 500
48 18 64 16 0 500
25 39 31 27 0 500
55 74 59 88 0 500
0 1 7 12 0 500
14 17 14 35 0 500
46 36 38 26 0 500
39 28 43 14 0 500
56 3 39 4 0 500
22 7 10 12 0 500
23 17 36 22 0 500
36 18 37 35 0 500
3 18 14 24 0 500
9 35 3 23 0 500
21 16 19 0 0 500
22 11 7 14 0 500
27 10 42 7 0 500
45 2 43 17 0 500
0 1 5 14 0 500
51 10 63 16 0 500
8 27 4 13 0 500
20 37 21 20 0 500
20 25 17 10 0 500
45 6 33 12 0 500
72 36 63 27 0 500
60 27 46 31 0 500
11 24 11 6 0 500
21 24 33 18 0 500
38 37 21 36 0 500
33 53 50 54 0 500
55 27 59 41 0 500
58 40 58 57 0 500
60 90 57 75 0 500
20 17 20 34 0 500
1 60 8 71 0 500
21 19 21 1 0 500
32 66 26 78 0 500
8 29 22 33 0 500
29 82 46 83 0 500
20 45 13 34 0 500
0 53 5 66 0 500
43 30 55 24 0 500
10 10 21 3 0 500
18 15 27 6 0 500
11 98 14 83 0 500
74 78 82 88 0 500
7 7 24 6 0 500
12 90 19 79 0 500
19 80 4 77 0 500
0 24 8 14 0 500
53 18 49 31 0 500
84 51 71 55 0 500
35 7 21 3 0 500
4 27 9 40 0 500
56 78 70 82 0 500
17 20 10 31 0 500
7 48 21 44 0 500
22 50 32 42 0 500
3 83 0 69 0 500
12 17 27 14 0 500
10 22 10 5 0 500
45 44 34 51 0 500
23 5 39 4 0 500
0 1 0 19 0 500
7 13 23 15 0 500
34 52 51 51 0 500
4 21 11 31 0 500
49 14 51 30 0 500
38 71 48 63 0 500
22 23 23 40 0 500
9 35 14 47 0 500
22 11 22 29 0 500
15 29 28 34 0 500
26 25 18 35 0 500
18 57 6 62 0 500
39 5 39 23 0 500
18 30 20 46 0 500
1 23 14 28 0 500
4 24 14 16 0 500
32 57 44 63 0 500
27 57 28 40 0 500
4 16 16 10 0 500
52 92 67 89 0 500
50 24 53 9 0 500
27 48 12 45 0 500
37 2 27 10 0 500
61 10 61 28 0 500
6 15 13 25 0 500
26 72 23 87 0 500
16 40 24 50 0 500
0 1 13 6 0 500
13 43 18 56 0 500
49 81 38 88 0 500
13 0 27 4 0 500
15 39 0 37 0 500
5 22 20 19 0 500
98 55 85 60 0 500
16 3 31 5 0 500
21 49 22 32 0 500
60 52 77 53 0 500
31 28 19 22 0 500
35 83 20 80 0 500
15 77 22 88 0 500
53 15 42 8 0 500
26 62 21 75 0 500
39 23 53 27 0 500
24 76 16 86 0 500
51 38 48 53 0 500
43 36 43 54 0 500
20 29 3 28 0 500
16 9 18 25 0 500
94 54 87 65 0 500
0 20 8 10 0 500
8 11 16 21 0 500
18 9 14 23 0 500
28 69 22 57 0 500
19 18 22 3 0 500
58 22 68 30 0 500
33 53 33 70 0 500
5 24 5 42 0 500
17 31 18 14 0 500
21 4 21 22 0 500
27 5 13 1 0 500
34 70 26 80 0 500
47 23 36 17 0 500
83 66 77 54 0 500
36 11 53 12 0 500
88 13 73 16 0 500
30 33 29 16 0 500
0 1 7 12 0 500
36 18 39 33 0 500
33 62 36 77 0 500
36 78 31 91 0 500
2 19 2 1 0 500
49 76 33 74 0 500
6 31 2 45 0 500
44 65 41 50 0 500
26 54 37 48 0 500
47 16 41 4 0 500
16 31 27 24 0 500
53 17 45 7 0 500
15 45 15 63 0 500
17 66 22 53 0 500
21 2 25 16 0 500
41 46 48 35 0 500
38 32 47 23 0 500
26 8 42 10 0 500
30 24 21 33 0 500
13 26 0 21 0 500
18 21 19 38 0 500
10 28 10 46 0 500
39 67 29 60 0 500
0 1 2 17 0 500
64 38 71 49 0 500
20 8 23 22 0 500
55 52 43 46 0 500
39 47 41 63 0 500
8 68 20 62 0 500
51 63 40 57 0 500
16 31 12 45 0 500
4 78 8 64 0 500
0 1 7 12 0 500
16 3 24 12 0 500
20 77 26 89 0 500
33 2 29 16 0 500
54 34 54 52 0 500
17 23 27 15 0 500
34 23 22 17 0 500
76 67 91 70 0 500
48 35 45 20 0 500
37 90 21 88 0 500
27 74 25 90 0 500
25 92 38 96 0 500
63 81 46 82 0 500
14 21 20 9 0 500
54 26 56 10 0 500
30 18 42 12 0 500
14 25 9 38 0 500
36 3 40 17 0 500
33 4 21 10 0 500
8 28 4 42 0 500
29 37 21 27 0 500
30 34 17 39 0 500
14 55 20 43 0 500
26 36 14 42 0 500
27 58 38 65 0 500
6 70 13 81 0 500
25 23 17 13 0 500
47 60 62 63 0 500
22 51 18 64 0 500
1 7 12 14 0 500
15 32 15 14 0 500
22 25 13 16 0 500
41 13 46 0 0 500
12 4 28 2 0 500
58 96 56 80 0 500
21 3 16 16 0 500
18 87 25 76 0 500
30 17 30 35 0 500
1 18 7 6 0 500
23 7 8 4 0 500
32 64 29 79 0 500
34 5 44 13 0 500
1 91 15 95 0 500
5 38 11 50 0 500
40 91 30 83 0 500
9 27 20 20 0 500
33 39 26 29 0 500
26 5 18 15 0 500
27 27 40 32 0 500
40 33 56 35 0 500
28 83 32 97 0 500
32 23 46 19 0 500
9 53 4 66 0 500
31 27 33 42 0 500
11 21 23 15 0 500
16 16 27 9 0 500
22 28 16 16 0 500
17 58 1 60 0 500
0 1 4 15 0 500
33 25 25 15 0 500
36 51 25 58 0 500
13 7 11 23 0 500
31 22 19 28 0 500
18 26 9 35 0 500
14 39 27 44 0 500
0 1 6 13 0 500
36 91 44 81 0 500
13 7 28 10 0 500
42 7 39 22 0 500
35 52 37 36 0 500
54 1 37 2 0 500
47 63 45 47 0 500
4 16 0 2 0 500
15 21 10 8 0 500
19 12 15 26 0 500
14 6 10 20 0 500
24 8 16 18 0 500
11 9 12 26 0 500
28 12 31 27 0 500
5 26 19 30 0 500
39 16 39 34 0 500
43 42 55 36 0 500
51 87 67 88 0 500
48 47 51 32 0 500
28 43 35 54 0 500
15 39 12 54 0 500
0 24 17 25 0 500
5 13 11 25 0 500
13 24 9 38 0 500
13 18 0 23 0 500
5 48 19 52 0 500
44 44 44 62 0 500
28 38 28 20 0 500
6 74 22 72 0 500
0 1 4 15 0 500
1 17 5 31 0 500
59 34 63 20 0 500
7 11 21 15 0 500
45 23 50 36 0 500
63 37 75 31 0 500
49 35 35 31 0 500
32 12 49 13 0 500
16 23 33 22 0 500
15 12 30 9 0 500
10 25 14 11 0 500
42 29 28 33 0 500
21 19 33 25 0 500
13 16 30 15 0 500
48 26 38 33 0 500
30 9 34 23 0 500
15 40 22 50 0 500
35 20 32 35 0 500
7 13 17 5 0 500
28 33 26 49 0 500
25 38 34 29 0 500
34 30 22 36 0 500
19 5 35 3 0 500
60 58 59 41 0 500
25 9 32 20 0 500
19 23 4 26 0 500
0 1 9 10 0 500
17 19 9 9 0 500
25 46 28 61 0 500
0 1 11 8 0 500
35 13 21 17 0 500
28 2 25 17 0 500
77 32 80 47 0 500
20 4 11 13 0 500
28 62 33 75 0 500
21 10 14 20 0 500
14 5 18 18 0 500
10 29 21 22 0 500
8 31 24 33 0 500
27 44 34 33 0 500
17 38 13 52 0 500
21 14 32 7 0 500
1 19 8 30 0 500
11 40 12 57 0 500
41 22 27 18 0 500
63 69 48 67 0 500
13 23 9 9 0 500
5 66 13 76 0 500
4 14 6 30 0 500
62 21 51 28 0 500
22 5 12 13 0 500
98 79 96 95 0 500
18 55 5 50 0 500
51 29 56 16 0 500
29 40 15 44 0 500
24 15 26 31 0 500
12 35 26 39 0 500
17 3 13 17 0 500
12 11 21 2 0 500
26 11 24 27 0 500
24 13 23 30 0 500
3 39 8 52 0 500
16 15 27 8 0 500
22 15 9 20 0 500
63 67 68 80 0 500
21 14 11 22 0 500
50 55 45 42 0 500
1 19 9 29 0 500
17 1 14 15 0 500
14 16 31 17 0 500
31 18 39 8 0 500
6 78 19 73 0 500
7 13 19 7 0 500
39 23 38 6 0 500
6 93 22 94 0 500
12 15 12 33 0 500
34 18 44 10 0 500
42 23 35 12 0 500
41 51 28 56 0 500
6 12 5 29 0 500
17 24 6 17 0 500
0 1 7 12 0 500
11 4 2 13 0 500
58 21 71 16 0 500
18 14 6 20 0 500
21 47 21 29 0 500
61 33 56 46 0 500
21 30 25 43 0 500
26 31 37 24 0 500
8 42 15 31 0 500
29 57 39 65 0 500
94 55 88 43 0 500
36 44 20 46 0 500
19 31 24 18 0 500
37 49 41 63 0 500
31 48 18 44 0 500
16 27 29 32 0 500
31 53 14 54 0 500
59 43 51 53 0 500
17 41 3 45 0 500
27 20 27 38 0 500
9 81 8 64 0 500
88 44 90 60 0 500
40 37 47 48 0 500
5 73 15 81 0 500
16 13 15 30 0 500
19 38 21 22 0 500
11 22 11 40 0 500
8 15 10 31 0 500
21 29 26 16 0 500
16 6 11 19 0 500
52 40 39 35 0 500
11 9 22 16 0 500
22 13 8 9 0 500
30 26 19 33 0 500
53 72 63 80 0 500
33 56 28 43 0 500
1 27 9 37 0 500
50 17 35 20 0 500
4 34 17 39 0 500
32 44 22 36 0 500
12 51 15 66 0 500
36 5 22 9 0 500
0 1 10 9 0 500
23 80 24 63 0 500
49 20 45 34 0 500
21 49 28 38 0 500
12 55 27 58 0 500
41 29 34 18 0 500
76 56 68 66 0 500
21 16 17 2 0 500
54 40 38 38 0 500
10 21 23 16 0 500
35 24 40 37 0 500
28 63 24 77 0 500
27 1 39 7 0 500
25 34 11 38 0 500
10 1 18 11 0 500
57 4 40 3 0 500
36 9 48 3 0 500
54 62 53 79 0 500
29 4 32 19 0 500
28 3 35 14 0 500
54 15 57 30 0 500
25 92 24 75 0 500
32 49 49 50 0 500
6 19 1 6 0 500
35 52 47 58 0 500
10 52 4 64 0 500
66 53 78 59 0 500
36 34 36 52 0 500
72 6 67 19 0 500
3 44 9 55 0 500
21 19 28 8 0 500
23 0 34 7 0 500
36 35 39 20 0 500
0 20 17 19 0 500
41 35 39 51 0 500
10 6 22 12 0 500
43 45 31 51 0 500
19 31 16 45 0 500
26 97 20 85 0 500
23 29 12 22 0 500
31 20 16 17 0 500
12 64 7 77 0 500
32 34 26 22 0 500
32 25 29 10 0 500
17 1 8 10 0 500
6 82 6 99 0 500
7 11 16 20 0 500
64 81 61 96 0 500
47 6 53 18 0 500
3 15 17 19 0 500
23 14 26 29 0 500
37 42 28 51 0 500
45 19 55 27 0 500
9 43 21 49 0 500
23 36 31 46 0 500
72 53 59 58 0 500
28 41 42 45 0 500
25 38 19 26 0 500
4 23 9 36 0 500
97 53 81 51 0 500
25 12 40 9 0 500
10 6 11 23 0 500
8 15 5 0 0 500
28 29 21 40 0 500
65 55 71 67 0 500
26 16 31 29 0 500
46 76 54 86 0 500
18 19 19 2 0 500
43 54 29 50 0 500
8 70 12 56 0 500
29 96 21 87 0 500
23 30 32 39 0 500
12 44 16 30 0 500
14 40 30 38 0 500
28 42 45 41 0 500
39 46 24 43 0 500
22 26 36 22 0 500
20 7 33 12 0 500
0 1 6 13 0 500
13 18 9 4 0 500
7 13 5 29 0 500
3 22 15 28 0 500
53 44 52 61 0 500
26 91 26 73 0 500
29 40 29 58 0 500
50 50 66 52 0 500
14 6 12 22 0 500
46 29 47 12 0 500
49 19 62 24 0 500
2 35 15 40 0 500
6 96 0 84 0 500
8 12 5 27 0 500
27 14 11 16 0 500
59 71 64 84 0 500
15 19 19 33 0 500
63 74 60 89 0 500
61 73 76 75 0 500
12 41 18 29 0 500
12 8 6 20 0 500
6 45 19 50 0 500
17 59 5 53 0 500
23 27 35 21 0 500
19 22 30 28 0 500
49 46 65 48 0 500
49 47 40 38 0 500
0 1 11 8 0 500
3 33 17 29 0 500
59 24 61 8 0 500
38 11 54 9 0 500
33 19 39 31 0 500
53 45 57 31 0 500
73 7 57 5 0 500
38 37 45 27 0 500
5 33 21 31 0 500
14 6 29 3 0 500
29 35 45 33 0 500
7 48 19 42 0 500
0 1 2 17 0 500
32 20 48 18 0 500
20 28 9 35 0 500
80 55 82 71 0 500
82 69 75 79 0 500
13 98 15 83 0 500
40 13 35 26 0 500
18 33 11 23 0 500
54 11 54 29 0 500
15 4 22 14 0 500
33 23 23 31 0 500
21 31 30 40 0 500
29 20 31 36 0 500
19 61 33 57 0 500
55 16 46 24 0 500
17 16 31 20 0 500
0 1 5 14 0 500
43 74 51 65 0 500
53 60 51 44 0 500
1 13 8 24 0 500
88 38 76 44 0 500
6 19 22 21 0 500
63 24 47 26 0 500
24 41 19 28 0 500
12 52 26 48 0 500
0 21 0 3 0 500
29 52 42 47 0 500
6 22 19 27 0 500
12 26 0 20 0 500
34 56 25 65 0 500
72 44 73 60 0 500
9 75 1 85 0 500
16 18 3 13 0 500
13 51 13 69 0 500
31 24 20 17 0 500
59 27 45 23 0 500
18 80 35 81 0 500
32 61 32 43 0 500
37 20 48 13 0 500
50 37 42 47 0 500
31 37 40 28 0 500
15 82 21 94 0 500
22 20 31 29 0 500
91 6 91 24 0 500
22 30 35 25 0 500
23 97 14 88 0 500
37 21 25 27 0 500
16 1 21 13 0 500
48 54 51 69 0 500
6 64 6 46 0 500
4 16 9 29 0 500
26 11 21 23 0 500
5 39 0 52 0 500
22 35 11 42 0 500
18 4 24 16 0 500
49 29 53 43 0 500
7 10 7 28 0 500
32 32 16 30 0 500
1 78 2 95 0 500
24 32 29 44 0 500
40 57 25 60 0 500
22 28 14 38 0 500
39 19 25 15 0 500
0 26 3 12 0 500
22 25 20 41 0 500
31 38 18 43 0 500
43 60 46 75 0 500
3 27 15 21 0 500
27 30 18 22 0 500
51 74 46 61 0 500
3 6 8 19 0 500
33 32 49 30 0 500
50 79 35 76 0 500
43 50 52 41 0 500
23 5 19 19 0 500
23 7 23 25 0 500
19 53 12 42 0 500
27 15 36 24 0 500
0 1 13 6 0 500
4 17 18 14 0 500
68 67 60 57 0 500
18 26 2 28 0 500
13 71 28 69 0 500
48 94 41 83 0 500
65 49 75 41 0 500
26 81 26 63 0 500
11 7 19 17 0 500
16 28 20 14 0 500
23 15 34 22 0 500
32 42 47 45 0 500
38 29 35 44 0 500
18 45 27 36 0 500
0 3 8 13 0 500
37 53 48 47 0 500
52 61 56 47 0 500
34 15 46 21 0 500
27 51 38 58 0 500
15 32 20 45 0 500
55 29 56 12 0 500
43 21 36 10 0 500
44 78 47 93 0 500
34 19 24 11 0 500
23 72 33 79 0 500
40 33 56 31 0 500
20 84 6 80 0 500
9 35 6 20 0 500
68 56 76 66 0 500
27 36 35 46 0 500
20 6 16 19 0 500
3 8 15 2 0 500
51 69 40 62 0 500
1 1 10 9 0 500
0 2 11 8 0 500
55 7 59 21 0 500
22 33 12 41 0 500
34 74 49 77 0 500
0 1 8 11 0 500
62 34 71 25 0 500
22 15 7 12 0 500
32 52 28 66 0 500
0 1 5 14 0 500
35 30 47 24 0 500
16 13 15 30 0 500
32 18 19 13 0 500
25 20 9 22 0 500
9 23 20 16 0 500
31 27 19 33 0 500
22 24 30 34 0 500
51 20 59 10 0 500
54 33 67 37 0 500
31 58 16 61 0 500
21 47 13 37 0 500
23 75 12 68 0 500
34 10 47 15 0 500
55 12 40 15 0 500
47 11 30 10 0 500
40 48 23 47 0 500
15 93 32 92 0 500
11 14 19 4 0 500
35 34 43 24 0 500
19 22 8 29 0 500
49 26 45 12 0 500
0 20 2 4 0 500
13 42 1 36 0 500
29 2 29 20 0 500
53 13 53 31 0 500
29 9 28 26 0 500
39 11 51 5 0 500
63 51 79 53 0 500
74 37 61 33 0 500
30 29 39 38 0 500
26 30 26 12 0 500
20 15 29 6 0 500
7 31 24 30 0 500
38 34 47 25 0 500
18 7 3 4 0 500
0 4 14 1 0 500
13 0 28 3 0 500
13 24 20 13 0 500
32 18 49 19 0 500
47 27 64 28 0 500
19 44 33 40 0 500
16 30 23 19 0 500
17 1 33 3 0 500
0 1 12 7 0 500
21 56 21 39 0 500
9 19 24 22 0 500
0 1 5 14 0 500
8 31 12 17 0 500
38 33 42 47 0 500
5 28 21 26 0 500
6 98 10 84 0 500
34 19 37 34 0 500
66 39 49 40 0 500
24 62 20 48 0 500
0 24 14 20 0 500
8 25 22 29 0 500
30 18 38 28 0 500
32 68 45 73 0 500
53 69 68 66 0 500
29 6 42 1 0 500
38 45 38 63 0 500
1 16 13 11 0 500
49 76 60 69 0 500
0 1 1 18 0 500
36 20 20 22 0 500
31 60 26 73 0 500
72 52 68 38 0 500
28 40 23 28 0 500
5 60 7 76 0 500
16 27 5 34 0 500
15 5 18 20 0 500
26 47 30 61 0 500
26 3 23 18 0 500
59 49 48 55 0 500
5 66 16 72 0 500
13 6 13 24 0 500
4 11 20 9 0 500
41 55 42 38 0 500
33 53 41 63 0 500
30 44 14 42 0 500
1 17 0 0 0 500
29 39 18 46 0 500
5 13 4 30 0 500
19 63 19 81 0 500
28 33 38 41 0 500
0 1 11 8 0 500
18 40 24 52 0 500
14 38 10 24 0 500
10 34 26 32 0 500
25 43 26 60 0 500
40 12 25 15 0 500
87 35 72 32 0 500
22 34 11 41 0 500
35 82 49 86 0 500
57 40 44 45 0 500
53 55 57 41 0 500
37 24 36 41 0 500
77 55 70 44 0 500
8 79 5 94 0 500
8 87 5 72 0 500
45 37 53 27 0 500
6 34 17 28 0 500
68 22 73 35 0 500
44 17 33 24 0 500
11 7 22 14 0 500
0 1 1 18 0 500
12 71 28 69 0 500
26 45 40 49 0 500
13 5 2 12 0 500
97 87 85 92 0 500
11 69 20 60 0 500
0 18 7 29 0 500
29 83 16 78 0 500
0 1 1 18 0 500
0 1 10 9 0 500
82 87 79 72 0 500
79 73 93 69 0 500
27 42 22 29 0 500
16 78 4 84 0 500
34 19 38 5 0 500
71 65 60 58 0 500
8 12 21 7 0 500
3 15 10 26 0 500
32 21 48 19 0 500
35 26 22 31 0 500
15 72 5 64 0 500
58 32 62 46 0 500
16 4 28 10 0 500
42 33 40 49 0 500
23 21 16 10 0 500
70 36 83 41 0 500
3 15 11 5 0 500
65 65 53 59 0 500
29 66 29 48 0 500
48 2 40 11 0 500
22 30 16 42 0 500
16 43 14 59 0 500
30 35 15 38 0 500
9 29 10 46 0 500
65 44 74 35 0 500
3 52 17 48 0 500
13 77 12 93 0 500
13 40 0 45 0 500
31 69 23 59 0 500
11 24 27 26 0 500
51 28 43 38 0 500
25 54 24 37 0 500
97 57 87 49 0 500
49 14 43 26 0 500
7 30 20 35 0 500
24 47 21 62 0 500
0 54 4 68 0 500
0 1 9 10 0 500
11 37 23 43 0 500
28 61 39 54 0 500
12 22 27 19 0 500
15 27 30 30 0 500
39 42 54 45 0 500
0 1 6 13 0 500
43 20 51 30 0 500
31 39 32 23 0 500
24 51 13 44 0 500
6 43 18 37 0 500
0 1 4 15 0 500
0 1 11 8 0 500
79 38 87 48 0 500
48 75 64 73 0 500
15 25 17 9 0 500
17 1 33 3 0 500
21 20 22 3 0 500
