100 100 200 1000 29 100
25 10 17 0 0 100
7 11 12 24 0 100
16 2 11 15 0 100
0 1 11 8 0 100
20 37 33 42 0 100
4 17 2 2 0 100
24 1 27 16 0 100
24 13 32 23 0 100
0 1 16 3 0 100
26 13 26 31 0 100
11 7 2 16 0 100
1 25 12 18 0 100
0 1 7 12 0 100
22 34 13 25 0 100
2 17 18 19 0 100
15 5 11 19 0 100
13 2 26 7 0 100
38 12 43 25 0 100
0 1 12 7 0 100
6 50 15 42 0 100
4 11 20 9 0 100
0 1 16 3 0 100
19 12 7 18 0 100
0 1 6 13 0 100
15 12 26 19 0 100
31 2 46 5 0 100
12 26 0 21 0 100
30 19 41 12 0 100
7 7 24 6 0 100
0 37 5 49 0 100
23 52 31 62 0 100
8 10 25 11 0 100
25 13 11 17 0 100
0 18 10 10 0 100
16 2 28 8 0 100
9 22 20 15 0 100
1 19 6 32 0 100
13 50 16 35 0 100
0 1 5 14 0 100
16 1 31 4 0 100
25 17 27 1 0 100
31 16 34 1 0 100
25 11 41 10 0 100
3 27 19 25 0 100
57 10 52 23 0 100
21 37 26 49 0 100
1 1 10 9 0 100
16 12 30 16 0 100
1 13 3 29 0 100
0 1 8 11 0 100
16 24 30 20 0 100
4 14 16 20 0 100
23 14 6 13 0 100
21 16 15 4 0 100
7 28 19 34 0 100
15 3 26 10 0 100
25 21 29 35 0 100
10 8 25 11 0 100
0 1 3 16 0 100
26 24 21 11 0 100
6 10 11 23 0 100
10 10 27 11 0 100
14 23 14 41 0 100
0 1 4 15 0 100
16 2 3 7 0 100
8 17 25 16 0 100
0 1 11 8 0 100
0 1 6 13 0 100
32 24 18 20 0 100
35 2 20 5 0 100
5 24 16 31 0 100
3 15 19 17 0 100
4 0 3 17 0 100
33 20 33 37 0 100
5 24 12 13 0 100
9 33 0 41 0 100
0 1 1 18 0 100
15 3 14 20 0 100
10 42 22 36 0 100
22 16 32 24 0 100
9 27 22 22 0 100
0 1 4 15 0 100
24 15 25 32 0 100
19 25 30 18 0 100
12 15 6 3 0 100
24 28 39 25 0 100
17 15 26 24 0 100
12 6 29 7 0 100
35 40 35 58 0 100
7 20 17 12 0 100
9 11 25 13 0 100
9 36 21 30 0 100
6 15 6 33 0 100
6 1 1 14 0 100
3 26 7 40 0 100
0 1 4 15 0 100
4 14 12 4 0 100
12 25 21 16 0 100
0 1 10 9 0 100
20 31 6 35 0 100
0 1 15 4 0 100
11 26 25 22 0 100
21 8 30 17 0 100
33 1 36 16 0 100
36 21 39 36 0 100
16 5 14 20 0 100
5 15 11 27 0 100
30 7 30 25 0 100
30 24 22 34 0 100
0 1 17 0 0 100
0 1 2 17 0 100
16 4 24 14 0 100
20 11 26 23 0 100
4 14 13 23 0 100
39 35 55 36 0 100
26 0 28 16 0 100
7 13 13 1 0 100
10 30 22 24 0 100
10 8 2 18 0 100
0 1 6 13 0 100
8 13 22 10 0 100
15 5 31 3 0 100
6 7 16 15 0 100
0 1 13 6 0 100
0 2 1 18 0 100
23 20 10 25 0 100
1 18 7 6 0 100
1 1 8 11 0 100
11 35 3 25 0 100
3 24 2 7 0 100
5 5 15 13 0 100
0 1 16 3 0 100
4 14 16 8 0 100
12 1 11 18 0 100
35 3 27 12 0 100
22 22 17 10 0 100
9 3 16 13 0 100
0 1 13 6 0 100
0 1 9 10 0 100
0 1 3 16 0 100
0 1 15 4 0 100
0 1 5 14 0 100
3 26 18 23 0 100
24 31 16 40 0 100
16 6 18 21 0 100
14 23 22 33 0 100
16 2 3 7 0 100
31 44 20 37 0 100
18 8 27 17 0 100
15 20 11 6 0 100
5 42 5 25 0 100
2 3 11 12 0 100
16 23 17 40 0 100
2 54 15 49 0 100
22 14 34 8 0 100
19 18 27 28 0 100
12 5 28 7 0 100
29 8 22 19 0 100
30 18 18 12 0 100
14 36 26 42 0 100
10 10 18 0 0 100
2 1 16 5 0 100
0 1 0 19 0 100
0 1 5 14 0 100
2 27 18 25 0 100
17 1 23 13 0 100
19 18 22 33 0 100
1 19 4 34 0 100
7 11 23 13 0 100
10 12 11 29 0 100
0 1 15 4 0 100
0 1 1 18 0 100
18 3 26 12 0 100
4 6 3 23 0 100
20 19 19 36 0 100
0 1 13 6 0 100
2 35 2 53 0 100
2 11 10 21 0 100
11 7 27 9 0 100
10 11 19 3 0 100
0 20 10 28 0 100
22 5 12 13 0 100
0 1 8 11 0 100
14 23 22 33 0 100
0 1 8 11 0 100
0 1 0 19 0 100
29 25 39 33 0 100
3 22 17 18 0 100
0 1 6 13 0 100
4 24 19 21 0 100
0 1 15 4 0 100
0 3 8 13 0 100
0 1 3 16 0 100
13 26 6 15 0 100
24 3 16 13 0 100
0 1 17 0 0 100
0 1 14 5 0 100
25 1 40 3 0 100
28 10 36 0 0 100
33 7 33 25 0 100
22 4 9 0 0 100
19 16 12 5 0 100
24 1 20 15 0 100
17 35 12 22 0 100
19 20 12 9 0 100
11 14 25 10 0 100
23 5 14 14 0 100
13 26 12 43 0 100
20 26 33 31 0 100
4 14 12 4 0 100
9 35 6 20 0 100
25 12 31 24 0 100
19 20 12 9 0 100
0 1 6 13 0 100
11 11 0 4 0 100
0 18 15 21 0 100
17 20 4 25 0 100
24 13 16 23 0 100
22 34 32 26 0 100
23 8 8 11 0 100
0 1 14 5 0 100
20 17 9 24 0 100
10 19 5 6 0 100
9 7 9 25 0 100
7 13 0 2 0 100
24 12 19 24 0 100
0 1 0 19 0 100
26 13 43 14 0 100
16 21 15 38 0 100
15 39 9 27 0 100
12 44 19 33 0 100
0 1 16 3 0 100
3 21 13 13 0 100
0 1 15 4 0 100
3 15 20 16 0 100
2 21 7 8 0 100
14 6 15 23 0 100
15 6 27 11 0 100
30 26 31 43 0 100
8 12 24 14 0 100
0 2 16 3 0 100
6 12 3 27 0 100
21 12 33 6 0 100
8 32 6 16 0 100
11 16 20 25 0 100
0 1 9 10 0 100
0 2 1 18 0 100
25 15 39 19 0 100
36 1 49 6 0 100
0 1 13 6 0 100
25 14 18 25 0 100
0 1 0 19 0 100
1 17 11 25 0 100
16 1 7 9 0 100
8 12 17 21 0 100
4 10 3 27 0 100
11 7 11 25 0 100
22 20 33 13 0 100
1 19 9 9 0 100
2 16 14 22 0 100
0 1 11 8 0 100
15 3 30 6 0 100
1 1 13 6 0 100
12 29 26 25 0 100
9 9 21 15 0 100
16 7 4 1 0 100
17 2 2 4 0 100
0 1 1 18 0 100
11 0 23 6 0 100
0 1 17 2 0 100
7 13 8 30 0 100
14 14 31 15 0 100
35 19 35 1 0 100
22 32 10 38 0 100
27 7 16 0 0 100
13 7 14 24 0 100
7 28 7 46 0 100
17 20 10 31 0 100
0 20 2 36 0 100
17 48 11 60 0 100
18 2 22 15 0 100
12 15 7 28 0 100
5 16 22 15 0 100
6 12 6 30 0 100
24 15 10 11 0 100
33 24 16 25 0 100
18 26 10 36 0 100
15 5 25 13 0 100
0 18 9 27 0 100
12 6 12 24 0 100
0 2 4 15 0 100
13 14 28 11 0 100
9 1 12 16 0 100
22 15 10 9 0 100
11 3 6 15 0 100
0 1 12 7 0 100
1 0 6 13 0 100
11 16 16 29 0 100
0 2 15 4 0 100
0 1 15 4 0 100
18 28 10 38 0 100
12 29 20 19 0 100
0 2 3 16 0 100
0 1 10 9 0 100
14 21 13 4 0 100
0 1 7 12 0 100
7 11 23 9 0 100
28 10 22 21 0 100
10 29 15 16 0 100
22 1 38 3 0 100
39 24 56 23 0 100
33 30 47 34 0 100
15 5 13 21 0 100
12 22 9 37 0 100
16 41 9 52 0 100
1 1 3 16 0 100
3 17 11 7 0 100
11 6 12 23 0 100
14 6 8 18 0 100
0 1 17 0 0 100
43 13 44 30 0 100
0 1 1 18 0 100
12 8 22 0 0 100
34 20 31 5 0 100
19 25 30 18 0 100
0 1 5 14 0 100
9 26 9 8 0 100
1 20 12 14 0 100
1 18 16 20 0 100
5 50 5 68 0 100
41 9 57 11 0 100
12 4 27 1 0 100
15 22 29 18 0 100
21 12 14 23 0 100
0 2 16 3 0 100
0 1 16 3 0 100
12 23 28 25 0 100
31 36 26 49 0 100
1 21 8 32 0 100
17 11 32 8 0 100
32 25 32 7 0 100
0 1 0 19 0 100
15 14 26 21 0 100
0 1 6 13 0 100
17 1 16 18 0 100
15 37 19 51 0 100
28 8 13 5 0 100
13 26 19 14 0 100
3 2 10 13 0 100
0 1 11 8 0 100
8 14 12 28 0 100
34 17 36 33 0 100
16 2 13 17 0 100
1 19 13 25 0 100
13 5 2 12 0 100
3 6 2 23 0 100
18 26 9 35 0 100
9 28 22 33 0 100
24 6 9 3 0 100
3 29 8 42 0 100
21 10 14 20 0 100
31 6 27 20 0 100
18 11 34 13 0 100
0 1 12 7 0 100
19 31 11 22 0 100
13 4 19 16 0 100
6 13 21 11 0 100
28 17 11 16 0 100
22 8 24 23 0 100
19 18 33 22 0 100
3 31 0 46 0 100
11 0 4 11 0 100
22 19 33 26 0 100
10 25 14 11 0 100
13 0 1 6 0 100
15 17 5 25 0 100
26 28 36 36 0 100
27 10 33 22 0 100
19 15 11 25 0 100
9 6 25 8 0 100
15 24 15 6 0 100
0 1 14 5 0 100
8 17 19 24 0 100
15 41 5 49 0 100
37 19 24 14 0 100
33 39 26 29 0 100
12 3 26 7 0 100
21 16 17 2 0 100
23 34 18 47 0 100
25 9 34 18 0 100
0 1 17 0 0 100
0 1 0 19 0 100
17 22 22 35 0 100
14 15 2 21 0 100
0 1 10 9 0 100
0 1 12 7 0 100
4 14 20 12 0 100
6 12 14 22 0 100
6 21 14 31 0 100
9 26 10 9 0 100
0 1 10 9 0 100
14 6 5 15 0 100
15 3 12 17 0 100
0 2 2 17 0 100
32 17 31 0 0 100
13 12 20 1 0 100
8 9 21 13 0 100
0 20 7 9 0 100
9 9 1 19 0 100
20 4 21 21 0 100
21 10 21 28 0 100
12 18 6 29 0 100
16 15 27 8 0 100
24 25 24 42 0 100
0 1 15 4 0 100
0 1 9 10 0 100
0 1 13 6 0 100
27 10 34 21 0 100
0 2 1 18 0 100
13 5 17 19 0 100
21 15 13 25 0 100
12 27 14 11 0 100
10 19 13 4 0 100
16 36 10 24 0 100
6 31 19 26 0 100
44 29 28 27 0 100
2 19 8 31 0 100
12 21 4 11 0 100
0 1 11 8 0 100
25 15 10 18 0 100
16 4 13 19 0 100
1 32 17 34 0 100
12 16 20 25 0 100
35 4 23 10 0 100
22 18 24 2 0 100
2 16 7 29 0 100
0 1 12 7 0 100
19 0 3 2 0 100
0 1 6 13 0 100
0 1 15 4 0 100
1 16 6 3 0 100
20 14 6 10 0 100
12 16 27 13 0 100
16 4 27 11 0 100
0 1 8 11 0 100
38 18 53 15 0 100
12 10 24 16 0 100
10 16 3 27 0 100
3 6 20 5 0 100
8 10 14 22 0 100
5 13 22 12 0 100
9 11 22 6 0 100
0 1 4 15 0 100
0 1 13 6 0 100
28 3 38 11 0 100
5 28 19 32 0 100
17 1 21 15 0 100
11 9 23 15 0 100
13 4 19 16 0 100
17 16 5 22 0 100
0 1 7 12 0 100
0 20 17 19 0 100
12 32 13 49 0 100
5 15 15 7 0 100
24 19 28 5 0 100
0 1 10 9 0 100
0 1 0 19 0 100
6 12 13 1 0 100
17 22 11 34 0 100
0 1 0 19 0 100
14 4 17 19 0 100
4 16 14 8 0 100
0 1 3 16 0 100
4 16 14 24 0 100
31 6 18 11 0 100
0 1 2 17 0 100
17 1 3 5 0 100
7 23 13 11 0 100
13 22 15 38 0 100
0 1 17 0 0 100
9 11 20 4 0 100
8 14 12 28 0 100
11 20 26 23 0 100
12 6 27 9 0 100
22 23 23 40 0 100
18 17 24 29 0 100
10 8 5 21 0 100
0 1 13 6 0 100
29 7 24 20 0 100
14 4 8 16 0 100
19 50 12 61 0 100
12 6 19 17 0 100
1 19 17 21 0 100
0 1 10 9 0 100
5 15 3 31 0 100
15 48 26 41 0 100
9 15 22 20 0 100
9 9 21 3 0 100
15 3 15 21 0 100
0 1 2 17 0 100
5 13 11 1 0 100
14 24 20 13 0 100
8 12 23 9 0 100
0 1 3 16 0 100
0 1 0 19 0 100
0 31 15 28 0 100
6 11 16 19 0 100
14 23 3 30 0 100
18 20 1 21 0 100
0 45 1 62 0 100
17 17 27 25 0 100
2 17 9 27 0 100
0 1 9 10 0 100
0 1 9 10 0 100
7 6 1 18 0 100
0 1 12 7 0 100
0 1 1 18 0 100
32 9 24 19 0 100
17 48 21 34 0 100
17 33 33 35 0 100
11 28 12 45 0 100
24 7 22 23 0 100
18 3 25 14 0 100
3 6 8 19 0 100
32 34 17 36 0 100
12 8 26 12 0 100
13 12 28 15 0 100
14 10 30 8 0 100
24 7 18 19 0 100
30 19 22 9 0 100
29 3 43 7 0 100
0 1 1 18 0 100
0 1 10 9 0 100
36 35 40 21 0 100
46 6 62 4 0 100
15 3 12 18 0 100
6 25 19 20 0 100
6 14 12 2 0 100
62 6 56 17 0 100
11 24 13 8 0 100
0 1 17 2 0 100
5 20 21 18 0 100
17 20 19 4 0 100
19 5 22 20 0 100
13 5 13 23 0 100
20 13 29 4 0 100
11 28 21 36 0 100
2 13 2 31 0 100
10 46 24 42 0 100
0 2 4 15 0 100
9 28 6 43 0 100
8 12 18 4 0 100
6 24 12 36 0 100
29 20 43 24 0 100
10 29 10 47 0 100
27 24 33 12 0 100
20 19 20 36 0 100
18 45 15 60 0 100
1 19 10 10 0 100
0 1 13 6 0 100
0 1 1 18 0 100
0 1 7 12 0 100
11 9 25 13 0 100
8 31 24 33 0 100
9 11 24 8 0 100
30 19 28 3 0 100
25 12 10 15 0 100
4 33 21 34 0 100
4 23 16 17 0 100
0 1 9 10 0 100
17 3 12 16 0 100
12 46 22 38 0 100
20 20 32 26 0 100
0 1 12 7 0 100
3 30 16 35 0 100
19 37 23 51 0 100
18 53 33 50 0 100
0 1 15 4 0 100
24 17 9 14 0 100
30 6 24 17 0 100
15 5 32 6 0 100
0 1 1 18 0 100
20 5 4 3 0 100
0 20 5 7 0 100
7 10 17 18 0 100
8 10 6 26 0 100
42 7 30 13 0 100
0 1 1 18 0 100
14 21 8 9 0 100
4 4 0 18 0 100
32 7 38 19 0 100
19 20 29 12 0 100
0 1 14 5 0 100
0 1 4 15 0 100
0 17 4 31 0 100
0 1 7 12 0 100
32 25 32 7 0 100
7 5 15 15 0 100
11 26 26 29 0 100
5 13 7 29 0 100
25 14 8 15 0 100
10 10 19 19 0 100
24 13 15 22 0 100
8 20 0 30 0 100
21 20 24 35 0 100
3 17 20 18 0 100
1 17 17 15 0 100
0 20 13 15 0 100
6 34 18 28 0 100
6 14 23 15 0 100
26 22 26 4 0 100
16 16 7 7 0 100
17 1 6 8 0 100
19 33 24 46 0 100
0 1 10 9 0 100
0 1 6 13 0 100
18 9 16 25 0 100
13 8 7 19 0 100
39 17 35 3 0 100
13 26 9 40 0 100
0 1 1 18 0 100
2 18 1 35 0 100
1 17 18 16 0 100
0 20 1 3 0 100
16 14 11 1 0 100
20 19 37 20 0 100
0 1 5 14 0 100
2 32 10 42 0 100
10 31 24 27 0 100
26 11 33 0 0 100
0 1 6 13 0 100
6 12 23 11 0 100
0 22 10 30 0 100
14 23 12 7 0 100
15 22 15 40 0 100
2 17 7 4 0 100
23 17 36 22 0 100
0 1 14 5 0 100
22 32 29 21 0 100
0 1 5 14 0 100
0 1 15 4 0 100
11 37 10 53 0 100
23 12 8 15 0 100
25 50 15 42 0 100
14 6 15 23 0 100
0 1 9 10 0 100
22 35 34 29 0 100
0 1 16 3 0 100
4 14 8 28 0 100
0 1 11 8 0 100
0 1 3 16 0 100
16 5 20 19 0 100
19 16 7 10 0 100
6 14 13 3 0 100
12 6 19 17 0 100
2 19 15 23 0 100
15 3 26 10 0 100
0 1 15 4 0 100
14 4 10 18 0 100
27 12 11 14 0 100
17 3 25 13 0 100
16 15 17 32 0 100
7 4 24 3 0 100
0 1 7 12 0 100
24 16 23 33 0 100
6 14 16 6 0 100
10 8 2 18 0 100
15 22 30 25 0 100
0 1 4 15 0 100
27 48 19 38 0 100
0 1 1 18 0 100
15 9 20 21 0 100
15 3 31 1 0 100
0 1 14 5 0 100
29 34 12 33 0 100
0 1 6 13 0 100
17 28 16 45 0 100
10 39 23 34 0 100
24 10 12 5 0 100
8 11 17 2 0 100
0 1 10 9 0 100
26 27 12 30 0 100
39 20 46 31 0 100
17 14 7 22 0 100
30 13 17 17 0 100
10 11 18 1 0 100
8 31 25 32 0 100
10 20 7 5 0 100
5 21 9 7 0 100
29 6 23 18 0 100
19 17 22 2 0 100
0 1 12 7 0 100
1 7 12 0 0 100
2 16 9 5 0 100
10 8 1 17 0 100
22 30 18 44 0 100
0 1 1 18 0 100
27 0 31 14 0 100
1 11 5 25 0 100
0 1 6 13 0 100
0 1 1 18 0 100
2 1 2 19 0 100
11 7 19 17 0 100
1 19 6 6 0 100
13 58 19 70 0 100
0 1 15 4 0 100
2 18 17 15 0 100
34 7 36 23 0 100
13 25 7 14 0 100
1 36 6 23 0 100
14 32 17 47 0 100
13 7 19 19 0 100
17 1 5 7 0 100
0 1 5 14 0 100
26 41 19 30 0 100
2 35 7 48 0 100
15 5 6 14 0 100
7 11 17 3 0 100
8 10 18 18 0 100
26 13 28 29 0 100
0 1 0 19 0 100
4 16 13 25 0 100
7 27 20 32 0 100
27 10 35 0 0 100
21 11 26 23 0 100
0 1 0 19 0 100
7 13 21 9 0 100
33 14 22 21 0 100
17 3 5 9 0 100
17 18 17 36 0 100
0 1 4 15 0 100
0 1 4 15 0 100
14 19 1 24 0 100
14 10 13 27 0 100
10 4 21 11 0 100
3 17 17 21 0 100
3 14 9 26 0 100
23 16 26 1 0 100
15 23 24 14 0 100
25 15 39 18 0 100
0 2 2 17 0 100
14 4 17 19 0 100
21 35 17 49 0 100
26 5 25 22 0 100
0 1 11 8 0 100
15 20 18 35 0 100
13 7 28 4 0 100
11 46 2 55 0 100
11 9 19 19 0 100
23 16 39 18 0 100
0 1 14 5 0 100
6 12 5 29 0 100
17 20 14 35 0 100
1 19 10 10 0 100
24 47 21 62 0 100
6 10 2 23 0 100
12 6 3 15 0 100
10 25 17 14 0 100
1 1 12 7 0 100
0 1 5 14 0 100
0 1 17 2 0 100
10 11 6 24 0 100
15 7 13 23 0 100
3 6 18 9 0 100
0 1 17 2 0 100
10 10 23 5 0 100
1 19 15 23 0 100
10 37 15 24 0 100
11 26 3 16 0 100
18 20 2 22 0 100
0 1 16 3 0 100
16 4 19 19 0 100
4 24 3 8 0 100
39 34 39 52 0 100
22 39 18 53 0 100
7 28 3 14 0 100
18 36 11 47 0 100
21 13 25 26 0 100
12 14 4 24 0 100
17 14 29 8 0 100
13 5 5 15 0 100
15 21 29 24 0 100
26 30 26 12 0 100
8 10 25 11 0 100
0 1 7 12 0 100
0 1 5 14 0 100
0 1 8 11 0 100
18 19 30 25 0 100
4 13 4 30 0 100
27 2 24 17 0 100
0 1 10 9 0 100
0 20 2 4 0 100
31 0 14 1 0 100
13 24 25 18 0 100
9 10 15 22 0 100
9 26 1 36 0 100
0 1 8 11 0 100
13 16 30 15 0 100
29 26 27 11 0 100
9 39 11 23 0 100
0 1 5 14 0 100
5 13 2 28 0 100
1 1 14 5 0 100
15 22 7 12 0 100
26 8 42 6 0 100
22 13 18 27 0 100
12 8 24 2 0 100
15 5 4 12 0 100
1 17 3 1 0 100
26 11 12 15 0 100
1 19 13 25 0 100
0 18 16 16 0 100
0 1 9 10 0 100
2 18 10 28 0 100
12 19 12 1 0 100
5 8 19 4 0 100
15 5 19 19 0 100
8 41 20 47 0 100
16 6 24 16 0 100
19 26 13 14 0 100
1 1 8 11 0 100
53 16 62 25 0 100
0 1 5 14 0 100
5 15 8 30 0 100
17 2 19 18 0 100
22 11 27 24 0 100
9 2 8 19 0 100
33 21 16 22 0 100
12 9 25 13 0 100
5 8 3 24 0 100
3 25 3 7 0 100
27 12 21 0 0 100
1 4 9 14 0 100
10 43 21 36 0 100
26 26 21 38 0 100
16 21 2 17 0 100
13 4 15 19 0 100
16 4 20 18 0 100
13 4 9 17 0 100
43 26 26 27 0 100
7 17 23 19 0 100
17 1 31 5 0 100
5 8 15 16 0 100
10 11 1 20 0 100
8 31 16 41 0 100
29 19 31 35 0 100
6 14 18 8 0 100
14 5 0 2 0 100
22 11 26 25 0 100
18 1 14 15 0 100
11 7 24 12 0 100
3 49 13 57 0 100
24 43 24 61 0 100
22 23 20 39 0 100
3 16 8 3 0 100
12 22 16 9 0 100
0 1 15 4 0 100
17 1 14 16 0 100
13 9 15 25 0 100
0 1 9 10 0 100
19 15 15 1 0 100
10 11 24 7 0 100
0 1 1 18 0 100
6 23 14 33 0 100
0 1 4 15 0 100
9 27 9 45 0 100
24 41 37 36 0 100
16 19 12 33 0 100
19 5 35 3 0 100
19 20 9 28 0 100
36 15 42 3 0 100
2 30 7 18 0 100
3 22 4 5 0 100
0 1 16 3 0 100
2 22 7 34 0 100
22 1 14 11 0 100
19 25 24 12 0 100
13 5 2 12 0 100
0 1 3 16 0 100
16 40 25 49 0 100
0 1 16 3 0 100
6 14 16 6 0 100
43 8 37 20 0 100
7 9 22 12 0 100
12 8 29 7 0 100
12 3 1 10 0 100
12 6 16 20 0 100
5 15 20 12 0 100
5 13 11 1 0 100
0 1 14 5 0 100
0 1 5 14 0 100
38 8 26 2 0 100
14 4 31 5 0 100
11 22 16 35 0 100
30 26 35 39 0 100
5 15 19 11 0 100
1 1 15 4 0 100
0 1 10 9 0 100
1 1 0 17 0 100
7 17 24 16 0 100
14 18 6 9 0 100
27 18 25 2 0 100
27 10 29 26 0 100
24 13 32 23 0 100
15 22 3 28 0 100
9 44 20 51 0 100
24 26 13 19 0 100
25 12 35 20 0 100
30 14 25 2 0 100
13 35 27 32 0 100
6 2 11 15 0 100
32 25 17 22 0 100
12 8 22 16 0 100
6 33 3 48 0 100
9 9 9 27 0 100
1 1 12 7 0 100
3 17 15 23 0 100
24 15 14 23 0 100
2 18 2 36 0 100
14 7 25 14 0 100
0 2 12 7 0 100
15 3 15 21 0 100
30 9 39 0 0 100
0 1 13 6 0 100
1 17 16 14 0 100
19 18 26 29 0 100
0 1 16 3 0 100
12 8 14 24 0 100
17 1 8 10 0 100
13 26 18 13 0 100
3 30 2 13 0 100
14 40 18 54 0 100
28 9 33 22 0 100
6 12 12 24 0 100
6 15 6 33 0 100
29 28 39 35 0 100
15 15 32 16 0 100
0 2 1 18 0 100
18 20 7 27 0 100
6 25 15 16 0 100
0 1 15 4 0 100
1 17 10 26 0 100
2 5 14 11 0 100
0 2 5 14 0 100
8 10 15 21 0 100
3 17 2 0 0 100
5 15 3 31 0 100
22 34 27 47 0 100
12 9 11 25 0 100
15 22 19 36 0 100
18 15 5 20 0 100
10 7 9 23 0 100
11 9 24 4 0 100
4 14 10 3 0 100
0 1 12 7 0 100
10 10 3 21 0 100
0 1 16 3 0 100
8 27 1 38 0 100
35 22 40 10 0 100
9 16 9 34 0 100
3 28 8 41 0 100
0 1 11 8 0 100
16 17 24 27 0 100
13 22 15 38 0 100
23 4 38 7 0 100
0 1 8 11 0 100
7 8 3 22 0 100
4 29 10 41 0 100
18 26 23 14 0 100
14 0 20 12 0 100
10 41 6 27 0 100
13 7 29 9 0 100
29 10 34 23 0 100
3 15 1 31 0 100
40 9 51 16 0 100
14 17 0 21 0 100
0 1 13 6 0 100
3 15 6 0 0 100
0 1 8 11 0 100
18 10 17 27 0 100
0 1 15 4 0 100
17 33 6 26 0 100
13 24 20 35 0 100
8 7 19 1 0 100
11 24 7 10 0 100
0 1 2 17 0 100
5 14 1 1 0 100
0 1 0 19 0 100
0 1 17 0 0 100
19 35 10 44 0 100
5 15 11 27 0 100
2 16 5 31 0 100
5 30 22 31 0 100
17 20 30 25 0 100
0 1 12 7 0 100
0 1 4 15 0 100
12 8 17 21 0 100
0 1 14 5 0 100
13 21 24 27 0 100
12 17 3 26 0 100
