100 100 200 1000 29 100
25 10 17 0 40 59
7 11 12 24 20 39
16 2 11 15 20 39
0 1 11 8 1 19
20 37 33 42 80 99
4 17 2 2 21 39
24 1 27 16 80 99
24 13 32 23 80 99
0 1 16 3 1 19
26 13 26 31 80 99
11 7 2 16 20 39
1 25 12 18 60 79
0 1 7 12 1 19
22 34 13 25 60 79
2 17 18 19 40 59
15 5 11 19 20 39
13 2 26 7 80 99
38 12 43 25 60 79
0 1 12 7 1 19
6 50 15 42 81 99
4 11 20 9 40 59
0 1 16 3 1 19
19 12 7 18 40 59
0 1 6 13 1 19
15 12 26 19 80 99
31 2 46 5 40 59
12 26 0 21 41 59
30 19 41 12 80 99
7 7 24 6 60 79
0 37 5 49 61 79
23 52 31 62 80 99
8 10 25 11 20 39
25 13 11 17 60 79
0 18 10 10 20 39
16 2 28 8 20 39
9 22 20 15 40 59
1 19 6 32 20 39
13 50 16 35 80 99
0 1 5 14 1 19
16 1 31 4 80 99
25 17 27 1 60 79
31 16 34 1 80 99
25 11 41 10 41 59
3 27 19 25 60 79
57 10 52 23 80 99
21 37 26 49 81 99
1 1 10 9 2 19
16 12 30 16 60 79
1 13 3 29 60 79
0 1 8 11 1 19
16 24 30 20 60 79
4 14 16 20 20 39
23 14 6 13 40 59
21 16 15 4 40 59
7 28 19 34 80 99
15 3 26 10 20 39
25 21 29 35 60 79
10 8 25 11 60 79
0 1 3 16 1 19
26 24 21 11 60 79
6 10 11 23 60 79
10 10 27 11 20 39
14 23 14 41 40 59
0 1 4 15 1 19
16 2 3 7 20 39
8 17 25 16 40 59
0 1 11 8 1 19
0 1 6 13 1 19
32 24 18 20 60 79
35 2 20 5 80 99
5 24 16 31 80 99
3 15 19 17 20 39
4 0 3 17 60 79
33 20 33 37 61 79
5 24 12 13 80 99
9 33 0 41 81 99
0 1 1 18 1 19
15 3 14 20 20 39
10 42 22 36 60 79
22 16 32 24 60 79
9 27 22 22 60 79
0 1 4 15 1 19
24 15 25 32 80 99
19 25 30 18 60 79
12 15 6 3 80 99
24 28 39 25 60 79
17 15 26 24 60 79
12 6 29 7 20 39
35 40 35 58 80 99
7 20 17 12 40 59
9 11 25 13 20 39
9 36 21 30 80 99
6 15 6 33 40 59
6 1 1 14 40 59
3 26 7 40 80 99
0 1 4 15 1 19
4 14 12 4 20 39
12 25 21 16 40 59
0 1 10 9 1 19
20 31 6 35 80 99
0 1 15 4 1 19
11 26 25 22 40 59
21 8 30 17 40 59
33 1 36 16 60 79
36 21 39 36 80 99
16 5 14 20 21 39
5 15 11 27 20 39
30 7 30 25 40 59
30 24 22 34 60 79
0 1 17 0 1 19
0 1 2 17 1 19
16 4 24 14 20 39
20 11 26 23 40 59
4 14 13 23 20 39
39 35 55 36 81 99
26 0 28 16 60 79
7 13 13 1 20 39
10 30 22 24 60 79
10 8 2 18 20 39
0 1 6 13 1 19
8 13 22 10 61 79
15 5 31 3 20 39
6 7 16 15 40 59
0 1 13 6 1 19
0 2 1 18 2 19
23 20 10 25 80 99
1 18 7 6 40 59
1 1 8 11 2 19
11 35 3 25 60 79
3 24 2 7 80 99
5 5 15 13 60 79
0 1 16 3 1 19
4 14 16 8 20 39
12 1 11 18 80 99
35 3 27 12 81 99
22 22 17 10 81 99
9 3 16 13 41 59
0 1 13 6 1 19
0 1 9 10 1 19
0 1 3 16 1 19
0 1 15 4 1 19
0 1 5 14 1 19
3 26 18 23 80 99
24 31 16 40 61 79
16 6 18 21 41 59
14 23 22 33 40 59
16 2 3 7 20 39
31 44 20 37 80 99
18 8 27 17 60 79
15 20 11 6 40 59
5 42 5 25 61 79
2 3 11 12 40 59
16 23 17 40 80 99
2 54 15 49 60 79
22 14 34 8 60 79
19 18 27 28 40 59
12 5 28 7 40 59
29 8 22 19 40 59
30 18 18 12 60 79
14 36 26 42 60 79
10 10 18 0 20 39
2 1 16 5 40 59
0 1 0 19 1 19
0 1 5 14 40 59
2 27 18 25 40 59
17 1 23 13 20 39
19 18 22 33 40 59
1 19 4 34 20 39
7 11 23 13 20 39
10 12 11 29 60 79
0 1 15 4 1 19
0 1 1 18 1 19
18 3 26 12 61 79
4 6 3 23 60 79
20 19 19 36 40 59
0 1 13 6 1 19
2 35 2 53 40 59
2 11 10 21 40 59
11 7 27 9 20 39
10 11 19 3 21 39
0 20 10 28 20 39
22 5 12 13 40 59
0 1 8 11 1 19
14 23 22 33 40 59
0 1 8 11 1 19
0 1 0 19 1 19
29 25 39 33 60 79
3 22 17 18 80 99
0 1 6 13 1 19
4 24 19 21 60 79
0 1 15 4 1 19
0 3 8 13 80 99
0 1 3 16 1 19
13 26 6 15 80 99
24 3 16 13 40 59
0 1 17 0 1 19
0 1 14 5 1 19
25 1 40 3 81 99
28 10 36 0 60 79
33 7 33 25 60 79
22 4 9 0 41 59
19 16 12 5 40 59
24 1 20 15 80 99
17 35 12 22 60 79
19 20 12 9 40 59
11 14 25 10 40 59
23 5 14 14 60 79
13 26 12 43 40 59
20 26 33 31 60 79
4 14 12 4 20 39
9 35 6 20 60 79
25 12 31 24 80 99
19 20 12 9 40 59
0 1 6 13 1 19
11 11 0 4 60 79
0 18 15 21 20 39
17 20 4 25 40 59
24 13 16 23 80 99
22 34 32 26 60 79
23 8 8 11 40 59
0 1 14 5 1 19
20 17 9 24 80 99
10 19 5 6 40 59
9 7 9 25 60 79
7 13 0 2 20 39
24 12 19 24 41 59
0 1 0 19 1 19
26 13 43 14 40 59
16 21 15 38 40 59
15 39 9 27 60 79
12 44 19 33 60 79
0 1 16 3 1 19
3 21 13 13 60 79
0 1 15 4 1 19
3 15 20 16 60 79
2 21 7 8 80 99
14 6 15 23 20 39
15 6 27 11 61 79
30 26 31 43 60 79
8 12 24 14 20 39
0 2 16 3 2 19
6 12 3 27 60 79
21 12 33 6 40 59
8 32 6 16 60 79
11 16 20 25 80 99
0 1 9 10 1 19
0 2 1 18 2 19
25 15 39 19 60 79
36 1 49 6 80 99
0 1 13 6 1 19
25 14 18 25 40 59
0 1 0 19 1 19
1 17 11 25 20 39
16 1 7 9 21 39
8 12 17 21 20 39
4 10 3 27 60 79
11 7 11 25 20 39
22 20 33 13 60 79
1 19 9 9 20 39
2 16 14 22 20 39
0 1 11 8 1 19
15 3 30 6 20 39
1 1 13 6 2 19
12 29 26 25 80 99
9 9 21 15 20 39
16 7 4 1 40 59
17 2 2 4 21 39
0 1 1 18 1 19
11 0 23 6 40 59
0 1 17 2 1 19
7 13 8 30 60 79
14 14 31 15 60 79
35 19 35 1 60 79
22 32 10 38 60 79
27 7 16 0 60 79
13 7 14 24 20 39
7 28 7 46 80 99
17 20 10 31 40 59
0 20 2 36 60 79
17 48 11 60 80 99
18 2 22 15 41 59
12 15 7 28 40 59
5 16 22 15 40 59
6 12 6 30 20 39
24 15 10 11 40 59
33 24 16 25 80 99
18 26 10 36 60 79
15 5 25 13 20 39
0 18 9 27 20 39
12 6 12 24 20 39
0 2 4 15 2 19
13 14 28 11 40 59
9 1 12 16 60 79
22 15 10 9 40 59
11 3 6 15 81 99
0 1 12 7 1 19
1 0 6 13 40 59
11 16 16 29 80 99
0 2 15 4 2 19
0 1 15 4 1 19
18 28 10 38 60 79
12 29 20 19 80 99
0 2 3 16 2 19
0 1 10 9 1 19
14 21 13 4 80 99
0 1 7 12 1 19
7 11 23 9 20 39
28 10 22 21 41 59
10 29 15 16 80 99
22 1 38 3 80 99
39 24 56 23 80 99
33 30 47 34 80 99
15 5 13 21 20 39
12 22 9 37 60 79
16 41 9 52 80 99
1 1 3 16 2 19
3 17 11 7 20 39
11 6 12 23 40 59
14 6 8 18 20 39
0 1 17 0 1 19
43 13 44 30 60 79
0 1 1 18 1 19
12 8 22 0 20 39
34 20 31 5 60 79
19 25 30 18 60 79
0 1 5 14 1 19
9 26 9 8 40 59
1 20 12 14 21 39
1 18 16 20 21 39
5 50 5 68 80 99
41 9 57 11 60 79
12 4 27 1 60 79
15 22 29 18 40 59
21 12 14 23 80 99
0 2 16 3 2 19
0 1 16 3 1 19
12 23 28 25 40 59
31 36 26 49 80 99
1 21 8 32 60 79
17 11 32 8 60 79
32 25 32 7 80 99
0 1 0 19 1 19
15 14 26 21 80 99
0 1 6 13 1 19
17 1 16 18 20 39
15 37 19 51 60 79
28 8 13 5 60 79
13 26 19 14 40 59
3 2 10 13 80 99
0 1 11 8 1 19
8 14 12 28 60 79
34 17 36 33 80 99
16 2 13 17 20 39
1 19 13 25 20 39
13 5 2 12 20 39
3 6 2 23 80 99
18 26 9 35 60 79
9 28 22 33 40 59
24 6 9 3 60 79
3 29 8 42 60 79
21 10 14 20 61 79
31 6 27 20 80 99
18 11 34 13 80 99
0 1 12 7 1 19
19 31 11 22 81 99
13 4 19 16 40 59
6 13 21 11 61 79
28 17 11 16 80 99
22 8 24 23 41 59
19 18 33 22 40 59
3 31 0 46 60 79
11 0 4 11 40 59
22 19 33 26 80 99
10 25 14 11 80 99
13 0 1 6 40 59
15 17 5 25 60 79
26 28 36 36 60 79
27 10 33 22 80 99
19 15 11 25 60 79
9 6 25 8 80 99
15 24 15 6 40 59
0 1 14 5 1 19
8 17 19 24 40 59
15 41 5 49 60 79
37 19 24 14 60 79
33 39 26 29 81 99
12 3 26 7 40 59
21 16 17 2 40 59
23 34 18 47 80 99
25 9 34 18 60 79
0 1 17 0 1 19
0 1 0 19 1 19
17 22 22 35 40 59
14 15 2 21 80 99
0 1 10 9 1 19
0 1 12 7 1 19
4 14 20 12 20 39
6 12 14 22 20 39
6 21 14 31 80 99
9 26 10 9 80 99
0 1 10 9 1 19
14 6 5 15 20 39
15 3 12 17 81 99
0 2 2 17 2 19
32 17 31 0 80 99
13 12 20 1 80 99
8 9 21 13 21 39
0 20 7 9 20 39
9 9 1 19 20 39
20 4 21 21 60 79
21 10 21 28 80 99
12 18 6 29 81 99
16 15 27 8 40 59
24 25 24 42 61 79
0 1 15 4 1 19
0 1 9 10 1 19
0 1 13 6 1 19
27 10 34 21 40 59
0 2 1 18 2 19
13 5 17 19 20 39
21 15 13 25 60 79
12 27 14 11 80 99
10 19 13 4 80 99
16 36 10 24 60 79
6 31 19 26 40 59
44 29 28 27 80 99
2 19 8 31 40 59
12 21 4 11 80 99
0 1 11 8 1 19
25 15 10 18 60 79
16 4 13 19 20 39
1 32 17 34 40 59
12 16 20 25 41 59
35 4 23 10 80 99
22 18 24 2 60 79
2 16 7 29 60 79
0 1 12 7 1 19
19 0 3 2 80 99
0 1 6 13 1 19
0 1 15 4 1 19
1 16 6 3 40 59
20 14 6 10 60 79
12 16 27 13 60 79
16 4 27 11 20 39
0 1 8 11 1 19
38 18 53 15 60 79
12 10 24 16 60 79
10 16 3 27 60 79
3 6 20 5 40 59
8 10 14 22 20 39
5 13 22 12 20 39
9 11 22 6 20 39
0 1 4 15 1 19
0 1 13 6 1 19
28 3 38 11 40 59
5 28 19 32 40 59
17 1 21 15 20 39
11 9 23 15 20 39
13 4 19 16 80 99
17 16 5 22 80 99
0 1 7 12 1 19
0 20 17 19 20 39
12 32 13 49 60 79
5 15 15 7 60 79
24 19 28 5 80 99
0 1 10 9 1 19
0 1 0 19 1 19
6 12 13 1 60 79
17 22 11 34 40 59
0 1 0 19 1 19
14 4 17 19 20 39
4 16 14 8 20 39
0 1 3 16 1 19
4 16 14 24 20 39
31 6 18 11 40 59
0 1 2 17 1 19
17 1 3 5 20 39
7 23 13 11 60 79
13 22 15 38 80 99
0 1 17 0 1 19
9 11 20 4 20 39
8 14 12 28 60 79
11 20 26 23 40 59
12 6 27 9 60 79
22 23 23 40 80 99
18 17 24 29 40 59
10 8 5 21 20 39
0 1 13 6 1 19
29 7 24 20 60 79
14 4 8 16 20 39
19 50 12 61 80 99
12 6 19 17 20 39
1 19 17 21 20 39
0 1 10 9 1 19
5 15 3 31 20 39
15 48 26 41 80 99
9 15 22 20 60 79
9 9 21 3 20 39
15 3 15 21 20 39
0 1 2 17 1 19
5 13 11 1 20 39
14 24 20 13 81 99
8 12 23 9 20 39
0 1 3 16 1 19
0 1 0 19 1 19
0 31 15 28 80 99
6 11 16 19 80 99
14 23 3 30 40 59
18 20 1 21 60 79
0 45 1 62 80 99
17 17 27 25 60 79
2 17 9 27 21 39
0 1 9 10 1 19
0 1 9 10 1 19
7 6 1 18 80 99
0 1 12 7 1 19
0 1 1 18 1 19
32 9 24 19 80 99
17 48 21 34 80 99
17 33 33 35 60 79
11 28 12 45 40 59
24 7 22 23 80 99
18 3 25 14 40 59
3 6 8 19 40 59
32 34 17 36 81 99
12 8 26 12 20 39
13 12 28 15 80 99
14 10 30 8 60 79
24 7 18 19 40 59
30 19 22 9 80 99
29 3 43 7 60 79
0 1 1 18 40 59
0 1 10 9 1 19
36 35 40 21 80 99
46 6 62 4 60 79
15 3 12 18 20 39
6 25 19 20 80 99
6 14 12 2 20 39
62 6 56 17 81 99
11 24 13 8 40 59
0 1 17 2 1 19
5 20 21 18 40 59
17 20 19 4 40 59
19 5 22 20 60 79
13 5 13 23 20 39
20 13 29 4 40 59
11 28 21 36 80 99
2 13 2 31 40 59
10 46 24 42 60 79
0 2 4 15 2 19
9 28 6 43 40 59
8 12 18 4 20 39
6 24 12 36 60 79
29 20 43 24 80 99
10 29 10 47 40 59
27 24 33 12 80 99
20 19 20 36 61 79
18 45 15 60 80 99
1 19 10 10 20 39
0 1 13 6 1 19
0 1 1 18 1 19
0 1 7 12 1 19
11 9 25 13 20 39
8 31 24 33 80 99
9 11 24 8 20 39
30 19 28 3 80 99
25 12 10 15 40 59
4 33 21 34 40 59
4 23 16 17 80 99
0 1 9 10 1 19
17 3 12 16 20 39
12 46 22 38 60 79
20 20 32 26 60 79
0 1 12 7 1 19
3 30 16 35 40 59
19 37 23 51 60 79
18 53 33 50 80 99
0 1 15 4 1 19
24 17 9 14 80 99
30 6 24 17 41 59
15 5 32 6 20 39
0 1 1 18 1 19
20 5 4 3 40 59
0 20 5 7 20 39
7 10 17 18 40 59
8 10 6 26 20 39
42 7 30 13 80 99
0 1 1 18 1 19
14 21 8 9 40 59
4 4 0 18 60 79
32 7 38 19 40 59
19 20 29 12 80 99
0 1 14 5 1 19
0 1 4 15 1 19
0 17 4 31 80 99
0 1 7 12 1 19
32 25 32 7 80 99
7 5 15 15 60 79
11 26 26 29 40 59
5 13 7 29 20 39
25 14 8 15 40 59
10 10 19 19 20 39
24 13 15 22 80 99
8 20 0 30 60 79
21 20 24 35 80 99
3 17 20 18 20 39
1 17 17 15 20 39
0 20 13 15 20 39
6 34 18 28 60 79
6 14 23 15 20 39
26 22 26 4 60 79
16 16 7 7 60 79
17 1 6 8 60 79
19 33 24 46 60 79
0 1 10 9 1 19
0 1 6 13 1 19
18 9 16 25 40 59
13 8 7 19 21 39
39 17 35 3 60 79
13 26 9 40 40 59
0 1 1 18 1 19
2 18 1 35 20 39
1 17 18 16 20 39
0 20 1 3 20 39
16 14 11 1 60 79
20 19 37 20 40 59
0 1 5 14 1 19
2 32 10 42 60 79
10 31 24 27 80 99
26 11 33 0 40 59
0 1 6 13 1 19
6 12 23 11 20 39
0 22 10 30 60 79
14 23 12 7 40 59
15 22 15 40 40 59
2 17 7 4 40 59
23 17 36 22 60 79
0 1 14 5 1 19
22 32 29 21 60 79
0 1 5 14 1 19
0 1 15 4 1 19
11 37 10 53 81 99
23 12 8 15 40 59
25 50 15 42 80 99
14 6 15 23 20 39
0 1 9 10 1 19
22 35 34 29 80 99
0 1 16 3 1 19
4 14 8 28 20 39
0 1 11 8 1 19
0 1 3 16 1 19
16 5 20 19 40 59
19 16 7 10 40 59
6 14 13 3 20 39
12 6 19 17 20 39
2 19 15 23 21 39
15 3 26 10 20 39
0 1 15 4 1 19
14 4 10 18 20 39
27 12 11 14 80 99
17 3 25 13 20 39
16 15 17 32 40 59
7 4 24 3 80 99
0 1 7 12 1 19
24 16 23 33 60 79
6 14 16 6 20 39
10 8 2 18 20 39
15 22 30 25 40 59
0 1 4 15 1 19
27 48 19 38 80 99
0 1 1 18 1 19
15 9 20 21 81 99
15 3 31 1 20 39
0 1 14 5 1 19
29 34 12 33 80 99
0 1 6 13 1 19
17 28 16 45 80 99
10 39 23 34 80 99
24 10 12 5 41 59
8 11 17 2 80 99
0 1 10 9 1 19
26 27 12 30 61 79
39 20 46 31 80 99
17 14 7 22 40 59
30 13 17 17 61 79
10 11 18 1 40 59
8 31 25 32 80 99
10 20 7 5 60 79
5 21 9 7 60 79
29 6 23 18 40 59
19 17 22 2 60 79
0 1 12 7 1 19
1 7 12 0 60 79
2 16 9 5 20 39
10 8 1 17 20 39
22 30 18 44 60 79
0 1 1 18 1 19
27 0 31 14 80 99
1 11 5 25 60 79
0 1 6 13 1 19
0 1 1 18 1 19
2 1 2 19 40 59
11 7 19 17 20 39
1 19 6 6 20 39
13 58 19 70 80 99
0 1 15 4 1 19
2 18 17 15 20 39
34 7 36 23 80 99
13 25 7 14 41 59
1 36 6 23 40 59
14 32 17 47 60 79
13 7 19 19 20 39
17 1 5 7 20 39
0 1 5 14 1 19
26 41 19 30 80 99
2 35 7 48 80 99
15 5 6 14 20 39
7 11 17 3 20 39
8 10 18 18 20 39
26 13 28 29 80 99
0 1 0 19 1 19
4 16 13 25 20 39
7 27 20 32 60 79
27 10 35 0 80 99
21 11 26 23 81 99
0 1 0 19 1 19
7 13 21 9 20 39
33 14 22 21 80 99
17 3 5 9 20 39
17 18 17 36 40 59
0 1 4 15 1 19
0 1 4 15 1 19
14 19 1 24 40 59
14 10 13 27 60 79
10 4 21 11 60 79
3 17 17 21 20 39
3 14 9 26 40 59
23 16 26 1 40 59
15 23 24 14 60 79
25 15 39 18 81 99
0 2 2 17 2 19
14 4 17 19 20 39
21 35 17 49 60 79
26 5 25 22 80 99
0 1 11 8 1 19
15 20 18 35 40 59
13 7 28 4 20 39
11 46 2 55 80 99
11 9 19 19 20 39
23 16 39 18 40 59
0 1 14 5 1 19
6 12 5 29 20 39
17 20 14 35 40 59
1 19 10 10 20 39
24 47 21 62 80 99
6 10 2 23 81 99
12 6 3 15 20 39
10 25 17 14 40 59
1 1 12 7 2 19
0 1 5 14 1 19
0 1 17 2 1 19
10 11 6 24 21 39
15 7 13 23 60 79
3 6 18 9 40 59
0 1 17 2 1 19
10 10 23 5 20 39
1 19 15 23 20 39
10 37 15 24 80 99
11 26 3 16 80 99
18 20 2 22 60 79
0 1 16 3 1 19
16 4 19 19 20 39
4 24 3 8 81 99
39 34 39 52 80 99
22 39 18 53 80 99
7 28 3 14 40 59
18 36 11 47 60 79
21 13 25 26 81 99
12 14 4 24 60 79
17 14 29 8 40 59
13 5 5 15 20 39
15 21 29 24 41 59
26 30 26 12 60 79
8 10 25 11 20 39
0 1 7 12 1 19
0 1 5 14 1 19
0 1 8 11 1 19
18 19 30 25 80 99
4 13 4 30 21 39
27 2 24 17 80 99
0 1 10 9 1 19
0 20 2 4 20 39
31 0 14 1 40 59
13 24 25 18 40 59
9 10 15 22 40 59
9 26 1 36 80 99
0 1 8 11 1 19
13 16 30 15 40 59
29 26 27 11 61 79
9 39 11 23 60 79
0 1 5 14 1 19
5 13 2 28 20 39
1 1 14 5 2 19
15 22 7 12 40 59
26 8 42 6 60 79
22 13 18 27 40 59
12 8 24 2 60 79
15 5 4 12 20 39
1 17 3 1 60 79
26 11 12 15 40 59
1 19 13 25 20 39
0 18 16 16 20 39
0 1 9 10 1 19
2 18 10 28 60 79
12 19 12 1 80 99
5 8 19 4 40 59
15 5 19 19 20 39
8 41 20 47 80 99
16 6 24 16 60 79
19 26 13 14 80 99
1 1 8 11 2 19
53 16 62 25 80 99
0 1 5 14 1 19
5 15 8 30 20 39
17 2 19 18 40 59
22 11 27 24 80 99
9 2 8 19 80 99
33 21 16 22 60 79
12 9 25 13 21 39
5 8 3 24 40 59
3 25 3 7 60 79
27 12 21 0 80 99
1 4 9 14 40 59
10 43 21 36 80 99
26 26 21 38 81 99
16 21 2 17 40 59
13 4 15 19 21 39
16 4 20 18 20 39
13 4 9 17 21 39
43 26 26 27 80 99
7 17 23 19 60 79
17 1 31 5 20 39
5 8 15 16 40 59
10 11 1 20 40 59
8 31 16 41 40 59
29 19 31 35 60 79
6 14 18 8 20 39
14 5 0 2 21 39
22 11 26 25 80 99
18 1 14 15 40 59
11 7 24 12 60 79
3 49 13 57 60 79
24 43 24 61 80 99
22 23 20 39 80 99
3 16 8 3 80 99
12 22 16 9 81 99
0 1 15 4 1 19
17 1 14 16 20 39
13 9 15 25 60 79
0 1 9 10 1 19
19 15 15 1 60 79
10 11 24 7 40 59
0 1 1 18 1 19
6 23 14 33 40 59
0 1 4 15 1 19
9 27 9 45 60 79
24 41 37 36 80 99
16 19 12 33 40 59
19 5 35 3 60 79
19 20 9 28 40 59
36 15 42 3 80 99
2 30 7 18 41 59
3 22 4 5 40 59
0 1 16 3 1 19
2 22 7 34 81 99
22 1 14 11 40 59
19 25 24 12 60 79
13 5 2 12 20 39
0 1 3 16 1 19
16 40 25 49 60 79
0 1 16 3 1 19
6 14 16 6 20 39
43 8 37 20 80 99
7 9 22 12 60 79
12 8 29 7 20 39
12 3 1 10 40 59
12 6 16 20 20 39
5 15 20 12 20 39
5 13 11 1 20 39
0 1 14 5 1 19
0 1 5 14 1 19
38 8 26 2 60 79
14 4 31 5 20 39
11 22 16 35 80 99
30 26 35 39 60 79
5 15 19 11 20 39
1 1 15 4 2 19
0 1 10 9 1 19
1 1 0 17 2 19
7 17 24 16 60 79
14 18 6 9 41 59
27 18 25 2 80 99
27 10 29 26 40 59
24 13 32 23 40 59
15 22 3 28 40 59
9 44 20 51 80 99
24 26 13 19 60 79
25 12 35 20 40 59
30 14 25 2 81 99
13 35 27 32 81 99
6 2 11 15 60 79
32 25 17 22 80 99
12 8 22 16 20 39
6 33 3 48 40 59
9 9 9 27 20 39
1 1 12 7 2 19
3 17 15 23 20 39
24 15 14 23 80 99
2 18 2 36 20 39
14 7 25 14 40 59
0 2 12 7 2 19
15 3 15 21 20 39
30 9 39 0 80 99
0 1 13 6 1 19
1 17 16 14 20 39
19 18 26 29 40 59
0 1 16 3 1 19
12 8 14 24 20 39
17 1 8 10 60 79
13 26 18 13 80 99
3 30 2 13 80 99
14 40 18 54 60 79
28 9 33 22 40 59
6 12 12 24 20 39
6 15 6 33 80 99
29 28 39 35 61 79
15 15 32 16 60 79
0 2 1 18 2 19
18 20 7 27 60 79
6 25 15 16 40 59
0 1 15 4 1 19
1 17 10 26 20 39
2 5 14 11 40 59
0 2 5 14 2 19
8 10 15 21 20 39
3 17 2 0 20 39
5 15 3 31 20 39
22 34 27 47 60 79
12 9 11 25 61 79
15 22 19 36 40 59
18 15 5 20 40 59
10 7 9 23 21 39
11 9 24 4 20 39
4 14 10 3 41 59
0 1 12 7 1 19
10 10 3 21 20 39
0 1 16 3 1 19
8 27 1 38 40 59
35 22 40 10 61 79
9 16 9 34 40 59
3 28 8 41 80 99
0 1 11 8 1 19
16 17 24 27 40 59
13 22 15 38 40 59
23 4 38 7 40 59
0 1 8 11 1 19
7 8 3 22 40 59
4 29 10 41 40 59
18 26 23 14 81 99
14 0 20 12 60 79
10 41 6 27 80 99
13 7 29 9 20 39
29 10 34 23 40 59
3 15 1 31 20 39
40 9 51 16 80 99
14 17 0 21 40 59
0 1 13 6 1 19
3 15 6 0 20 39
0 1 8 11 1 19
18 10 17 27 60 79
0 1 15 4 1 19
17 33 6 26 60 79
13 24 20 35 80 99
8 7 19 1 61 79
11 24 7 10 80 99
0 1 2 17 1 19
5 14 1 1 21 39
0 1 0 19 1 19
0 1 17 0 1 19
19 35 10 44 60 79
5 15 11 27 20 39
2 16 5 31 20 39
5 30 22 31 40 59
17 20 30 25 40 59
0 1 12 7 1 19
0 1 4 15 1 19
12 8 17 21 20 39
0 1 14 5 1 19
13 21 24 27 41 59
12 17 3 26 40 59
