100 100 200 5000 29 500
6 31 21 34 40 59
7 11 12 24 20 39
12 26 0 21 41 59
3 20 8 33 360 379
10 31 24 27 80 99
59 45 65 57 180 199
43 25 59 23 180 199
21 14 21 32 40 59
34 7 49 4 80 99
15 3 26 10 20 39
27 25 20 36 260 279
42 25 26 23 200 219
42 21 53 14 120 139
6 81 12 93 160 179
26 24 38 18 220 239
24 23 23 6 240 259
83 81 89 69 300 319
68 67 52 65 400 419
41 64 48 53 280 299
20 7 24 21 40 59
54 17 54 35 280 299
57 21 61 7 180 199
10 13 25 10 480 499
10 55 2 65 480 499
39 32 38 49 160 179
25 44 10 41 160 179
31 58 26 71 280 299
43 8 43 26 480 499
16 33 21 46 360 379
38 5 40 20 101 119
12 15 8 1 160 179
0 1 16 3 1 19
26 72 36 80 380 399
5 2 16 9 160 179
26 7 24 23 40 59
35 14 44 5 120 139
13 43 8 56 220 239
3 6 2 23 80 99
18 1 14 15 40 59
2 25 12 17 120 139
21 95 10 88 300 319
11 31 18 41 161 179
11 32 0 39 80 99
33 21 31 37 60 79
21 13 14 24 220 239
46 15 48 31 400 419
11 13 27 15 260 279
58 56 48 48 420 439
10 21 27 20 80 99
48 45 47 28 480 499
36 27 34 11 320 339
91 24 80 17 480 499
12 25 25 30 80 99
39 28 41 44 160 179
23 53 29 41 380 399
12 13 0 19 80 99
29 61 39 53 180 199
12 8 25 3 20 39
23 32 25 16 160 179
31 83 36 96 180 199
17 42 11 30 80 99
37 21 24 26 260 279
17 29 25 39 260 279
30 47 24 35 240 259
44 64 44 82 380 399
54 53 56 69 160 179
0 1 16 3 1 19
37 23 45 33 340 359
42 40 30 46 220 239
41 68 52 75 480 499
26 61 25 45 261 279
25 33 40 36 340 359
24 51 32 61 440 459
29 6 41 12 120 139
66 35 54 41 440 459
92 69 99 80 360 379
11 9 24 4 20 39
16 29 32 31 320 339
28 58 19 67 340 359
93 70 97 56 440 459
32 27 23 36 240 259
4 29 5 12 280 299
5 19 16 26 140 159
30 42 13 41 220 239
27 21 25 5 180 199
6 29 21 32 80 99
35 88 27 78 320 339
35 61 30 74 300 319
13 25 23 33 180 199
0 1 7 12 1 19
40 6 52 12 180 199
9 27 22 23 41 59
3 39 10 28 380 399
21 25 29 34 121 139
51 19 55 33 380 399
26 30 40 26 100 119
59 47 67 37 420 439
67 36 53 32 440 459
8 20 11 6 81 99
12 21 27 18 40 59
29 29 16 33 321 339
34 32 34 50 180 199
27 37 41 33 300 319
47 40 53 52 360 379
36 21 39 36 80 99
57 38 50 27 240 259
9 16 0 7 120 139
1 2 5 16 40 59
0 18 14 14 20 39
61 71 73 65 180 199
34 43 19 46 240 259
26 39 10 41 160 179
29 11 26 25 481 499
21 37 35 41 220 239
9 47 21 53 460 479
68 63 56 57 440 459
29 52 28 35 360 379
34 62 34 44 460 479
18 2 9 11 420 439
57 92 51 81 341 359
80 72 70 80 420 439
5 69 17 63 380 399
46 11 33 16 200 219
2 61 14 66 341 359
17 43 24 33 321 339
11 9 25 5 20 39
22 18 16 7 41 59
2 8 13 2 161 179
59 20 49 28 200 219
44 27 46 11 480 499
43 80 44 97 440 459
27 37 12 40 220 239
12 60 10 44 300 319
32 17 17 20 240 259
4 13 18 17 120 139
10 17 15 30 160 179
21 61 38 60 260 279
32 20 41 12 121 139
41 17 25 19 420 439
32 13 22 21 280 299
14 24 30 22 260 279
82 25 71 32 320 339
24 31 15 40 120 139
26 21 23 36 200 219
54 37 70 35 200 219
24 75 40 77 400 419
40 76 27 81 420 439
21 32 5 30 240 259
0 1 11 8 1 19
21 19 19 35 140 159
17 1 21 15 20 39
25 74 14 81 240 259
38 59 37 42 360 379
6 12 5 29 60 79
83 5 83 23 180 199
27 42 38 36 101 119
16 14 11 26 81 99
13 11 5 1 140 159
13 4 28 1 240 259
16 12 30 16 60 79
43 34 38 47 280 299
13 33 13 51 220 239
98 96 94 83 401 419
24 13 32 23 80 99
45 40 37 30 360 379
60 42 47 46 321 339
43 46 57 42 320 339
39 5 30 14 380 399
26 87 28 71 360 379
42 0 56 4 300 319
16 24 16 42 260 279
75 80 70 67 240 259
13 26 13 8 360 379
13 25 7 14 41 59
23 4 19 18 240 259
53 88 59 76 480 499
19 14 31 8 160 179
20 69 9 76 440 459
5 13 20 10 20 39
33 65 32 48 260 279
24 2 9 5 100 119
0 1 12 7 1 19
24 35 20 21 240 259
10 61 6 75 200 219
6 2 6 19 441 459
33 50 42 41 200 219
68 40 70 56 340 359
23 40 30 30 301 319
48 33 62 30 101 119
59 22 59 40 160 179
28 58 38 66 260 279
0 1 0 19 1 19
15 66 23 76 280 299
51 49 66 46 340 359
19 46 19 28 440 459
37 41 40 56 340 359
11 16 15 2 80 99
85 93 83 77 300 319
73 1 81 11 460 479
0 1 0 19 1 19
9 11 19 19 140 159
27 92 12 95 440 459
36 10 23 5 100 119
13 29 0 34 180 199
43 61 41 46 361 379
6 14 19 9 180 199
9 50 14 37 240 259
2 6 11 15 260 279
19 23 25 35 300 319
9 86 21 80 480 499
76 75 59 74 440 459
41 30 34 20 261 279
14 23 14 41 40 59
16 73 29 68 360 379
8 23 5 38 120 139
45 18 45 0 400 419
7 9 22 12 60 79
17 73 2 70 260 279
39 50 45 39 421 439
2 50 16 54 100 119
84 35 98 31 400 419
23 17 33 25 60 79
13 19 28 22 100 119
30 92 23 81 300 319
99 10 88 17 480 499
14 75 17 60 360 379
29 27 43 23 300 319
15 83 1 79 220 239
12 29 25 34 240 259
68 30 80 36 380 399
43 13 43 31 220 239
11 42 21 34 320 339
0 8 10 16 140 159
12 36 2 28 180 199
55 46 56 63 200 219
2 19 12 11 160 179
30 31 15 34 80 99
90 87 83 98 400 419
13 26 16 41 40 59
33 23 34 6 340 359
7 7 10 22 60 79
45 28 35 20 320 339
18 16 11 27 180 199
70 70 66 84 340 359
28 32 37 41 380 399
23 30 14 22 141 159
0 1 9 10 1 19
30 22 43 27 100 119
34 74 19 71 460 479
44 9 27 10 480 499
41 36 29 30 360 379
14 26 31 25 100 119
9 23 15 11 60 79
11 20 14 35 320 339
39 24 56 23 80 99
0 1 16 3 1 19
35 12 40 25 440 459
48 49 56 58 141 159
19 38 8 45 320 339
35 72 31 86 200 219
39 64 47 74 320 339
7 13 21 17 20 39
28 57 25 72 360 379
17 62 26 71 360 379
18 26 10 36 60 79
43 59 38 72 380 399
42 39 25 38 320 339
8 28 2 16 180 199
42 32 41 16 401 419
30 35 36 24 181 199
29 26 34 13 120 139
79 54 81 38 200 219
72 58 81 67 420 439
14 36 30 34 300 319
27 71 14 76 340 359
53 17 42 24 260 279
35 37 33 22 321 339
40 5 48 14 341 359
1 26 16 23 240 259
72 55 80 45 160 179
26 17 12 21 160 179
34 29 30 43 160 179
5 8 3 24 40 59
20 34 9 27 100 119
50 45 39 38 280 299
13 60 0 55 200 219
41 40 55 36 400 419
4 69 17 74 240 259
11 4 1 12 40 59
30 53 20 61 320 339
38 14 51 9 140 159
10 68 22 63 121 139
41 5 45 19 380 399
29 67 37 77 380 399
25 94 40 91 440 459
4 6 18 2 220 239
71 56 85 60 440 459
17 10 15 26 440 459
83 56 89 68 480 499
51 27 62 20 260 279
76 74 76 56 460 479
33 15 37 1 220 239
25 21 8 20 300 319
26 36 21 49 140 159
14 21 13 4 80 99
13 5 20 16 100 119
20 52 24 38 460 479
34 49 42 39 200 219
16 10 18 26 60 79
51 23 35 21 220 239
9 18 1 28 120 139
30 11 20 3 400 419
45 48 41 34 400 419
4 85 9 98 360 379
55 22 55 4 280 299
1 47 4 32 420 439
9 29 19 21 180 199
34 81 33 64 480 499
27 74 39 79 301 319
16 4 19 19 20 39
63 15 68 28 180 199
44 9 53 18 160 179
70 55 64 67 360 379
15 19 26 13 121 139
23 48 26 33 360 379
71 15 54 14 140 159
19 2 19 20 200 219
32 41 26 53 200 219
16 4 27 11 20 39
21 13 25 26 81 99
62 3 72 11 320 339
34 26 21 21 100 119
16 2 1 5 20 39
20 14 6 10 60 79
0 1 11 8 1 19
20 2 20 20 60 79
43 22 31 28 240 259
31 84 22 93 240 259
59 51 68 60 380 399
9 45 1 35 140 159
41 7 40 24 220 239
26 79 9 80 280 299
58 58 42 60 340 359
48 33 57 24 440 459
41 47 35 35 380 399
38 7 24 3 240 259
43 25 28 22 420 439
21 1 34 6 60 79
20 43 12 33 120 139
27 24 31 38 480 499
23 14 23 32 80 99
17 3 5 9 20 39
48 31 38 23 200 219
8 29 19 22 40 59
0 1 17 0 1 19
0 1 16 3 1 19
30 11 13 12 120 139
10 8 22 2 20 39
30 37 17 42 160 179
19 68 11 78 360 379
12 22 29 21 180 199
12 5 12 23 320 339
14 69 13 86 240 259
16 41 14 57 200 219
20 74 12 65 281 299
3 8 18 5 160 179
12 21 4 31 440 459
28 48 24 62 340 359
19 86 27 77 181 199
68 97 56 91 320 339
44 32 45 15 300 319
24 78 34 86 420 439
32 14 19 9 220 239
62 17 55 6 160 179
15 27 8 16 100 119
55 37 61 49 340 359
59 88 50 96 221 239
79 53 94 56 460 479
6 16 7 33 100 119
29 29 24 16 340 359
33 11 34 28 220 239
40 48 40 66 340 359
14 58 2 52 140 159
61 60 59 44 200 219
1 67 6 54 180 199
12 60 25 55 220 239
64 3 81 2 120 139
20 43 7 48 240 259
9 11 19 19 20 39
21 2 35 6 240 259
0 26 1 43 300 319
21 37 14 48 140 159
11 21 16 34 340 359
51 76 48 91 400 419
36 13 23 8 280 299
60 79 53 90 400 419
16 19 20 33 40 59
10 8 26 6 20 39
29 18 19 10 280 299
17 59 19 43 220 239
0 1 8 11 1 19
8 10 6 26 20 39
24 4 10 0 180 199
5 34 22 35 40 59
10 21 5 8 200 219
48 56 31 57 260 279
24 46 12 40 340 359
51 78 34 79 480 499
26 15 11 12 240 259
31 26 25 14 400 419
12 6 17 18 201 219
42 57 33 48 200 219
34 20 40 8 220 239
17 19 15 35 260 279
0 1 8 11 1 19
16 21 6 13 40 59
15 56 14 39 200 219
10 49 23 54 480 499
19 39 22 24 220 239
18 21 16 37 120 139
54 65 62 55 360 379
64 85 81 86 480 499
22 51 35 56 440 459
0 1 8 11 1 19
25 4 25 22 200 219
38 60 49 53 420 439
9 32 16 43 160 179
11 14 25 10 40 59
80 80 90 88 380 399
10 85 26 83 160 179
17 28 16 45 80 99
62 19 58 33 120 139
7 13 20 8 60 79
20 36 32 41 81 99
29 17 22 28 380 399
23 25 18 38 100 119
36 10 53 9 60 79
50 54 45 41 140 159
41 57 34 67 401 419
33 80 42 71 280 299
13 7 14 24 20 39
33 32 29 18 360 379
30 39 46 37 80 99
1 17 6 30 20 39
0 1 12 7 1 19
77 77 67 85 260 279
2 25 17 22 40 59
6 35 17 28 240 259
63 45 72 54 300 319
6 14 22 16 20 39
0 1 8 11 1 19
34 17 36 33 80 99
27 26 27 44 240 259
28 68 12 70 260 279
14 46 6 55 161 179
28 1 37 10 160 179
27 13 21 1 140 159
56 90 51 77 380 399
24 45 26 61 160 179
13 52 26 47 240 259
24 10 14 18 220 239
33 51 50 50 100 119
14 15 12 31 200 219
20 9 17 23 101 119
0 21 2 36 101 119
56 22 43 27 100 119
35 4 29 16 480 499
2 29 19 30 200 219
21 91 31 83 220 239
14 41 14 59 400 419
2 35 19 36 160 179
20 84 30 76 420 439
20 20 37 21 420 439
21 21 21 3 220 239
26 87 29 72 480 499
21 15 13 25 60 79
87 50 78 41 480 499
35 40 44 49 480 499
39 58 34 71 360 379
29 48 32 33 120 139
24 31 25 15 101 119
11 5 6 18 100 119
52 13 56 27 160 179
48 4 33 1 380 399
31 25 35 39 140 159
63 0 49 4 440 459
6 52 15 61 220 239
19 20 19 38 40 59
19 49 32 44 460 479
21 40 8 35 160 179
50 66 39 59 180 199
48 20 46 4 300 319
62 54 66 40 380 399
63 34 77 31 301 319
47 75 52 62 260 279
26 58 29 43 300 319
4 65 14 57 120 139
10 8 14 22 20 39
33 68 31 84 160 179
28 26 11 25 100 119
13 51 29 53 180 199
25 62 41 61 301 319
23 4 38 7 40 59
55 60 69 64 440 459
25 1 40 3 81 99
16 30 19 45 180 199
28 11 30 27 120 139
15 61 20 48 420 439
0 1 0 19 1 19
0 1 6 13 1 19
46 22 61 24 121 139
9 9 0 0 100 119
27 9 35 19 140 159
36 39 33 54 80 99
64 33 81 32 480 499
28 81 28 63 480 499
48 44 58 52 420 439
55 34 59 48 400 419
57 74 48 83 320 339
27 43 33 55 380 399
33 54 34 37 400 419
34 36 19 33 420 439
19 34 20 51 440 459
22 71 20 87 400 419
27 14 43 12 400 419
31 40 28 26 101 119
6 14 18 8 20 39
28 36 35 47 380 399
24 13 24 31 40 59
17 1 23 13 20 39
73 60 65 70 400 419
58 26 63 13 260 279
40 11 44 24 141 159
44 23 56 17 160 179
56 16 58 0 180 199
58 1 72 5 200 219
17 18 34 19 200 219
33 41 34 24 220 239
37 23 26 16 260 279
71 22 73 38 280 299
0 1 8 11 1 19
61 32 64 47 320 339
51 69 61 61 180 199
66 33 69 48 360 379
4 14 10 3 41 59
36 28 33 14 201 219
14 21 27 16 40 59
24 7 22 23 80 99
70 98 56 94 460 479
11 37 27 35 340 359
14 53 16 69 160 179
17 29 11 41 60 79
22 30 24 14 220 239
26 72 9 71 420 439
7 32 24 33 480 499
35 13 36 30 180 199
63 98 55 88 480 499
14 16 29 13 140 159
33 18 18 15 160 179
13 1 29 3 180 199
18 16 8 24 180 199
59 15 52 4 340 359
47 38 35 33 341 359
7 5 21 9 260 279
18 0 32 3 241 259
25 5 30 17 281 299
24 13 24 31 360 379
55 38 58 23 240 259
24 46 34 54 300 319
23 57 8 55 281 299
28 5 24 19 40 59
31 33 38 44 420 439
20 23 32 17 120 139
8 34 10 50 100 119
42 48 39 33 220 239
38 35 42 22 181 199
12 39 27 42 360 379
29 21 45 22 441 459
62 18 55 7 100 119
15 23 26 30 420 439
79 23 84 36 420 439
34 20 33 3 220 239
12 98 12 80 380 399
20 34 7 39 300 319
11 50 13 66 200 219
59 42 53 54 480 499
3 29 10 40 60 79
60 67 68 57 280 299
39 7 35 21 140 159
12 39 26 35 240 259
2 54 15 49 60 79
25 17 35 25 260 279
33 21 33 3 340 359
70 21 58 15 280 299
25 3 11 7 100 119
9 9 3 21 20 39
18 18 24 6 260 279
16 85 15 68 360 379
20 9 22 25 480 499
12 13 8 27 160 179
0 1 10 9 1 19
4 14 13 5 140 159
46 11 29 12 120 139
51 59 50 42 220 239
47 65 33 69 140 159
31 7 32 24 300 319
17 2 20 17 80 99
57 1 57 19 300 319
43 3 43 21 140 159
4 14 12 4 180 199
34 25 41 35 461 479
3 17 13 9 20 39
39 31 40 14 220 239
18 7 35 6 360 379
16 20 27 27 220 239
12 38 22 30 460 479
11 41 1 33 180 199
31 20 29 5 101 119
1 19 10 28 20 39
3 16 10 5 80 99
38 22 33 9 460 479
29 17 34 4 420 439
19 46 13 34 200 219
45 24 32 19 240 259
0 1 5 14 1 19
19 33 26 44 100 119
23 31 35 25 60 79
34 69 37 55 381 399
34 1 44 9 40 59
21 10 21 28 80 99
21 29 27 17 100 119
53 19 43 27 140 159
11 32 15 46 320 339
55 46 72 47 480 499
30 40 33 55 180 199
59 20 62 5 200 219
49 30 43 19 301 319
48 65 65 66 440 459
38 29 50 35 200 219
72 23 63 32 240 259
26 76 37 69 220 239
49 49 35 53 300 319
91 69 82 60 340 359
54 85 63 94 360 379
5 31 4 14 260 279
57 32 41 30 200 219
61 61 53 71 420 439
36 81 29 92 400 419
62 81 71 90 440 459
28 25 32 11 80 99
57 23 41 25 140 159
11 31 25 27 100 119
28 36 26 20 420 439
82 68 95 73 420 439
33 21 36 36 460 479
27 25 42 22 100 119
1 1 8 11 2 19
67 34 64 20 421 439
30 35 35 22 80 99
25 13 16 21 361 379
15 60 2 55 240 259
26 54 43 53 220 239
33 41 16 40 140 159
56 18 40 20 260 279
40 19 45 6 280 299
55 81 53 65 340 359
21 5 28 16 140 159
44 38 43 55 180 199
59 9 67 19 340 359
15 41 9 29 140 159
29 54 17 48 200 219
42 54 33 63 380 399
34 68 48 64 420 439
17 40 4 35 280 299
49 51 44 38 180 199
26 10 15 17 140 159
29 83 34 70 300 319
8 46 5 61 340 359
42 17 39 32 200 219
8 11 17 2 80 99
4 23 16 17 80 99
0 20 12 14 60 79
16 16 21 3 140 159
19 60 32 65 240 259
0 1 6 13 1 19
34 74 51 73 420 439
28 61 24 47 200 219
79 23 66 28 260 279
25 77 19 88 281 299
4 31 20 33 280 299
22 22 30 12 100 119
11 34 21 26 120 139
2 45 16 41 120 139
32 29 42 37 360 379
18 19 12 7 440 459
38 33 37 50 240 259
48 32 54 20 420 439
16 38 19 24 361 379
39 6 43 20 160 179
6 15 17 9 21 39
17 49 19 65 420 439
16 4 33 3 20 39
16 68 25 59 180 199
46 36 40 48 260 279
11 55 16 68 380 399
11 61 8 76 100 119
28 5 43 2 120 139
37 27 21 25 140 159
28 59 43 62 200 219
17 39 1 41 100 119
41 97 51 89 460 479
33 64 38 51 400 419
3 10 13 17 261 279
24 37 36 42 261 279
36 41 44 31 280 299
28 35 36 45 200 219
42 73 39 88 440 459
42 81 31 74 200 219
44 16 52 25 361 379
79 69 93 65 340 359
54 9 51 24 400 419
5 87 13 97 460 479
49 40 65 42 440 459
65 41 54 34 460 479
74 12 90 10 460 479
9 37 11 21 300 319
7 13 21 9 20 39
39 44 31 34 400 419
47 26 31 25 341 359
18 17 29 10 360 379
34 14 30 28 100 119
33 13 16 12 100 119
37 63 39 47 420 439
71 10 73 26 360 379
57 43 45 49 340 359
42 21 41 4 200 219
6 43 11 56 360 379
23 24 32 33 320 339
6 21 14 31 80 99
65 21 79 24 281 299
11 40 2 49 80 99
7 15 22 12 100 119
25 16 19 28 160 179
35 52 32 67 280 299
14 21 25 14 40 59
0 1 7 12 1 19
25 42 16 33 400 419
34 26 33 10 321 339
19 25 18 8 340 359
18 39 13 26 120 139
1 65 2 82 180 199
17 1 20 16 260 279
16 22 27 15 100 119
31 32 37 43 341 359
2 36 3 19 140 159
72 38 65 49 460 479
19 8 2 7 240 259
46 56 58 62 380 399
46 38 31 35 340 359
19 6 26 17 40 59
7 35 23 33 100 119
15 33 15 51 340 359
20 63 22 47 240 259
16 50 4 44 260 279
5 28 8 13 40 59
83 35 69 39 420 439
30 48 46 50 260 279
29 1 22 12 340 359
20 4 25 17 60 79
28 2 24 16 100 119
2 38 18 36 420 439
0 22 10 30 60 79
10 89 24 93 320 339
6 29 6 11 40 59
46 22 51 9 140 159
0 1 4 15 1 19
73 55 89 57 260 279
41 13 44 28 140 159
73 16 63 23 381 399
0 1 15 4 1 19
9 69 4 82 420 439
4 14 21 13 20 39
33 2 41 12 360 379
35 18 36 1 160 179
41 21 54 16 260 279
19 60 9 52 240 259
22 1 14 11 40 59
19 21 2 22 340 359
4 30 4 12 260 279
13 22 28 25 80 99
0 1 15 4 1 19
46 86 46 68 420 439
37 36 33 22 320 339
4 25 16 19 80 99
26 32 42 30 380 399
5 8 22 7 200 219
28 32 13 35 140 159
22 87 8 83 360 379
42 70 32 62 300 319
22 15 21 32 80 99
23 24 13 32 280 299
5 13 2 28 20 39
2 27 18 25 40 59
25 18 15 26 280 299
13 32 13 50 280 299
6 88 1 75 300 319
45 38 61 40 440 459
43 97 42 80 380 399
50 14 46 28 340 359
3 7 10 18 180 199
20 15 4 13 120 139
33 34 37 48 360 379
31 31 34 16 260 279
3 6 20 5 40 59
29 35 24 23 441 459
41 21 29 27 300 319
41 51 41 69 260 279
35 26 35 44 80 99
60 57 68 67 480 499
26 33 38 28 61 79
32 14 49 13 260 279
6 77 1 90 240 259
13 53 30 52 300 319
52 27 52 45 240 259
75 64 68 53 480 499
64 50 64 68 260 279
25 17 34 8 140 159
60 31 56 17 400 419
28 42 32 28 220 239
13 26 6 15 80 99
16 17 30 21 200 219
37 49 26 42 300 319
25 54 35 46 240 259
78 57 89 64 280 299
39 76 45 88 280 299
17 27 5 21 140 159
53 91 37 89 420 439
22 28 39 29 140 159
53 8 47 20 480 499
40 35 23 36 280 299
22 36 7 33 100 119
23 18 23 0 160 179
28 44 18 52 340 359
18 53 8 61 360 379
51 58 42 67 360 379
73 75 77 89 380 399
39 29 31 20 281 299
43 52 56 47 320 339
2 16 17 19 20 39
0 1 6 13 1 19
40 89 56 91 360 379
14 4 31 5 20 39
57 43 55 59 420 439
46 68 58 74 340 359
24 13 24 30 101 119
16 46 17 29 100 119
16 41 13 27 341 359
27 35 29 19 140 159
89 3 99 11 460 479
73 7 71 23 260 279
7 13 2 26 20 39
0 1 13 6 1 19
12 16 5 27 60 79
33 43 49 45 340 359
3 17 8 4 20 39
0 2 7 12 2 19
20 81 11 72 280 299
2 15 8 3 240 259
73 64 83 72 200 219
72 33 76 19 480 499
10 8 22 14 20 39
37 67 22 64 420 439
22 63 16 51 440 459
79 54 86 43 320 339
35 19 42 30 340 359
11 6 17 18 160 179
17 1 5 7 20 39
34 43 34 26 261 279
18 41 30 47 320 339
17 16 5 22 80 99
15 1 23 11 100 119
10 47 1 38 320 339
21 25 25 11 140 159
18 28 28 21 281 299
16 41 5 34 280 299
28 70 35 81 380 399
34 18 38 32 220 239
17 28 27 36 120 139
5 29 22 30 300 319
41 62 34 73 280 299
33 44 21 50 400 419
47 44 58 37 480 499
16 44 30 48 100 119
41 32 39 47 421 439
4 13 0 27 280 299
76 33 92 35 400 419
92 36 96 50 420 439
96 51 95 68 440 459
95 69 99 83 460 479
69 60 61 70 160 179
13 47 28 49 321 339
14 23 29 20 40 59
53 14 53 32 280 299
27 17 11 15 60 79
0 31 15 28 80 99
0 18 12 12 20 39
65 14 78 19 440 459
23 22 23 40 280 299
28 22 12 24 100 119
25 18 12 23 280 299
34 64 34 82 460 479
36 14 28 4 220 239
21 46 29 36 120 139
25 16 15 24 160 179
28 31 33 43 381 399
0 22 3 7 300 319
19 5 3 7 140 159
23 58 7 60 480 499
18 17 17 0 240 259
8 32 20 38 380 399
71 14 69 30 360 379
25 6 30 19 40 59
39 11 55 13 420 439
24 2 39 5 100 119
18 33 9 24 400 419
0 1 6 13 1 19
83 85 82 69 361 379
39 20 54 17 160 179
56 95 73 94 480 499
27 52 40 57 200 219
8 12 16 2 20 39
0 1 14 5 1 19
44 16 43 33 260 279
83 71 75 81 220 239
0 1 7 12 1 19
12 30 2 38 140 159
26 84 42 82 180 199
30 84 43 79 420 439
9 11 2 22 60 79
50 40 34 38 460 479
34 78 24 71 201 219
27 48 23 62 320 339
0 40 2 24 100 119
22 23 11 30 240 259
6 14 18 8 20 39
12 79 22 71 400 419
28 65 44 63 240 259
26 17 41 20 280 299
10 13 24 17 320 339
7 20 8 37 480 499
2 22 19 21 100 119
38 31 33 18 240 259
27 5 36 14 260 279
38 27 26 21 80 99
17 82 23 93 461 479
8 10 4 24 300 319
9 13 5 27 180 199
16 44 9 55 140 159
10 10 24 14 20 39
5 15 15 7 20 39
29 51 32 36 460 479
4 32 11 43 300 319
23 87 22 70 380 399
18 35 24 47 80 99
40 28 43 43 260 279
19 66 10 75 400 419
12 34 22 26 100 119
40 29 48 39 320 339
11 32 10 15 120 139
18 54 28 62 180 199
1 86 14 91 400 419
20 22 24 36 100 119
14 59 29 62 240 259
35 29 48 34 140 159
19 76 21 60 360 379
10 96 25 93 420 439
47 24 30 23 200 219
15 29 25 21 140 159
3 25 3 7 60 79
86 57 72 61 240 259
2 22 0 38 100 119
0 37 12 43 120 139
12 44 10 28 140 159
34 4 19 1 220 239
58 36 49 45 380 399
9 41 9 23 100 119
2 39 6 26 221 239
40 48 23 49 300 319
30 15 23 26 80 99
16 31 32 33 160 179
17 15 1 14 481 499
7 9 14 20 260 279
24 9 28 23 40 59
17 63 30 67 321 339
27 49 24 64 380 399
41 51 24 50 260 279
72 62 60 68 260 279
31 34 27 48 360 379
21 57 11 65 260 279
30 29 20 21 80 99
22 25 23 8 480 499
22 74 21 90 201 219
32 84 18 88 420 439
34 85 42 95 440 459
37 57 21 55 420 439
35 63 33 79 260 279
39 49 28 56 380 399
7 19 3 5 60 79
37 65 32 52 340 359
36 51 49 56 280 299
50 33 51 50 200 219
32 44 43 51 380 399
59 52 59 70 200 219
32 28 34 44 220 239
73 24 73 6 240 259
22 46 25 31 140 159
23 21 29 9 420 439
95 49 80 52 340 359
17 1 8 10 20 39
75 65 75 47 380 399
14 31 11 16 240 259
14 57 5 66 80 99
29 49 33 63 380 399
5 5 17 0 121 139
10 4 5 17 100 119
44 54 32 48 260 279
14 36 25 42 441 459
12 8 23 1 20 39
23 34 21 18 120 139
19 20 28 11 40 59
34 26 25 35 140 159
23 4 36 9 120 139
0 18 13 13 20 39
24 26 38 22 100 119
40 27 36 41 120 139
14 26 14 8 380 399
47 85 62 88 420 439
16 29 31 32 80 99
26 47 36 39 200 219
42 6 26 4 140 159
18 15 1 14 160 179
21 44 22 27 120 139
15 20 32 19 200 219
12 11 14 27 360 379
32 34 25 45 140 159
32 68 28 82 300 319
66 85 80 81 360 379
40 11 44 25 440 459
15 13 3 19 340 359
8 29 17 38 40 59
0 1 2 17 1 19
24 63 28 49 400 419
3 15 14 8 20 39
5 2 12 12 61 79
67 20 55 26 360 379
31 23 17 19 180 199
5 42 16 49 80 99
23 81 26 96 140 159
40 86 47 97 380 399
1 42 2 59 320 339
27 76 15 82 200 219
44 96 51 85 460 479
23 33 16 22 260 279
7 17 12 4 300 319
0 2 3 16 2 19
44 64 39 77 260 279
22 72 31 80 321 339
11 16 6 29 80 99
22 35 14 25 400 419
35 14 24 7 440 459
14 89 15 72 400 419
28 21 13 24 440 459
21 22 34 27 120 139
21 21 37 23 420 439
19 59 13 48 481 499
47 16 30 17 440 459
20 16 16 29 41 59
48 29 64 30 381 399
13 41 14 58 60 79
27 25 35 15 60 79
0 18 4 4 60 79
0 1 2 17 1 19
38 6 49 13 300 319
54 25 40 21 160 179
70 81 67 66 440 459
14 19 21 8 120 139
82 70 93 77 380 399
25 13 13 19 180 199
17 37 6 30 60 79
27 21 10 22 140 159
15 7 29 4 401 419
29 41 28 57 321 339
62 31 68 19 120 139
7 12 10 27 280 299
28 70 24 84 380 399
15 22 3 28 40 59
19 73 2 72 420 439
56 9 42 5 120 139
51 69 43 59 420 439
26 61 10 63 480 499
1 26 18 27 160 179
53 8 62 17 80 99
2 18 18 16 20 39
16 39 11 27 101 119
15 71 7 61 300 319
18 51 15 66 320 339
17 40 1 42 280 299
19 27 19 45 420 439
16 86 27 93 420 439
46 33 48 17 160 179
18 56 26 46 420 439
35 60 40 47 320 339
52 63 65 58 480 499
29 38 46 39 320 339
6 14 6 32 20 39
70 86 76 74 420 439
12 31 9 46 120 139
11 98 28 99 400 419
20 19 10 27 80 99
12 33 20 42 101 119
9 49 24 52 300 319
0 34 13 39 420 439
21 7 24 22 140 159
30 53 37 64 320 339
18 53 33 50 80 99
29 34 37 24 320 339
11 50 6 37 200 219
7 39 16 30 220 239
18 20 19 36 121 139
37 20 26 13 80 99
0 1 6 13 1 19
36 34 37 18 361 379
0 1 1 18 1 19
45 6 45 24 160 179
7 49 18 42 260 279
47 45 51 59 340 359
49 29 38 36 220 239
0 1 13 6 1 19
24 22 7 21 460 479
24 61 25 78 360 379
10 27 3 16 400 419
12 33 12 51 120 139
0 1 7 12 1 19
0 20 15 23 20 39
9 7 1 17 60 79
12 60 9 75 460 479
43 21 45 5 180 199
52 21 56 8 301 319
38 28 43 41 300 319
38 4 46 14 460 479
28 15 38 23 160 179
52 27 58 15 280 299
28 73 28 91 480 499
76 54 68 64 420 439
21 47 5 49 340 359
19 37 15 23 180 199
25 14 18 25 40 59
57 2 54 17 80 99
47 23 41 35 340 359
38 19 29 27 61 79
0 1 17 2 1 19
38 29 45 18 80 99
61 14 73 8 400 419
66 75 74 65 440 459
11 6 5 18 120 139
98 36 98 19 481 499
20 55 4 53 280 299
31 16 34 1 80 99
49 31 58 40 300 319
19 72 21 88 480 499
15 62 6 53 200 219
10 18 3 7 140 159
19 80 31 74 280 299
72 25 72 7 280 299
56 21 63 10 320 339
26 32 14 38 300 319
69 27 67 12 201 219
32 20 30 36 420 439
50 34 51 51 140 159
16 4 20 18 20 39
61 39 63 23 460 479
19 27 35 29 340 359
13 76 19 88 400 419
7 13 16 22 20 39
13 27 17 13 140 159
23 42 32 51 200 219
29 20 32 35 440 459
22 32 25 17 260 279
22 11 37 8 360 379
66 12 78 18 260 279
49 69 35 73 300 319
24 10 22 26 260 279
20 17 9 24 40 59
21 89 19 73 460 479
0 1 13 6 1 19
8 65 25 64 280 299
6 12 22 14 220 239
22 59 20 44 221 239
30 19 22 9 80 99
3 23 18 21 81 99
17 22 17 39 261 279
0 20 16 22 420 439
35 21 18 20 260 279
6 27 21 30 120 139
8 41 20 47 120 139
4 30 15 36 81 99
26 12 26 30 140 159
5 39 20 36 140 159
19 76 11 66 320 339
0 1 0 19 1 19
55 37 59 23 420 439
23 15 22 32 380 399
49 68 58 77 440 459
21 88 14 99 280 299
4 16 20 18 20 39
15 65 21 53 300 319
21 52 31 44 320 339
72 14 56 16 220 239
42 39 38 25 360 379
38 87 42 73 440 459
92 42 91 25 460 479
42 17 42 35 200 219
0 2 8 11 2 19
0 1 12 7 1 19
8 28 0 19 41 59
9 11 22 6 20 39
29 31 43 35 140 159
4 32 13 24 81 99
21 43 28 54 140 159
28 89 18 81 360 379
15 33 8 22 100 119
24 13 18 1 240 259
25 75 24 92 300 319
9 29 10 12 300 319
8 0 4 14 180 199
71 92 62 83 480 499
0 1 12 7 1 19
45 33 39 45 380 399
36 79 36 62 261 279
11 22 8 37 40 59
31 30 14 29 120 139
35 22 37 6 80 99
53 80 53 98 320 339
10 4 21 11 60 79
15 95 15 77 380 399
28 6 27 23 300 319
25 53 40 56 220 239
42 66 31 59 380 399
24 37 15 46 120 139
14 39 24 47 320 339
25 15 15 23 60 79
15 14 32 15 280 299
5 93 8 78 140 159
12 18 12 36 60 79
2 41 17 38 80 99
60 73 70 65 480 499
44 61 61 62 400 419
15 31 15 13 260 279
33 26 34 43 80 99
8 10 21 5 180 199
10 7 6 21 400 419
0 1 17 2 1 19
75 46 83 36 400 419
11 15 6 28 260 279
37 32 35 48 200 219
57 45 60 30 380 399
19 7 30 14 60 79
37 24 26 31 280 299
16 2 24 12 20 39
23 59 25 43 380 399
42 11 33 20 320 339
48 14 54 2 180 199
11 20 12 37 440 459
17 98 6 91 440 459
20 52 27 62 481 499
21 3 36 6 420 439
32 17 29 32 120 139
0 1 3 16 1 19
1 19 14 14 180 199
15 7 24 16 260 279
7 75 24 76 260 279
18 13 21 28 120 139
16 43 20 29 360 379
0 85 17 84 480 499
80 37 85 50 400 419
38 18 26 23 121 139
18 20 29 27 180 199
21 30 10 37 440 459
32 36 15 37 420 439
23 40 15 30 200 219
22 4 32 12 300 319
11 64 9 48 280 299
29 27 24 14 340 359
17 40 22 27 160 179
31 53 19 59 460 479
40 31 41 14 400 419
41 15 26 18 420 439
10 10 23 5 20 39
19 1 29 9 60 79
46 69 34 63 440 459
12 7 12 24 61 79
33 64 31 80 480 499
46 1 48 17 440 459
34 66 39 53 380 399
22 10 13 1 60 79
22 22 37 25 300 319
96 13 94 29 280 299
50 1 53 16 480 499
34 40 37 55 380 399
20 15 23 0 80 99
33 25 41 35 220 239
24 15 38 18 341 359
2 65 1 48 400 419
28 12 24 26 260 279
19 21 25 33 220 239
18 24 3 21 60 79
15 35 24 43 321 339
26 20 27 3 100 119
32 35 18 31 80 99
37 68 23 64 240 259
35 47 22 52 220 239
5 18 13 28 120 139
19 25 15 11 380 399
24 58 33 49 460 479
26 80 31 93 340 359
22 15 20 31 40 59
47 45 51 31 380 399
16 11 12 24 181 199
28 60 25 75 220 239
15 8 9 20 280 299
21 29 37 27 140 159
1 40 8 29 120 139
21 10 23 26 40 59
54 34 38 32 300 319
31 32 30 49 400 419
22 61 30 51 200 219
37 56 32 69 400 419
17 20 4 25 40 59
25 64 39 60 160 179
62 47 47 44 360 379
17 11 5 17 420 439
50 3 48 19 280 299
38 8 26 2 60 79
7 34 13 46 120 139
3 12 5 27 141 159
29 51 14 48 220 239
19 30 8 23 480 499
25 12 23 27 141 159
25 75 20 62 460 479
1 2 13 8 480 499
16 30 11 17 140 159
16 4 22 16 20 39
21 17 21 34 41 59
49 57 45 43 300 319
17 29 12 16 60 79
27 2 12 5 120 139
0 1 14 5 1 19
15 22 5 14 200 219
17 35 31 39 460 479
19 29 23 43 180 199
42 25 41 8 200 219
19 20 25 8 160 179
15 73 23 63 460 479
63 59 75 65 460 479
15 23 17 7 180 199
42 12 34 22 460 479
31 21 34 36 300 319
31 25 22 33 361 379
12 92 29 93 180 199
7 77 20 72 380 399
19 45 27 35 100 119
13 47 12 30 140 159
18 23 11 34 80 99
25 46 40 49 280 299
29 21 22 10 60 79
0 1 15 4 1 19
0 1 7 12 1 19
38 7 27 13 301 319
37 15 48 8 140 159
2 2 4 17 41 59
5 10 5 27 61 79
6 68 22 70 300 319
81 10 94 15 480 499
11 7 26 10 20 39
14 10 13 27 60 79
13 7 27 11 20 39
9 30 21 36 200 219
31 2 27 15 101 119
21 43 23 59 260 279
23 48 19 34 280 299
18 33 17 17 301 319
17 16 10 5 320 339
12 27 5 38 40 59
16 18 12 32 140 159
35 9 46 16 380 399
26 34 26 52 260 279
16 22 9 11 380 399
24 37 33 46 480 499
3 4 1 20 80 99
44 47 53 38 440 459
49 38 40 47 240 259
71 15 64 4 100 119
7 4 24 3 80 99
7 28 9 44 40 59
23 64 30 75 480 499
20 1 25 14 200 219
19 84 7 78 360 379
17 28 12 41 440 459
91 34 81 27 221 239
35 69 52 68 380 399
19 19 26 30 260 279
12 14 12 32 460 479
33 78 20 83 240 259
73 11 69 24 321 339
16 27 27 20 160 179
4 1 20 3 40 59
2 65 5 80 320 339
5 79 11 67 340 359
33 2 45 8 40 59
58 76 55 90 361 379
15 9 6 0 420 439
0 19 5 6 400 419
81 50 71 58 400 419
10 41 8 57 280 299
58 43 67 34 360 379
22 15 6 13 200 219
18 9 5 14 40 59
48 15 36 21 360 379
19 10 25 21 341 359
37 6 31 18 80 99
5 28 12 17 80 99
50 64 56 52 380 399
39 40 36 25 160 179
48 11 41 21 461 479
90 14 90 32 260 279
18 25 1 24 80 99
56 62 59 47 220 239
65 96 67 80 480 499
30 49 32 33 120 139
40 11 54 8 61 79
49 27 50 44 260 279
61 7 50 0 460 479
31 19 34 4 180 199
0 1 13 6 1 19
44 1 58 5 480 499
29 3 40 10 420 439
50 43 44 55 240 259
13 37 6 26 340 359
55 74 72 75 360 379
39 13 39 31 260 279
0 1 3 16 1 19
23 35 12 28 220 239
19 34 16 49 160 179
53 18 40 23 480 499
27 24 24 9 320 339
13 31 9 17 100 119
51 8 34 9 160 179
31 39 27 53 180 199
17 19 2 16 220 239
10 12 2 22 60 79
16 18 5 25 100 119
17 79 2 82 220 239
45 48 29 50 360 379
10 32 17 43 60 79
55 6 56 22 301 319
60 54 69 46 201 219
40 18 34 30 140 159
67 89 58 98 340 359
18 44 2 42 380 399
11 12 25 8 40 59
50 28 38 34 140 159
33 36 26 25 80 99
50 17 50 35 120 139
7 73 8 56 340 359
22 52 24 36 220 239
28 11 21 0 40 59
48 2 44 16 180 199
21 46 34 41 360 379
98 30 94 16 420 439
18 10 27 19 140 159
37 42 53 44 160 179
11 26 16 39 120 139
55 29 39 28 401 419
62 72 51 65 460 479
10 32 25 35 180 199
31 55 45 59 340 359
17 24 29 30 120 139
7 52 20 57 240 259
20 17 15 30 280 299
44 20 37 31 260 279
25 50 37 56 400 419
20 35 22 51 160 179
24 27 10 23 280 299
9 8 1 18 440 459
10 32 10 50 460 479
12 57 23 50 400 419
14 38 31 37 260 279
14 57 15 74 440 459
0 1 15 4 1 19
25 18 9 16 80 99
0 1 7 12 1 19
12 6 28 4 20 39
22 10 32 18 100 119
37 8 44 19 240 259
26 12 29 27 100 119
37 30 39 46 320 339
7 13 21 9 20 39
90 31 73 30 280 299
9 21 24 24 100 119
23 14 35 8 440 459
21 20 24 35 80 99
25 4 41 6 40 59
22 51 9 46 240 259
64 69 76 75 440 459
59 24 72 19 200 219
73 17 64 8 380 399
0 1 3 16 1 19
26 48 15 55 180 199
15 39 30 36 460 479
15 5 16 22 20 39
26 13 9 12 120 139
23 87 36 92 420 439
11 67 1 59 340 359
59 14 46 9 480 499
0 1 13 6 1 19
0 1 10 9 1 19
14 84 28 88 180 199
30 5 18 10 301 319
34 39 49 42 480 499
16 34 33 35 340 359
25 15 19 27 220 239
24 42 16 52 340 359
67 42 61 54 480 499
10 27 22 33 240 259
33 19 44 12 260 279
0 1 14 5 1 19
43 24 30 29 320 339
14 34 5 43 60 79
29 61 25 47 100 119
17 32 9 22 200 219
7 16 16 7 40 59
29 85 22 74 220 239
5 64 17 58 200 219
36 28 29 17 340 359
16 31 16 49 240 259
25 44 10 47 120 139
41 94 42 77 400 419
95 75 80 73 441 459
28 24 27 41 100 119
22 14 35 9 220 239
4 17 13 8 40 59
11 7 13 23 20 39
37 24 37 42 320 339
53 31 69 29 300 319
15 28 0 25 80 99
1 36 10 28 181 199
24 30 38 26 60 79
32 29 23 38 320 339
12 92 6 80 140 159
16 10 16 28 180 199
27 43 26 60 180 199
35 21 34 38 460 479
26 19 23 34 240 259
45 5 35 13 300 319
12 22 11 39 340 359
13 4 9 17 21 39
24 28 27 13 380 399
14 4 8 16 20 39
13 31 1 37 300 319
13 96 18 83 480 499
11 28 23 34 120 139
6 13 21 11 61 79
37 16 25 22 280 299
18 29 4 26 181 199
41 39 58 40 300 319
69 37 59 44 441 459
12 40 25 35 460 479
13 26 18 13 80 99
26 14 26 31 161 179
26 17 30 3 440 459
12 0 12 17 41 59
80 51 75 64 360 379
28 21 29 38 120 139
67 76 60 87 200 219
24 11 18 23 40 59
68 31 61 20 280 299
2 10 13 3 220 239
41 41 25 39 460 479
0 1 3 16 1 19
28 50 31 35 340 359
1 16 9 6 40 59
27 20 36 29 320 339
20 79 3 80 280 299
74 76 85 82 241 259
12 34 28 32 140 159
19 18 21 2 400 419
48 42 46 58 380 399
68 18 60 28 260 279
27 8 27 26 240 259
5 15 21 17 60 79
7 17 18 24 60 79
28 57 37 66 400 419
0 1 10 9 1 19
24 93 16 83 440 459
17 6 29 0 80 99
18 14 13 27 420 439
20 25 13 36 320 339
3 45 17 49 100 119
22 61 11 68 440 459
32 30 18 34 180 199
18 35 20 19 200 219
19 43 33 47 220 239
31 82 19 88 280 299
19 0 31 6 240 259
21 27 9 33 140 159
16 18 12 32 100 119
49 28 42 39 200 219
40 48 24 50 420 439
8 56 22 60 300 319
0 1 0 19 1 19
80 23 80 6 341 359
9 23 26 22 420 439
4 31 19 34 440 459
34 14 31 29 460 479
54 33 49 20 200 219
20 18 33 23 380 399
18 22 5 17 100 119
15 22 15 4 40 59
55 38 57 22 160 179
54 28 42 34 420 439
21 3 37 5 60 79
29 4 34 17 120 139
0 2 16 3 2 19
30 13 17 17 61 79
84 40 82 24 220 239
42 33 32 41 440 459
58 12 54 26 220 239
65 26 80 23 360 379
13 16 21 6 120 139
7 36 19 42 80 99
19 33 24 46 60 79
21 32 15 20 440 459
47 94 57 86 400 419
9 99 0 90 380 399
48 85 59 79 341 359
37 60 45 70 240 259
47 56 31 54 320 339
9 21 24 24 220 239
13 6 4 15 120 139
35 78 39 91 341 359
0 1 5 14 1 19
0 20 5 33 20 39
62 62 72 54 140 159
10 91 10 73 440 459
20 29 29 38 200 219
33 52 32 36 101 119
32 35 32 53 120 139
37 17 22 14 180 199
20 20 24 34 220 239
40 58 25 55 220 239
33 8 28 21 480 499
57 27 57 45 220 239
34 29 47 24 320 339
43 20 44 37 160 179
63 12 57 0 280 299
23 39 20 24 300 319
37 27 48 34 420 439
19 57 17 41 340 359
88 64 98 56 380 399
37 32 30 43 120 139
5 21 11 33 100 119
15 5 4 12 20 39
12 14 4 24 60 79
18 46 29 52 161 179
78 37 89 30 360 379
0 1 5 14 1 19
20 82 12 72 340 359
0 1 4 15 1 19
30 2 24 13 81 99
10 42 26 44 180 199
1 36 1 18 160 179
10 28 17 17 180 199
43 7 57 3 60 79
21 20 32 14 141 159
20 63 20 81 320 339
9 13 15 1 220 239
0 1 0 19 1 19
24 20 20 6 60 79
9 22 20 15 40 59
6 31 20 35 40 59
15 47 1 43 340 359
43 26 43 44 120 139
29 50 36 40 341 359
51 3 53 18 241 259
57 13 59 28 81 99
27 55 32 67 281 299
35 7 24 14 380 399
34 21 19 18 200 219
45 11 56 4 420 439
43 58 39 44 480 499
5 15 7 31 60 79
12 16 6 28 100 119
4 87 9 74 360 379
13 37 20 26 340 359
48 14 61 9 460 479
25 60 26 77 200 219
55 40 66 33 400 419
31 40 42 33 400 419
42 94 49 83 460 479
43 57 41 42 441 459
21 42 17 29 381 399
28 27 17 34 120 139
5 11 22 10 300 319
27 46 22 34 181 199
22 16 28 28 340 359
0 1 1 18 1 19
46 5 53 16 320 339
27 79 32 66 340 359
34 29 32 45 240 259
33 51 35 36 481 499
66 56 79 61 460 479
58 5 73 2 440 459
55 8 44 1 120 139
84 44 94 52 420 439
89 72 73 74 360 379
0 1 15 4 1 19
15 5 17 21 20 39
21 18 24 3 80 99
9 25 12 10 140 159
24 32 32 22 260 279
21 31 37 33 100 119
6 25 18 19 160 179
50 14 59 23 140 159
17 71 29 65 220 239
15 61 13 77 380 399
75 42 63 36 440 459
13 73 9 87 460 479
59 43 45 47 460 479
18 36 25 47 140 159
55 73 46 65 481 499
70 69 78 59 480 499
24 25 29 38 160 179
26 52 10 54 140 159
39 54 48 45 400 419
17 12 16 29 120 139
28 50 12 52 220 239
24 21 16 11 160 179
58 53 68 61 440 459
16 40 22 28 180 199
33 43 42 34 420 439
0 1 4 15 1 19
16 22 13 7 100 119
13 30 4 38 221 239
30 18 44 14 60 79
31 36 25 47 421 439
22 6 15 17 100 119
20 88 36 86 460 479
0 35 1 18 200 219
29 6 39 14 240 259
20 29 34 33 400 419
10 38 7 23 460 479
18 18 35 19 140 159
38 46 43 59 300 319
46 18 37 9 140 159
12 6 27 9 20 39
37 85 49 79 300 319
29 46 25 32 440 459
21 17 16 4 300 319
31 14 31 32 240 259
24 31 12 37 160 179
9 15 12 30 100 119
71 26 62 35 280 299
0 1 5 14 1 19
25 40 34 49 480 499
51 72 53 88 440 459
0 1 17 0 1 19
17 1 34 0 20 39
59 99 71 93 460 479
83 42 95 48 320 339
8 12 19 19 20 39
14 16 9 29 180 199
14 92 30 94 420 439
25 24 37 30 160 179
15 64 32 63 160 179
28 50 22 62 380 399
55 26 39 28 200 219
39 29 38 46 220 239
15 8 13 24 40 59
18 48 2 46 100 119
43 11 50 22 420 439
32 18 34 3 201 219
12 17 12 35 80 99
85 53 73 59 380 399
34 3 33 20 200 219
38 59 21 60 120 139
51 52 58 63 240 259
14 23 21 12 240 259
27 24 20 35 440 459
12 24 27 21 420 439
1 6 8 16 101 119
35 63 25 71 420 439
12 8 4 18 20 39
49 78 49 60 320 339
45 71 45 53 260 279
17 20 14 35 40 59
16 41 33 42 320 339
0 1 15 4 1 19
83 97 67 99 420 439
20 73 16 59 440 459
1 12 18 13 280 299
47 60 63 62 320 339
21 27 30 36 220 239
10 48 24 44 140 159
68 26 59 35 340 359
15 25 2 30 300 319
18 45 30 39 160 179
75 14 92 13 160 179
2 29 2 47 200 219
16 52 33 53 460 479
67 33 55 39 380 399
47 19 50 33 201 219
31 27 17 23 260 279
6 27 2 13 120 139
14 10 4 18 100 119
11 7 8 22 20 39
6 15 20 19 400 419
0 24 4 10 220 239
20 47 15 60 360 379
61 50 61 32 360 379
0 1 0 19 1 19
4 8 10 19 241 259
0 1 9 10 1 19
31 81 16 84 340 359
52 87 48 74 461 479
80 53 80 71 400 419
48 23 39 14 440 459
2 10 10 20 220 239
54 25 62 35 240 259
19 5 30 12 380 399
39 9 56 8 100 119
15 7 27 13 300 319
30 21 28 5 280 299
70 81 70 99 440 459
42 44 55 39 220 239
7 9 0 20 380 399
26 59 43 58 200 219
0 4 6 16 420 439
1 21 18 20 100 119
53 13 43 21 260 279
28 1 35 12 480 499
30 12 31 28 241 259
32 68 16 66 300 319
17 4 23 16 40 59
4 43 10 31 160 179
26 49 9 50 240 259
10 27 22 21 40 59
9 86 6 71 360 379
25 32 21 18 280 299
14 13 15 30 400 419
23 2 21 18 40 59
9 40 9 57 61 79
24 48 34 56 100 119
33 76 44 83 200 219
21 37 23 53 260 279
4 13 4 31 280 299
20 81 34 77 280 299
39 36 22 37 80 99
19 19 18 2 220 239
8 21 17 30 40 59
31 73 35 87 300 319
18 6 30 12 140 159
42 81 56 77 400 419
33 67 24 76 380 399
10 22 16 34 300 319
24 45 40 43 480 499
20 17 5 14 40 59
8 12 4 26 60 79
37 51 27 59 340 359
50 97 53 82 240 259
25 61 38 56 260 279
13 7 15 23 20 39
21 21 18 7 121 139
17 62 25 52 480 499
14 47 16 31 160 179
4 32 10 20 180 199
57 64 63 75 261 279
15 31 27 37 420 439
6 4 12 15 441 459
27 43 25 59 260 279
28 23 12 25 280 299
16 41 0 43 160 179
10 24 10 7 161 179
34 21 23 14 480 499
37 32 32 19 400 419
0 1 6 13 1 19
29 54 33 68 480 499
53 39 58 26 420 439
34 42 31 57 100 119
12 11 13 28 160 179
93 59 79 55 300 319
16 40 23 29 140 159
24 7 7 6 240 259
13 49 19 37 300 319
26 64 39 59 340 359
30 11 40 19 160 179
36 22 42 11 441 459
7 17 21 13 60 79
18 28 2 30 300 319
18 24 17 41 300 319
0 1 7 12 1 19
15 18 31 20 160 179
37 10 33 24 160 179
10 28 16 17 201 219
45 32 52 43 160 179
0 1 4 15 1 19
52 26 54 10 380 399
50 76 47 61 300 319
7 18 20 22 181 199
39 24 39 6 360 379
18 49 8 41 320 339
17 29 3 25 60 79
0 1 2 17 1 19
54 46 65 39 260 279
25 42 19 54 120 139
30 9 28 25 40 59
13 60 30 59 200 219
53 57 39 54 481 499
17 23 29 29 420 439
59 58 54 71 320 339
29 26 15 30 80 99
2 8 13 1 180 199
16 55 5 62 120 139
44 89 50 78 301 319
17 54 0 53 160 179
12 6 29 7 20 39
45 1 58 6 420 439
74 34 62 28 420 439
5 9 4 26 220 239
10 64 17 75 260 279
24 22 18 34 60 79
11 22 14 7 120 139
28 22 31 37 300 319
9 16 9 34 40 59
9 78 6 63 400 419
2 3 11 12 40 59
41 84 33 74 400 419
33 75 38 62 420 439
6 21 22 23 120 139
52 60 55 45 460 479
35 25 30 38 140 159
13 20 8 33 120 139
42 36 57 39 220 239
31 29 43 35 380 399
26 40 25 23 140 159
45 19 45 1 420 439
44 80 53 89 460 479
16 42 4 48 140 159
60 57 59 40 480 499
34 22 43 13 340 359
19 3 25 15 140 159
18 25 25 14 280 299
42 66 35 77 180 199
0 1 0 19 1 19
23 28 30 39 160 179
4 14 16 20 20 39
16 18 4 12 100 119
23 15 17 3 60 79
20 69 6 65 320 339
26 32 39 37 180 199
51 16 41 8 360 379
16 1 1 3 21 39
57 87 51 75 420 439
51 74 57 86 440 459
57 85 46 78 460 479
56 15 72 17 360 379
18 18 2 20 140 159
11 7 14 22 20 39
82 46 84 30 340 359
3 24 2 7 80 99
0 20 7 31 460 479
49 39 48 22 420 439
13 10 7 22 80 99
68 18 69 1 140 159
69 0 83 4 160 179
37 63 52 61 441 459
56 53 55 70 400 419
89 14 74 11 440 459
89 68 90 85 320 339
1 22 3 6 160 179
9 15 22 10 100 119
94 28 94 46 300 319
25 46 11 42 160 179
81 53 74 42 340 359
25 33 27 49 260 279
46 79 53 90 480 499
19 22 19 40 200 219
17 49 21 35 220 239
61 97 70 88 420 439
45 34 31 30 360 379
30 14 25 2 81 99
3 86 10 97 400 419
40 25 32 15 240 259
41 36 49 46 240 259
42 63 43 46 480 499
16 53 15 36 360 379
14 6 5 15 20 39
5 16 17 22 120 139
12 25 21 16 40 59
58 39 51 50 320 339
6 25 15 16 40 59
25 31 31 43 460 479
39 27 29 19 420 439
31 6 18 11 40 59
47 59 34 54 460 479
14 20 6 11 41 59
17 1 3 5 20 39
8 17 17 26 120 139
25 14 30 1 200 219
14 43 23 52 360 379
24 51 27 36 200 219
40 49 33 60 440 459
47 2 64 3 400 419
39 61 29 53 180 199
66 45 53 40 400 419
1 1 15 4 2 19
5 54 2 39 400 419
17 20 13 34 240 259
0 1 5 14 1 19
20 21 32 15 200 219
21 12 21 30 40 59
38 53 38 36 461 479
10 28 16 40 300 319
8 12 13 25 20 39
38 67 37 84 280 299
14 44 12 28 300 319
29 95 42 91 201 219
40 15 56 17 240 259
6 19 17 12 480 499
21 38 29 48 360 379
29 86 27 70 280 299
9 30 16 41 160 179
10 67 26 65 320 339
83 52 79 38 480 499
8 54 3 66 161 179
69 47 80 54 380 399
18 66 4 62 180 199
1 5 11 13 60 79
44 14 35 5 460 479
18 10 28 2 460 479
57 15 58 31 321 339
57 40 64 51 240 259
14 4 15 21 20 39
21 18 31 26 120 139
49 44 32 43 360 379
10 41 14 55 80 99
1 32 3 16 200 219
41 24 30 17 160 179
22 64 38 66 140 159
21 11 8 7 121 139
37 11 50 16 220 239
0 1 15 4 1 19
26 24 21 11 140 159
28 39 28 57 240 259
24 90 18 78 380 399
26 13 39 17 421 439
9 76 23 80 480 499
50 33 60 25 480 499
25 17 8 16 180 199
21 33 36 36 60 79
73 27 79 39 380 399
33 9 30 24 340 359
28 98 11 97 420 439
32 43 20 37 480 499
22 20 31 11 220 239
48 61 57 53 421 439
45 2 62 1 440 459
29 43 14 40 380 399
27 25 36 34 340 359
27 16 44 15 120 139
5 64 17 70 200 219
50 6 44 17 241 259
2 18 2 36 20 39
9 58 3 46 80 99
44 91 47 76 240 259
43 26 52 17 480 499
34 7 24 15 80 99
27 14 19 4 120 139
2 69 12 61 280 299
35 80 23 86 400 419
26 16 26 34 60 79
56 48 43 53 300 319
28 61 29 78 240 259
56 48 72 46 340 359
24 51 36 45 280 299
73 61 61 67 380 399
62 66 72 73 401 419
21 10 28 21 280 299
68 86 72 73 441 459
22 26 15 15 380 399
0 1 8 11 1 19
47 91 49 75 460 479
28 95 12 97 360 379
16 55 31 52 400 419
6 4 1 17 60 79
15 39 28 34 140 159
29 31 26 46 180 199
22 58 18 44 140 159
16 43 21 56 240 259
16 67 13 52 320 339
35 72 29 84 320 339
19 20 25 32 40 59
2 73 13 66 440 459
26 30 29 45 180 199
24 45 39 43 221 239
12 71 28 73 280 299
39 63 47 54 281 299
39 78 55 80 320 339
80 46 92 40 180 199
53 66 46 55 360 379
28 7 14 11 120 139
43 61 38 48 220 239
40 50 28 44 460 479
90 59 75 62 440 459
23 15 35 9 220 239
94 57 94 75 480 499
47 55 30 54 300 319
2 6 5 21 380 399
36 28 31 40 161 179
18 79 32 83 400 419
19 26 19 44 80 99
12 45 11 62 80 99
7 11 22 14 20 39
0 1 4 15 1 19
39 60 50 67 160 179
73 22 66 11 240 259
25 79 28 64 380 399
5 26 1 40 200 219
23 41 27 55 340 359
12 23 8 9 280 299
38 55 34 69 280 299
33 13 23 5 220 239
8 77 23 80 120 139
63 29 50 25 441 459
93 76 82 69 400 419
5 17 21 15 60 79
31 48 38 59 400 419
57 38 50 49 360 379
49 54 49 36 440 459
30 20 24 32 220 239
45 12 52 23 280 299
3 18 10 29 160 179
18 40 29 47 420 439
0 1 11 8 1 19
10 6 15 19 180 199
28 40 43 37 180 199
57 41 59 57 300 319
44 27 42 43 160 179
41 41 26 38 140 159
20 21 14 32 221 239
9 21 1 11 300 319
25 13 36 6 300 319
25 59 28 74 220 239
28 75 28 93 240 259
9 39 5 53 180 199
37 26 31 38 160 179
29 14 40 7 160 179
47 98 49 82 400 419
5 73 9 87 340 359
0 1 4 15 1 19
20 21 37 22 400 419
25 72 34 63 440 459
25 14 9 12 120 139
82 25 90 15 240 259
0 68 0 86 460 479
40 37 31 28 360 379
36 42 41 55 140 159
21 14 36 11 40 59
26 11 19 0 40 59
29 36 36 26 141 159
17 35 25 45 140 159
40 57 33 68 360 379
3 20 12 29 120 139
2 48 6 34 220 239
2 39 9 28 160 179
23 18 26 3 160 179
6 14 17 7 60 79
8 3 7 20 480 499
38 65 38 47 360 379
40 55 46 67 320 339
72 59 59 63 421 439
6 55 22 57 200 219
18 19 10 9 280 299
23 56 28 43 320 339
37 31 54 32 180 199
56 13 44 19 240 259
36 31 22 27 280 299
3 17 18 20 420 439
46 60 48 44 460 479
11 29 23 23 260 279
11 9 13 25 20 39
26 17 30 3 280 299
11 35 15 21 100 119
6 3 19 8 40 59
14 58 26 52 420 439
98 81 98 98 381 399
18 34 12 46 60 79
31 21 15 23 220 239
42 25 42 43 280 299
51 23 49 39 420 439
20 23 19 39 61 79
29 8 21 18 80 99
7 54 1 65 461 479
40 21 50 13 120 139
11 38 25 42 360 379
40 51 56 53 200 219
66 15 67 32 480 499
51 10 39 16 320 339
12 5 28 6 21 39
38 14 37 30 481 499
30 35 26 21 320 339
39 4 28 10 101 119
12 6 25 11 20 39
27 12 29 28 320 339
47 37 36 43 481 499
29 78 20 87 440 459
41 30 25 32 320 339
21 24 31 32 280 299
45 16 58 20 101 119
40 26 49 34 241 259
49 12 61 18 280 299
4 67 13 59 181 199
34 52 29 39 220 239
19 43 7 49 100 119
22 29 37 26 400 419
78 63 70 53 360 379
65 58 76 51 200 219
8 9 15 20 40 59
78 58 94 56 380 399
14 51 6 42 341 359
29 6 23 18 40 59
10 73 20 81 480 499
30 54 30 36 220 239
24 3 16 13 40 59
77 32 82 45 320 339
4 18 13 9 60 79
20 34 6 30 460 479
96 96 84 90 420 439
84 91 87 76 440 459
1 18 9 8 80 99
72 58 73 75 220 239
30 13 21 22 400 419
80 57 94 53 240 259
13 12 1 6 40 59
37 18 23 22 400 419
19 1 19 19 380 399
15 25 27 31 100 119
22 6 37 9 220 239
74 64 57 63 460 479
25 30 25 12 160 179
21 31 7 35 380 399
18 21 24 9 200 219
47 75 54 86 340 359
26 23 21 10 80 99
26 45 26 27 120 139
29 26 28 43 480 499
14 14 3 21 100 119
25 42 34 51 200 219
31 55 34 70 340 359
36 22 51 24 201 219
0 1 1 18 1 19
22 40 16 28 460 479
20 40 14 52 420 439
11 12 15 26 80 99
24 24 37 19 380 399
7 13 18 20 20 39
0 1 4 15 1 19
6 15 18 9 440 459
13 27 14 44 140 159
36 5 50 2 261 279
41 5 49 15 220 239
22 36 5 37 140 159
57 40 57 22 120 139
0 1 11 8 1 19
57 12 74 13 280 299
2 15 16 19 200 219
27 16 40 11 120 139
50 36 64 40 220 239
26 59 39 64 320 339
17 76 29 82 280 299
15 16 27 22 120 139
43 16 32 23 160 179
19 35 19 53 340 359
13 51 20 62 300 319
49 81 64 84 460 479
2 2 19 3 180 199
29 18 26 33 160 179
61 17 44 18 300 319
14 8 23 17 140 159
90 42 78 36 340 359
37 19 49 25 380 399
10 17 10 35 200 219
6 14 6 32 20 39
14 14 14 32 420 439
18 10 14 24 140 159
23 14 23 32 120 139
25 37 15 45 340 359
0 2 13 6 2 19
4 17 16 11 40 59
22 71 10 65 240 259
0 1 12 7 1 19
37 11 42 24 180 199
35 23 36 6 100 119
60 8 51 17 340 359
17 33 5 39 300 319
12 23 14 39 40 59
44 84 44 66 220 239
65 26 68 41 320 339
19 1 4 4 60 79
2 23 11 32 80 99
24 93 24 75 320 339
51 49 66 46 220 239
0 1 6 13 1 19
73 41 79 53 180 199
95 59 89 47 460 479
33 10 48 13 160 179
20 34 16 20 60 79
44 61 44 79 360 379
83 22 90 33 200 219
42 7 39 22 200 219
31 59 40 50 420 439
30 13 39 5 141 159
16 85 23 96 360 379
18 15 18 33 40 59
49 5 59 13 460 479
32 98 26 86 340 359
35 10 27 0 280 299
23 82 29 94 240 259
89 36 72 37 240 259
29 63 15 67 260 279
18 10 17 27 60 79
54 21 43 28 440 459
19 60 6 55 480 499
57 17 51 28 241 259
8 60 19 67 380 399
21 59 29 49 380 399
42 39 41 56 280 299
29 77 18 84 260 279
19 87 29 95 300 319
46 13 42 27 480 499
33 20 33 37 61 79
16 21 2 17 40 59
15 35 16 18 100 119
0 1 3 16 1 19
16 69 20 83 400 419
51 50 46 37 400 419
44 83 52 93 400 419
25 6 39 10 480 499
87 24 90 39 320 339
32 67 47 64 360 379
6 20 20 16 460 479
0 7 0 25 400 419
28 24 33 37 60 79
27 22 23 8 440 459
22 13 30 23 480 499
6 48 14 58 220 239
30 35 20 27 240 259
32 16 23 7 300 319
51 88 35 86 480 499
21 17 29 7 220 239
63 9 65 25 340 359
58 63 42 62 461 479
89 75 76 70 300 319
77 83 77 66 441 459
77 67 85 77 460 479
2 21 7 8 360 379
1 1 6 13 2 19
64 31 80 33 400 419
19 16 7 10 40 59
1 63 7 74 481 499
33 5 45 11 260 279
8 26 19 32 41 59
28 38 22 26 460 479
30 2 46 0 420 439
37 49 51 45 380 399
31 9 42 16 180 199
43 26 56 21 160 179
20 86 20 68 420 439
87 66 83 80 280 299
36 7 24 13 120 139
26 75 15 82 480 499
20 15 34 19 200 219
36 64 49 68 281 299
43 22 57 26 400 419
96 81 86 74 341 359
6 15 4 31 160 179
86 82 70 80 420 439
0 1 14 5 1 19
0 1 16 3 1 19
6 81 14 91 280 299
11 73 8 88 300 319
35 30 24 23 360 379
40 47 28 41 280 299
37 44 29 34 440 459
11 37 10 53 81 99
37 23 37 41 140 159
16 56 30 53 201 219
27 88 36 97 240 259
13 33 3 25 260 279
28 11 16 5 40 59
64 48 66 32 340 359
27 12 19 22 320 339
33 19 18 16 220 239
14 96 6 87 281 299
25 27 25 45 100 119
37 79 41 93 380 399
9 28 13 42 40 59
26 25 36 32 61 79
1 10 18 9 320 339
96 55 90 43 320 339
18 9 16 25 40 59
13 5 8 18 140 159
21 35 7 38 201 219
31 27 30 43 201 219
12 42 29 41 460 479
58 16 53 29 300 319
30 50 37 61 220 239
2 16 8 28 20 39
24 33 20 47 240 259
26 30 11 33 60 79
29 28 16 23 80 99
38 24 43 37 460 479
11 27 26 24 460 479
11 7 26 4 20 39
2 35 2 53 40 59
36 8 31 21 140 159
23 31 23 14 201 219
15 69 2 64 380 399
35 8 28 19 240 259
66 27 60 39 280 299
37 49 47 57 300 319
35 22 48 27 160 179
18 35 27 26 320 339
22 17 22 35 40 59
5 62 8 77 360 379
45 41 41 27 380 399
41 28 49 18 400 419
49 17 35 13 420 439
18 83 11 94 400 419
30 28 27 43 340 359
64 29 72 39 440 459
23 37 18 24 260 279
14 14 31 15 60 79
63 28 63 46 280 299
50 56 58 66 300 319
10 37 18 47 80 99
9 11 4 24 20 39
54 8 54 26 140 159
11 98 4 87 440 459
20 49 12 59 440 459
14 55 5 63 181 199
36 9 51 12 120 139
27 23 37 31 180 199
46 1 39 12 400 419
17 31 21 45 340 359
53 7 40 3 81 99
36 24 49 29 180 199
15 33 27 28 441 459
5 41 18 46 140 159
4 85 16 79 480 499
21 44 30 52 381 399
0 1 9 10 1 19
13 57 2 64 300 319
59 35 69 43 220 239
24 44 36 50 460 479
53 30 36 29 480 499
1 42 18 43 360 379
34 37 34 55 120 139
64 44 60 58 460 479
19 89 20 72 420 439
18 21 19 37 101 119
41 32 41 50 320 339
11 41 2 50 140 159
40 36 39 19 100 119
16 5 29 0 320 339
17 30 3 34 400 419
89 28 84 41 200 219
15 84 7 74 320 339
67 86 58 95 280 299
26 51 13 56 280 299
12 67 22 59 320 339
17 55 15 71 340 359
70 36 73 21 220 239
7 67 19 61 220 239
36 5 38 21 440 459
42 9 43 26 400 419
18 13 32 9 480 499
85 59 97 53 420 439
92 20 89 35 220 239
1 1 17 2 2 19
33 17 38 30 220 239
68 61 55 66 480 499
23 41 30 30 180 199
21 6 4 7 40 59
4 5 14 12 61 79
13 11 0 7 81 99
33 31 42 22 180 199
5 15 8 30 20 39
17 11 13 25 380 399
21 50 6 47 80 99
40 1 28 6 101 119
7 30 21 27 101 119
25 73 25 91 380 399
69 32 57 38 480 499
13 44 28 41 320 339
25 27 34 36 60 79
26 28 13 33 60 79
72 6 73 23 220 239
26 26 34 36 100 119
38 17 49 24 200 219
34 32 35 15 420 439
1 41 18 42 300 319
27 86 33 74 320 339
9 9 11 25 20 39
30 16 20 8 460 479
77 69 66 76 420 439
2 46 11 37 60 79
13 34 4 43 80 99
10 47 23 42 320 339
90 64 98 74 460 479
10 11 4 23 80 99
0 1 17 0 1 19
67 20 60 9 320 339
18 6 14 20 140 159
22 70 13 61 420 439
32 24 42 16 100 119
8 51 8 33 80 99
36 42 51 39 460 479
33 4 42 13 240 259
42 14 34 24 260 279
26 43 25 60 200 219
34 8 42 18 180 199
2 18 4 2 20 39
0 1 0 19 40 59
43 19 31 13 220 239
3 82 17 86 120 139
90 40 95 53 340 359
31 94 48 95 360 379
4 25 4 7 40 59
30 18 18 12 60 79
16 38 4 44 140 159
13 9 12 26 60 79
33 47 28 60 220 239
0 18 11 11 20 39
8 29 17 38 200 219
9 5 26 4 60 79
27 19 38 12 100 119
9 37 19 45 180 199
1 38 9 28 320 339
27 78 13 74 440 459
41 13 36 26 300 319
76 74 64 68 420 439
51 54 50 37 360 379
0 52 10 60 180 199
17 12 21 26 200 219
0 1 17 0 1 19
4 12 14 4 60 79
15 69 5 61 220 239
57 18 68 25 320 339
48 65 63 68 440 459
29 39 46 38 380 399
34 9 22 3 160 179
29 47 42 42 260 279
12 51 5 62 80 99
48 72 37 78 241 259
10 10 19 19 20 39
18 45 19 62 240 259
64 4 60 18 420 439
11 26 26 23 40 59
48 66 35 61 300 319
85 76 86 93 480 499
16 38 27 45 140 159
25 18 42 19 120 139
59 10 71 16 80 99
9 11 24 8 20 39
36 0 20 2 180 199
10 20 19 29 260 279
39 9 43 23 220 239
2 18 18 20 100 119
32 22 41 31 300 319
79 60 79 42 480 499
22 31 5 32 400 419
5 65 8 80 100 119
50 48 65 45 380 399
84 46 84 28 380 399
81 26 96 29 240 259
13 24 30 23 40 59
63 33 70 22 260 279
70 83 71 66 440 459
36 40 26 32 220 239
50 28 42 38 260 279
17 10 27 18 40 59
54 72 59 59 340 359
36 44 34 28 300 319
4 3 5 20 80 99
1 19 1 1 460 479
42 46 47 59 100 119
15 24 10 37 80 99
33 27 29 13 460 479
34 10 35 27 180 199
2 62 14 68 220 239
88 33 72 35 320 339
1 30 1 12 80 99
11 18 5 7 101 119
12 24 5 35 260 279
9 46 18 55 400 419
57 16 65 25 301 319
26 40 36 48 220 239
53 15 39 19 140 159
14 60 1 65 340 359
29 33 46 32 140 159
8 34 11 49 180 199
22 5 32 13 120 139
67 67 68 84 460 479
24 8 41 9 460 479
11 14 19 24 280 299
0 1 16 3 1 19
72 34 57 37 340 359
69 63 83 67 180 199
5 8 19 4 40 59
17 41 1 43 180 199
36 39 28 49 360 379
53 86 70 85 400 419
1 1 12 7 2 19
94 66 98 80 380 399
33 54 27 43 141 159
40 50 53 55 460 479
38 40 55 41 220 239
13 17 29 19 140 159
49 53 65 55 260 279
45 22 35 30 120 139
70 44 76 32 380 399
11 18 28 19 80 99
48 16 62 12 180 199
42 52 56 56 180 199
25 9 34 18 60 79
23 39 29 51 340 359
69 43 69 61 140 159
5 47 5 65 180 199
4 42 9 30 281 299
2 14 1 31 60 79
81 3 75 15 140 159
22 36 36 40 60 79
22 15 9 10 40 59
32 36 34 20 180 199
31 44 42 51 480 499
64 66 76 60 380 399
26 21 28 37 440 459
34 78 22 72 300 319
1 59 14 54 140 159
35 20 18 19 240 259
27 69 29 85 260 279
42 38 42 20 380 399
9 24 3 36 240 259
41 4 33 14 400 419
27 70 42 67 160 179
42 18 52 26 220 239
36 37 44 47 80 99
30 42 28 58 180 199
1 18 16 21 80 99
37 43 31 31 380 399
25 26 9 24 120 139
30 51 37 61 421 439
24 13 37 18 40 59
14 4 1 9 20 39
32 35 16 37 480 499
39 52 53 56 440 459
4 17 7 32 120 139
53 33 69 31 460 479
19 33 3 31 60 79
83 49 66 48 260 279
13 23 25 17 100 119
7 33 20 38 420 439
43 20 41 35 141 159
8 12 17 21 100 119
8 58 18 50 300 319
30 13 14 15 400 419
2 97 8 86 261 279
0 40 15 43 100 119
8 22 2 10 140 159
34 17 20 21 280 299
20 22 24 36 300 319
9 11 26 12 20 39
22 31 18 45 480 499
20 60 18 76 340 359
16 2 11 15 20 39
29 10 30 27 440 459
9 33 6 48 60 79
6 11 16 19 80 99
63 80 65 95 461 479
25 36 28 51 320 339
29 50 32 35 400 419
8 10 15 21 20 39
17 20 10 31 40 59
19 34 27 24 160 179
4 65 15 72 280 299
12 44 16 30 300 319
20 14 15 27 60 79
27 25 12 28 140 159
35 12 27 2 320 339
27 12 25 28 40 59
15 5 30 8 20 39
27 56 25 40 360 379
26 33 42 31 240 259
42 30 38 44 260 279
72 12 68 26 340 359
4 15 21 16 200 219
1 12 18 11 40 59
14 30 2 36 140 159
24 10 8 8 340 359
43 23 30 18 220 239
41 20 39 36 480 499
92 39 92 21 200 219
21 56 7 52 440 459
40 67 40 85 360 379
4 37 18 41 240 259
15 54 28 59 200 219
5 12 9 25 21 39
36 79 27 70 240 259
37 25 48 31 81 99
0 1 12 7 1 19
11 27 16 14 100 119
0 1 14 5 1 19
17 62 32 65 400 419
52 44 36 46 260 279
17 8 28 15 480 499
2 31 13 38 320 339
50 36 36 32 380 399
49 13 49 31 140 159
31 5 26 18 260 279
1 24 3 8 240 259
19 11 29 3 300 319
16 60 33 59 140 159
27 15 13 11 340 359
13 12 2 5 360 379
14 21 11 36 160 179
43 27 27 25 420 439
53 37 67 41 460 479
9 11 9 29 140 159
15 29 30 32 460 479
6 30 12 18 100 119
95 54 88 65 360 379
20 30 32 36 60 79
10 27 5 14 40 59
23 27 28 14 220 239
89 31 88 14 380 399
14 82 31 83 260 279
96 30 96 12 260 279
27 44 44 45 360 379
43 22 45 38 80 99
12 12 25 17 180 199
30 37 22 27 480 499
58 69 61 54 480 499
18 23 34 21 320 339
64 27 67 13 341 359
9 33 0 41 81 99
11 38 9 22 80 99
28 27 26 11 120 139
89 45 77 50 481 499
4 27 9 14 200 219
8 76 18 84 380 399
21 33 23 49 340 359
11 95 26 92 420 439
6 36 12 25 401 419
26 72 10 74 460 479
13 34 20 45 160 179
18 43 18 25 280 299
85 59 85 41 460 479
39 32 39 50 360 379
80 48 84 34 380 399
62 22 55 32 481 499
80 74 73 85 460 479
42 43 57 40 280 299
22 28 25 13 140 159
9 49 20 56 260 279
32 18 36 32 260 279
11 23 10 6 380 399
21 34 38 35 240 259
0 1 5 14 1 19
90 12 84 1 481 499
16 20 3 15 60 79
49 35 64 32 460 479
30 20 24 8 220 239
7 11 24 12 60 79
7 32 15 22 40 59
26 43 41 40 120 139
0 1 3 16 1 19
14 21 31 22 160 179
13 62 10 47 440 459
34 45 50 47 480 499
7 55 19 61 220 239
41 83 26 86 460 479
4 14 0 28 20 39
62 13 74 7 200 219
3 11 2 28 60 79
2 29 11 38 80 99
19 29 21 13 180 199
57 18 69 12 240 259
10 0 27 1 60 79
31 16 14 17 160 179
38 59 40 43 280 299
18 10 21 25 60 79
70 68 78 58 260 279
28 35 27 52 160 179
15 5 25 13 20 39
43 42 48 55 280 299
48 56 39 65 300 319
11 9 1 17 20 39
22 14 38 15 121 139
54 85 53 68 360 379
32 8 46 12 100 119
22 55 17 42 320 339
23 50 24 67 320 339
45 16 36 7 320 339
39 89 28 82 460 479
33 56 42 65 400 419
19 64 31 70 440 459
42 20 52 28 260 279
21 35 21 53 60 79
19 13 16 28 60 79
98 75 83 72 480 499
32 33 44 27 440 459
52 80 63 73 300 319
69 47 80 54 220 239
31 30 26 42 101 119
59 64 47 58 440 459
39 46 50 39 440 459
13 8 26 13 40 59
18 56 14 42 380 399
53 97 39 93 340 359
20 29 18 13 400 419
40 14 44 28 460 479
22 61 22 79 320 339
22 78 28 90 340 359
32 63 17 66 480 499
4 26 19 28 321 339
18 19 20 3 40 59
5 54 13 45 301 319
8 20 0 30 60 79
4 65 18 61 360 379
4 32 19 29 460 479
37 40 46 31 400 419
30 95 35 82 440 459
1 10 6 23 40 59
83 14 68 17 240 259
5 32 16 39 40 59
89 56 89 74 280 299
18 26 26 16 220 239
28 48 44 46 420 439
46 40 42 53 161 179
73 29 87 25 300 319
56 57 39 56 200 219
30 53 37 64 400 419
21 12 37 10 200 219
26 6 28 22 100 119
2 17 19 18 240 259
4 25 17 20 400 419
33 14 49 12 120 139
19 39 2 40 60 79
37 40 48 33 280 299
64 56 66 40 300 319
8 13 17 21 221 239
28 3 19 12 40 59
17 30 24 40 341 359
19 29 22 14 460 479
27 80 42 83 440 459
0 1 0 19 1 19
49 61 55 73 340 359
8 84 20 78 380 399
0 1 16 3 1 19
56 31 48 41 360 379
43 22 41 38 280 299
22 61 26 47 400 419
14 12 9 25 140 159
15 39 25 31 260 279
12 31 16 45 120 139
44 46 57 41 100 119
0 1 10 9 1 19
48 19 46 35 240 259
37 19 24 14 60 79
29 15 37 25 420 439
11 2 2 11 40 59
45 30 32 34 421 439
28 87 12 89 200 219
0 1 7 12 1 19
13 9 30 8 380 399
15 21 7 31 60 79
57 58 50 69 320 339
5 16 0 29 440 459
0 30 8 40 460 479
13 99 28 96 340 359
51 52 51 70 160 179
83 76 95 82 320 339
3 8 15 14 320 339
3 15 19 17 20 39
6 25 3 40 360 379
35 57 45 49 460 479
17 40 26 31 320 339
14 25 13 8 480 499
56 68 67 75 180 199
35 40 49 44 160 179
0 1 3 16 1 19
32 49 35 64 400 419
64 48 48 49 481 499
39 94 24 91 360 379
59 41 50 32 180 199
5 13 21 11 20 39
31 60 17 63 461 479
55 9 62 20 100 119
9 9 1 19 20 39
22 46 35 51 260 279
33 78 37 64 400 419
57 29 48 20 180 199
43 52 27 54 240 259
23 43 29 55 460 479
21 52 29 62 80 99
9 28 18 19 120 139
84 35 71 30 440 459
13 65 3 72 361 379
18 15 34 16 101 119
71 29 71 11 340 359
28 47 12 49 80 99
24 17 8 15 200 219
0 1 9 10 1 19
15 0 3 6 240 259
81 39 80 56 220 239
21 25 34 20 100 119
2 11 10 21 40 59
22 2 27 15 180 199
15 3 15 21 20 39
31 90 41 98 440 459
20 41 19 24 160 179
40 7 38 23 240 259
43 12 54 19 360 379
82 61 94 67 360 379
4 49 14 57 160 179
8 59 21 54 120 139
14 92 27 87 300 319
79 39 78 56 260 279
9 28 6 13 160 179
9 9 9 27 20 39
0 1 9 10 1 19
25 19 18 8 340 359
15 24 10 11 40 59
28 25 42 22 61 79
39 34 43 20 120 139
12 8 22 0 20 39
12 29 23 22 240 259
9 8 2 19 80 99
43 53 59 51 180 199
37 30 21 28 280 299
28 55 40 61 160 179
22 24 8 20 140 159
2 54 12 46 260 279
28 92 20 82 260 279
52 69 66 65 400 419
55 25 72 24 260 279
16 28 20 42 140 159
3 17 17 21 20 39
15 48 26 41 80 99
17 14 25 24 440 459
15 13 10 25 401 419
71 89 63 99 460 479
98 47 96 31 320 339
30 4 43 9 460 479
1 11 10 2 100 119
48 90 51 75 420 439
22 11 27 24 80 99
16 23 0 25 440 459
40 92 56 94 460 479
7 13 8 30 60 79
94 82 77 81 420 439
5 12 13 21 101 119
35 26 39 12 200 219
41 63 40 46 300 319
6 27 17 34 280 299
53 26 69 24 400 419
50 32 40 24 220 239
0 1 0 19 1 19
19 32 6 37 480 499
76 6 63 1 420 439
2 67 7 80 160 179
36 49 33 64 240 259
32 91 46 87 400 419
24 12 23 28 201 219
12 6 4 16 20 39
56 28 39 27 180 199
31 9 34 24 180 199
20 26 35 29 260 279
12 58 2 66 140 159
30 38 17 33 180 199
18 24 1 25 220 239
17 39 25 49 380 399
5 25 3 40 41 59
76 43 72 57 200 219
17 61 27 53 260 279
26 64 19 75 300 319
33 69 36 84 340 359
14 0 29 3 60 79
83 58 97 54 360 379
39 35 34 22 460 479
10 44 18 34 340 359
38 21 38 3 440 459
31 48 35 62 280 299
12 32 15 17 100 119
26 54 12 51 281 299
25 27 31 15 140 159
58 41 63 28 320 339
53 26 68 23 120 139
21 22 11 30 200 219
9 21 7 5 60 79
27 2 34 13 80 99
35 4 23 10 80 99
59 20 48 13 440 459
4 26 11 15 60 79
71 29 87 31 460 479
57 25 65 15 420 439
55 9 54 25 321 339
69 23 77 33 420 439
55 43 65 35 140 159
4 24 20 22 100 119
22 95 22 77 480 499
27 11 12 9 41 59
74 14 82 24 300 319
2 16 7 29 60 79
14 51 24 59 440 459
9 36 22 31 400 419
18 17 13 30 80 99
64 9 47 10 240 259
33 73 44 80 340 359
36 33 45 42 360 379
12 25 13 42 200 219
64 15 79 18 480 499
8 55 5 70 360 379
10 18 15 6 241 259
37 21 39 6 121 139
9 12 23 8 440 459
35 23 39 10 201 219
30 67 37 78 360 379
0 1 0 19 1 19
7 38 15 28 320 339
73 17 89 15 420 439
5 15 1 29 20 39
30 21 34 8 61 79
26 88 17 97 420 439
50 44 57 34 401 419
42 45 28 49 200 219
21 17 37 16 121 139
41 68 50 77 280 299
48 7 35 12 160 179
5 34 7 18 280 299
12 47 25 42 280 299
57 44 58 27 240 259
27 39 12 36 180 199
27 11 21 23 260 279
20 46 32 40 260 279
7 60 10 45 320 339
25 34 17 24 240 259
16 42 20 28 180 199
29 23 22 13 201 219
19 53 9 45 380 399
0 1 10 9 1 19
13 21 24 27 41 59
26 29 27 46 160 179
32 13 15 14 160 179
16 33 21 46 320 339
34 14 45 7 140 159
19 71 34 73 441 459
34 35 30 21 80 99
26 46 37 39 260 279
26 64 33 53 340 359
38 25 21 26 120 139
23 92 35 86 480 499
4 6 14 13 81 99
95 21 91 7 420 439
0 1 17 2 1 19
23 42 10 47 280 299
12 6 10 22 60 79
44 22 36 12 220 239
2 12 5 27 60 79
76 59 88 53 400 419
49 82 63 86 480 499
2 21 7 34 80 99
11 11 0 4 60 79
60 86 54 74 460 479
19 49 22 34 380 399
27 3 21 15 340 359
27 47 15 53 180 199
23 86 27 72 320 339
78 20 93 23 460 479
93 24 84 33 480 499
0 1 7 12 1 19
11 20 21 28 320 339
30 34 23 23 260 279
15 31 32 30 300 319
7 4 5 20 80 99
5 21 19 17 100 119
19 16 16 31 120 139
13 35 29 33 300 319
28 58 37 67 340 359
23 1 31 11 180 199
31 12 32 29 200 219
51 30 47 43 301 319
20 42 24 56 300 319
81 32 66 34 421 439
13 67 26 62 460 479
24 45 25 28 120 139
26 43 37 50 320 339
80 7 73 18 360 379
27 58 35 68 360 379
55 71 54 88 420 439
33 54 33 36 360 379
23 8 29 19 261 279
9 28 4 15 160 179
17 20 4 25 40 59
56 5 70 9 440 459
36 33 49 28 400 419
47 49 57 57 300 319
3 5 0 20 380 399
10 7 26 5 80 99
52 64 42 72 420 439
27 9 26 25 41 59
17 22 5 28 280 299
53 53 41 59 380 399
24 51 26 35 320 339
31 31 19 36 321 339
18 41 22 55 240 259
14 60 3 53 380 399
18 0 29 7 260 279
31 38 42 45 80 99
28 9 43 6 40 59
13 7 1 13 20 39
67 98 60 87 440 459
33 60 30 45 160 179
27 32 22 45 120 139
26 3 39 8 80 99
18 36 12 24 260 279
30 37 16 33 320 339
26 29 35 20 440 459
51 92 49 76 480 499
34 37 28 25 480 499
5 28 19 32 40 59
7 8 16 17 120 139
24 36 39 33 100 119
5 27 1 13 260 279
42 37 57 39 221 239
42 23 57 26 200 219
41 62 28 57 320 339
0 1 3 16 1 19
24 36 21 21 180 199
51 83 52 99 361 379
61 8 72 15 200 219
64 83 77 78 240 259
56 58 59 43 460 479
35 40 40 27 240 259
56 22 54 38 180 199
22 10 5 9 340 359
16 19 27 26 120 139
20 68 4 66 340 359
11 79 11 97 380 399
6 14 11 1 20 39
34 63 40 75 400 419
40 74 51 81 420 439
42 78 48 66 420 439
54 50 55 33 260 279
39 63 54 66 340 359
0 1 0 19 1 19
49 16 55 28 240 259
0 19 5 6 320 339
38 26 41 41 380 399
27 39 33 27 300 319
31 85 44 90 220 239
24 25 14 17 120 139
5 25 7 10 241 259
6 36 16 44 220 239
0 1 4 15 1 19
52 13 55 28 200 219
26 24 19 13 60 79
20 44 33 49 180 199
26 4 17 13 180 199
5 52 7 68 200 219
5 61 17 55 140 159
0 1 10 9 1 19
28 19 29 3 301 319
31 36 22 27 360 379
31 47 26 59 281 299
22 71 19 56 320 339
22 34 21 50 321 339
90 84 92 68 340 359
62 2 66 16 460 479
10 7 9 23 21 39
5 15 3 31 60 79
59 36 60 53 440 459
25 28 14 34 141 159
87 49 75 43 420 439
14 3 13 20 80 99
39 57 25 54 201 219
27 33 12 30 220 239
10 16 0 8 380 399
21 50 18 65 160 179
49 5 47 21 100 119
17 12 17 30 160 179
12 23 14 39 280 299
51 33 53 17 460 479
77 90 86 81 400 419
19 33 8 40 100 119
32 62 27 75 180 199
21 8 10 1 40 59
14 65 30 66 341 359
5 67 3 83 100 119
38 33 26 27 160 179
33 24 33 6 240 259
84 27 84 45 400 419
38 24 35 9 260 279
15 22 7 12 40 59
23 12 10 17 120 139
0 1 6 13 1 19
11 29 16 17 321 339
40 29 36 15 200 219
24 20 41 21 60 79
9 4 8 21 120 139
66 43 63 58 440 459
35 47 40 34 260 279
50 23 61 30 440 459
25 22 31 10 160 179
10 74 10 92 420 439
23 44 13 52 200 219
10 13 23 8 40 59
23 54 37 50 280 299
25 41 20 28 380 399
19 45 27 55 260 279
3 5 12 14 260 279
34 71 26 81 320 339
4 22 14 30 100 119
57 54 64 43 440 459
8 4 3 17 260 279
28 58 28 40 220 239
19 26 4 29 240 259
77 32 74 47 440 459
47 45 36 52 260 279
43 29 39 15 460 479
26 11 19 0 40 59
34 69 43 60 360 379
40 54 27 59 460 479
38 97 35 82 240 259
18 9 25 20 320 339
7 27 15 17 100 119
15 16 32 15 120 139
26 10 17 1 60 79
79 24 86 14 381 399
29 39 42 44 180 199
23 1 22 18 100 119
29 54 23 42 440 459
12 51 21 60 240 259
0 1 9 10 1 19
27 69 10 68 300 319
40 44 37 29 300 319
29 19 38 28 220 239
21 19 26 7 361 379
41 62 50 53 360 379
39 15 26 10 340 359
48 69 34 73 400 419
14 23 8 11 160 179
76 57 81 70 480 499
28 17 24 3 160 179
35 10 41 22 240 259
17 14 33 12 200 219
16 2 7 11 20 39
79 52 79 70 320 339
12 41 27 44 160 179
49 44 45 30 360 379
34 56 32 41 481 499
87 32 77 40 480 499
0 20 5 33 20 39
33 32 23 40 160 179
73 87 67 98 481 499
30 31 18 25 200 219
31 38 31 56 320 339
21 16 35 13 101 119
15 78 15 60 400 419
27 16 18 25 280 299
32 40 49 39 220 239
16 21 29 26 280 299
10 27 7 12 40 59
35 43 49 47 100 119
6 34 20 30 380 399
0 1 6 13 1 19
40 22 46 10 180 199
13 26 0 21 440 459
30 36 40 28 300 319
44 28 44 10 460 479
29 30 17 36 440 459
24 32 40 30 380 399
12 31 29 30 480 499
25 14 12 19 240 259
10 23 10 5 80 99
14 34 31 35 340 359
51 31 58 42 340 359
21 59 27 71 140 159
96 32 80 34 340 359
25 7 26 24 60 79
25 25 42 26 180 199
66 41 71 28 320 339
47 23 51 9 300 319
56 59 69 64 160 179
26 31 33 42 280 299
33 43 40 54 300 319
10 8 10 26 20 39
44 79 51 68 360 379
8 41 12 55 480 499
23 33 14 24 140 159
65 71 49 69 420 439
3 17 20 18 20 39
42 90 36 78 220 239
97 54 92 41 440 459
19 72 10 63 480 499
42 44 27 47 300 319
8 33 17 42 160 179
26 11 26 29 40 59
18 40 26 50 260 279
8 85 6 69 280 299
12 20 26 24 260 279
25 42 32 31 160 179
39 38 33 26 200 219
32 4 37 17 260 279
2 12 6 26 140 159
32 13 42 21 240 259
46 57 31 60 400 419
29 9 14 6 340 359
71 31 71 13 340 359
0 1 17 0 1 19
24 36 20 22 100 119
12 27 11 44 80 99
7 28 19 34 80 99
67 13 83 15 220 239
5 65 20 62 380 399
31 52 26 65 280 299
27 42 22 54 301 319
12 8 28 10 20 39
13 66 17 80 200 219
46 84 58 78 300 319
13 9 18 22 180 199
29 26 39 18 200 219
30 2 27 16 321 339
13 5 28 8 20 39
42 8 37 21 60 79
18 11 34 13 80 99
32 22 28 36 180 199
19 26 14 14 381 399
25 31 31 19 100 119
7 32 16 41 120 139
48 28 39 37 180 199
13 67 6 78 220 239
57 35 66 44 420 439
91 44 80 38 381 399
2 37 9 48 440 459
46 32 51 19 300 319
1 76 16 79 320 339
1 4 7 16 40 59
9 24 21 18 120 139
51 30 57 42 400 419
28 16 12 14 140 159
38 66 33 79 380 399
14 29 8 40 101 119
0 1 14 5 1 19
87 75 74 70 460 479
16 8 33 7 60 79
10 49 12 65 120 139
8 5 22 9 40 59
7 29 2 16 220 239
35 14 28 25 80 99
10 21 21 14 200 219
24 17 18 5 120 139
2 16 18 14 60 79
67 88 59 98 440 459
40 18 51 25 180 199
66 47 54 53 360 379
45 74 47 90 440 459
12 16 28 18 140 159
74 24 59 21 420 439
25 12 37 18 160 179
27 24 11 26 440 459
70 10 73 25 460 479
83 59 89 71 340 359
55 91 60 78 380 399
22 56 33 63 460 479
11 36 24 31 240 259
3 30 16 25 80 99
25 18 38 23 440 459
82 27 95 22 400 419
18 17 28 9 120 139
12 50 24 44 300 319
15 31 16 14 220 239
17 40 18 57 360 379
9 11 10 28 20 39
0 1 15 4 1 19
69 30 79 22 320 339
29 16 23 4 360 379
18 77 15 92 360 379
13 29 29 27 60 79
32 41 27 53 181 199
47 56 38 65 360 379
14 36 13 52 161 179
8 12 1 1 20 39
42 66 28 70 420 439
19 44 19 62 360 379
72 74 68 60 460 479
4 14 13 23 20 39
8 10 24 12 20 39
58 97 53 84 360 379
9 47 2 58 260 279
44 39 44 21 200 219
16 17 2 21 80 99
27 23 27 40 281 299
54 86 66 80 460 479
66 79 51 82 480 499
17 12 14 27 400 419
74 8 72 24 220 239
68 62 58 70 460 479
19 39 12 50 60 79
10 19 6 5 40 59
5 63 11 51 100 119
11 50 26 53 120 139
25 61 41 62 281 299
10 55 26 53 160 179
94 17 89 4 440 459
59 73 52 62 460 479
56 52 71 55 220 239
71 56 83 50 240 259
20 44 32 50 380 399
66 49 83 48 280 299
83 49 98 46 300 319
24 75 26 59 280 299
11 40 0 33 400 419
80 35 91 42 360 379
12 29 24 35 160 179
2 69 12 61 200 219
10 26 17 15 100 119
16 79 15 96 360 379
28 19 21 30 240 259
85 40 70 37 480 499
30 26 14 24 460 479
27 42 33 30 160 179
63 85 68 98 300 319
0 40 1 23 140 159
3 28 19 30 40 59
0 1 17 2 1 19
33 17 26 28 100 119
8 31 9 14 80 99
69 23 77 33 340 359
60 20 54 31 441 459
15 6 9 18 40 59
10 30 9 14 161 179
10 27 14 41 360 379
68 33 54 30 381 399
58 77 58 59 320 339
10 48 11 31 300 319
45 14 33 9 141 159
1 30 17 28 40 59
5 7 11 19 420 439
26 54 42 56 340 359
2 41 18 39 400 419
2 51 18 53 160 179
0 1 12 7 1 19
35 53 20 55 481 499
9 66 14 78 101 119
0 1 13 6 1 19
29 51 16 56 380 399
40 2 25 5 460 479
6 14 12 2 20 39
13 2 2 9 200 219
11 29 23 35 220 239
19 19 7 13 260 279
22 14 11 7 140 159
10 20 7 5 60 79
13 7 23 15 420 439
1 1 5 14 2 19
10 13 7 28 80 99
22 9 19 24 320 339
5 15 11 3 20 39
28 21 26 37 120 139
22 32 10 38 60 79
31 31 16 34 300 319
26 26 22 39 441 459
39 39 35 53 140 159
3 15 15 9 20 39
6 63 8 47 480 499
41 34 28 39 160 179
64 38 79 40 241 259
18 70 16 54 180 199
31 52 21 44 240 259
23 46 28 33 120 139
12 25 11 42 120 139
50 54 48 70 380 399
15 71 22 60 420 439
21 2 26 15 160 179
60 70 67 59 340 359
17 14 22 27 120 139
23 49 14 58 420 439
8 63 20 69 320 339
41 45 25 43 180 199
87 13 79 22 401 419
17 4 5 10 80 99
33 48 47 44 240 259
45 23 59 19 180 199
40 10 26 14 340 359
17 1 7 9 100 119
31 1 47 3 380 399
0 1 1 18 1 19
10 52 17 63 340 359
46 36 37 45 420 439
18 26 6 32 300 319
43 28 36 17 120 139
85 81 96 88 260 279
39 17 39 35 60 79
42 15 37 28 120 139
0 1 16 3 1 19
20 18 30 10 420 439
27 17 13 21 60 79
15 13 16 30 180 199
18 15 34 13 80 99
44 15 55 8 80 99
8 15 18 23 200 219
28 10 25 25 140 159
58 25 53 12 440 459
11 66 21 74 360 379
58 76 70 70 460 479
36 8 44 18 340 359
41 9 27 13 380 399
24 85 19 72 400 419
28 18 21 7 260 279
60 38 51 29 300 319
34 23 49 26 240 259
43 37 56 32 340 359
5 15 11 27 20 39
21 27 29 37 300 319
43 57 48 70 220 239
1 1 2 17 2 19
9 54 22 59 120 139
33 61 36 46 460 479
22 30 23 13 60 79
0 1 11 8 1 19
22 9 19 24 360 379
39 37 30 29 481 499
40 45 28 51 320 339
16 7 25 16 120 139
34 50 47 55 340 359
14 48 13 65 180 199
76 69 83 58 320 339
19 31 19 49 220 239
23 63 38 66 340 359
21 12 28 23 80 99
27 53 23 39 180 199
38 45 24 41 280 299
14 31 2 37 120 139
53 81 36 80 260 279
19 44 16 29 240 259
30 60 29 77 220 239
27 53 12 50 260 279
34 54 39 66 481 499
23 14 39 16 40 59
99 84 91 94 480 499
34 25 41 14 280 299
69 31 82 26 380 399
67 14 68 31 360 379
21 49 16 36 340 359
37 31 25 37 380 399
22 38 8 34 140 159
37 45 30 35 241 259
45 7 43 23 60 79
69 42 73 56 240 259
56 32 56 14 300 319
32 32 21 39 340 359
0 18 10 10 60 79
5 49 15 41 140 159
38 50 55 51 180 199
17 8 29 2 200 219
0 1 17 0 1 19
37 31 24 35 81 99
15 24 21 36 240 259
6 12 12 24 20 39
74 40 87 36 441 459
27 98 10 99 320 339
38 37 30 47 240 259
8 9 16 19 360 379
7 76 18 69 160 179
3 14 13 6 400 419
39 34 41 50 240 259
0 2 9 10 2 19
20 52 36 54 460 479
21 4 32 11 480 499
0 1 0 19 1 19
0 1 15 4 1 19
24 57 10 53 320 339
33 15 33 33 420 439
1 42 7 54 200 219
20 24 20 42 100 119
20 43 16 29 120 139
0 1 14 5 1 19
4 86 18 90 460 479
19 23 8 30 180 199
16 11 14 27 80 99
20 19 37 20 40 59
23 17 31 27 180 199
19 39 31 34 401 419
31 36 14 37 280 299
37 85 26 78 260 279
68 27 58 35 360 379
25 22 33 31 341 359
4 43 18 47 160 179
21 28 5 26 240 259
34 25 48 29 280 299
0 41 14 45 280 299
29 1 33 15 100 119
57 22 43 25 461 479
27 0 13 4 40 59
21 12 25 26 160 179
42 42 55 47 180 199
7 12 20 8 21 39
73 36 88 39 160 179
20 61 3 62 480 499
21 35 8 30 60 79
16 34 18 18 340 359
45 37 45 20 401 419
13 75 23 83 220 239
37 65 29 55 420 439
8 25 19 32 80 99
37 1 51 5 220 239
62 72 71 80 321 339
36 24 32 11 321 339
37 33 33 19 140 159
48 32 43 45 300 319
67 60 70 45 360 379
24 91 40 90 341 359
27 36 15 30 360 379
15 29 17 13 380 399
29 33 24 46 460 479
16 24 16 6 100 119
38 64 28 72 460 479
26 46 28 62 420 439
77 51 66 57 481 499
0 1 6 13 1 19
6 14 21 17 20 39
48 18 48 0 300 319
4 14 15 7 20 39
33 8 34 25 80 99
8 57 5 72 240 259
3 20 14 27 160 179
34 26 39 39 140 159
22 21 29 10 80 99
25 34 17 44 200 219
49 32 49 50 160 179
33 24 20 19 400 419
45 48 37 58 480 499
14 56 18 42 220 239
0 1 16 3 1 19
59 59 49 67 340 359
18 19 14 5 80 99
7 13 7 31 20 39
16 11 11 24 360 379
11 18 17 30 160 179
30 75 15 78 320 339
13 12 21 2 40 59
0 1 16 3 1 19
55 18 43 23 381 399
39 6 50 13 320 339
0 1 7 12 1 19
23 37 23 55 300 319
44 11 31 6 280 299
66 56 50 55 281 299
6 50 9 64 81 99
49 27 38 20 420 439
28 33 41 28 240 259
63 17 73 9 300 319
8 77 1 66 160 179
21 11 5 9 180 199
37 76 47 84 400 419
27 27 23 41 260 279
18 33 29 40 360 379
44 18 57 13 260 279
8 32 3 19 140 159
57 64 47 72 480 499
20 8 18 24 300 319
17 23 6 16 140 159
9 77 26 76 460 479
15 26 17 11 101 119
5 13 8 28 20 39
35 46 21 50 400 419
38 90 23 88 361 379
91 26 99 35 461 479
59 87 51 77 460 479
14 26 17 11 420 439
2 18 8 30 20 39
15 29 32 28 340 359
24 4 32 14 260 279
20 40 26 29 81 99
33 2 47 6 40 59
13 35 25 41 140 159
27 17 33 29 100 119
2 71 3 87 381 399
39 39 48 30 180 199
1 37 4 22 260 279
38 24 28 32 220 239
14 28 17 13 420 439
58 32 61 47 140 159
40 24 50 32 460 479
59 60 57 44 360 379
29 53 20 44 180 199
14 44 0 41 121 139
17 46 11 58 480 499
51 11 62 18 140 159
18 85 25 74 280 299
30 7 17 12 400 419
54 33 67 28 480 499
22 13 35 8 360 379
21 8 30 17 40 59
0 1 8 11 1 19
43 38 43 56 480 499
16 3 26 11 40 59
24 37 26 53 320 339
64 24 59 37 420 439
5 22 9 36 400 419
2 29 17 32 320 339
45 4 52 14 141 159
40 61 51 68 400 419
27 14 15 8 400 419
12 94 4 84 460 479
16 60 32 62 460 479
43 34 40 49 400 419
25 43 41 45 460 479
14 15 19 28 80 99
4 61 15 68 200 219
17 50 22 37 120 139
10 26 12 42 420 439
31 30 42 23 480 499
50 49 47 64 120 139
31 45 42 38 340 359
1 64 14 59 360 379
7 10 24 9 40 59
45 6 58 11 200 219
39 13 44 0 460 479
14 49 18 35 240 259
26 33 27 50 80 99
0 20 6 32 20 39
15 22 7 32 400 419
8 8 2 20 140 159
3 30 7 16 40 59
41 7 45 21 60 79
22 4 18 18 60 79
21 0 13 10 160 179
19 48 25 60 240 259
61 31 47 35 460 479
12 29 29 30 160 179
0 1 5 14 1 19
14 36 0 40 260 279
49 45 42 56 180 199
3 22 9 34 40 59
14 38 9 25 220 239
40 60 35 73 180 199
4 13 12 3 360 379
14 39 17 24 400 419
36 45 22 49 280 299
0 1 13 6 1 19
8 21 9 38 160 179
9 98 4 86 341 359
98 45 95 60 440 459
23 23 13 31 260 279
28 20 36 10 100 119
6 54 2 68 180 199
16 40 28 46 60 79
15 22 13 6 120 139
48 59 59 52 360 379
35 15 21 19 260 279
71 50 58 55 480 499
16 27 27 20 320 339
0 1 12 7 1 19
49 87 62 82 420 439
24 32 16 42 340 359
5 7 22 8 340 359
42 55 50 65 360 379
32 36 42 28 460 479
18 20 19 4 361 379
16 9 22 20 61 79
44 8 58 12 60 79
16 21 8 31 80 99
69 54 67 39 381 399
4 14 3 31 20 39
6 25 1 38 240 259
68 39 66 55 440 459
64 7 64 25 400 419
19 34 24 47 280 299
0 2 3 16 2 19
14 56 10 70 100 119
81 69 79 54 441 459
13 16 13 34 280 299
24 31 12 25 240 259
19 29 11 39 100 119
9 10 15 22 400 419
45 48 45 30 480 499
2 57 13 50 280 299
29 33 26 18 220 239
3 18 10 29 280 299
31 28 22 19 200 219
74 71 89 74 480 499
10 38 21 45 100 119
42 29 55 34 480 499
68 85 51 84 480 499
36 81 41 69 461 479
50 70 51 53 340 359
31 27 18 32 380 399
55 34 70 37 280 299
20 4 21 21 60 79
13 38 28 35 400 419
46 23 31 20 440 459
42 82 51 91 460 479
32 13 29 28 320 339
18 46 22 60 180 199
0 1 11 8 1 19
0 1 11 8 1 19
66 45 54 51 240 259
56 45 65 54 400 419
11 45 17 57 100 119
20 26 20 43 161 179
0 1 5 14 1 19
0 1 16 3 1 19
10 40 10 22 180 199
75 30 62 25 480 499
20 44 7 49 180 199
15 35 30 32 380 399
23 65 20 80 260 279
21 73 16 85 401 419
3 81 12 72 300 319
12 73 27 76 320 339
27 75 19 85 340 359
14 27 4 19 120 139
32 16 24 26 140 159
15 8 15 26 40 59
41 56 39 40 160 179
10 10 18 0 20 39
47 41 47 24 321 339
24 45 17 56 320 339
94 47 81 52 320 339
75 80 63 86 280 299
18 91 29 84 480 499
14 30 6 20 100 119
51 24 59 34 200 219
39 7 32 18 100 119
1 20 2 4 21 39
29 33 23 21 140 159
23 22 7 20 160 179
10 72 10 54 460 479
72 18 64 8 220 239
18 30 17 47 460 479
29 3 18 10 220 239
13 48 29 47 101 119
12 2 6 14 380 399
45 52 54 61 280 299
15 13 13 28 41 59
20 47 33 52 240 259
31 36 20 43 360 379
61 7 76 5 401 419
20 22 37 23 260 279
49 30 55 42 120 139
25 23 32 12 220 239
29 93 27 77 420 439
10 46 15 33 460 479
0 1 13 6 1 19
54 87 63 78 440 459
45 29 30 32 380 399
63 61 78 64 340 359
20 5 22 21 80 99
6 14 22 12 20 39
61 23 48 28 140 159
35 28 49 32 280 299
18 62 34 64 380 399
52 42 60 52 180 199
45 20 36 11 80 99
5 13 1 27 220 239
18 35 20 51 440 459
14 4 17 19 20 39
24 66 32 56 340 359
5 33 11 21 300 319
30 48 38 58 340 359
21 27 19 43 340 359
0 85 3 70 280 299
2 8 13 15 100 119
31 42 17 39 141 159
54 39 69 42 120 139
22 23 10 28 341 359
30 65 44 62 341 359
32 42 47 39 340 359
12 59 13 43 461 479
37 56 33 42 400 419
34 0 47 5 100 119
67 40 72 53 400 419
80 37 74 25 400 419
34 14 50 16 100 119
62 87 49 82 440 459
49 23 40 14 220 239
21 73 9 79 380 399
5 29 5 46 161 179
2 51 1 68 160 179
21 2 34 7 160 179
22 32 30 22 420 439
7 11 8 28 20 39
24 23 22 7 80 99
27 38 33 26 440 459
1 15 17 13 180 199
41 34 37 48 480 499
59 80 59 62 360 379
59 63 73 67 380 399
73 68 76 53 400 419
52 3 51 20 360 379
14 40 31 41 380 399
49 68 34 65 360 379
20 42 35 39 460 479
78 19 63 16 280 299
16 18 18 34 300 319
19 18 33 22 40 59
13 83 9 70 401 419
53 28 59 16 320 339
94 51 90 65 440 459
39 6 37 22 120 139
21 13 28 24 260 279
0 46 4 32 260 279
28 13 37 22 240 259
20 63 21 46 400 419
2 81 8 69 200 219
5 40 15 32 320 339
38 22 42 8 180 199
16 34 2 38 420 439
28 48 41 43 380 399
6 46 23 47 100 119
39 34 33 22 440 459
22 94 29 83 260 279
52 85 64 80 381 399
0 89 6 77 400 419
51 66 46 79 480 499
12 66 12 48 300 319
22 31 11 38 320 339
56 81 67 88 320 339
61 21 62 4 300 319
76 50 86 58 220 239
22 13 34 19 200 219
65 34 59 46 160 179
10 1 2 11 200 219
75 63 83 53 460 479
25 16 27 32 200 219
69 11 53 13 260 279
38 19 28 11 240 259
74 43 67 32 360 379
17 22 28 15 120 139
74 46 83 55 460 479
14 43 29 40 200 219
16 2 13 17 20 39
42 19 48 31 400 419
46 51 63 52 280 299
72 74 67 87 420 439
17 17 7 9 180 199
22 60 19 75 340 359
19 29 9 21 60 79
56 93 69 88 480 499
24 76 24 94 420 439
8 17 18 9 120 139
40 15 25 18 240 259
12 15 0 21 280 299
88 52 98 44 420 439
58 61 72 57 400 419
2 18 6 4 20 39
23 31 32 22 100 119
12 35 1 28 80 99
1 29 6 42 100 119
19 89 27 99 300 319
8 12 22 16 20 39
17 22 11 34 40 59
19 18 18 1 400 419
29 96 13 98 320 339
39 52 51 58 200 219
19 3 19 21 460 479
20 20 15 7 260 279
7 30 17 38 80 99
8 10 12 24 260 279
15 5 7 15 20 39
25 48 15 40 120 139
37 66 42 53 360 379
10 16 1 25 140 159
13 87 20 76 260 279
3 24 20 25 80 99
6 29 22 31 40 59
12 6 11 23 20 39
17 39 9 49 220 239
3 69 20 68 300 319
39 36 43 22 200 219
26 29 22 15 120 139
43 45 55 39 140 159
24 13 19 0 80 99
19 1 36 2 100 119
16 30 10 42 260 279
32 53 19 48 360 379
19 37 33 33 140 159
20 39 19 56 440 459
4 31 2 15 40 59
73 24 62 31 480 499
38 49 35 64 240 259
49 46 54 33 120 139
33 34 31 49 381 399
0 1 2 17 1 19
36 87 30 75 480 499
3 27 11 37 220 239
20 37 9 30 280 299
0 1 16 3 1 19
34 14 18 16 100 119
0 1 10 9 1 19
20 45 6 49 200 219
71 66 58 61 440 459
69 81 55 84 481 499
16 2 3 7 20 39
13 5 27 1 20 39
16 18 4 12 340 359
13 3 21 13 60 79
8 19 2 7 160 179
4 8 4 26 60 79
27 54 32 41 200 219
36 81 52 79 280 299
10 43 17 32 320 339
19 54 17 38 360 379
6 33 11 20 320 339
47 59 49 43 340 359
29 44 28 61 200 219
27 16 42 19 200 219
13 26 27 23 461 479
16 48 8 58 100 119
7 79 5 63 180 199
27 21 22 8 340 359
22 9 31 0 360 379
69 63 60 72 460 479
22 73 17 60 240 259
34 7 48 3 360 379
62 25 79 24 240 259
48 32 47 15 420 439
26 54 40 50 180 199
36 85 43 96 360 379
24 28 39 25 60 79
1 39 16 42 340 359
5 13 3 29 20 39
47 11 55 21 260 279
1 17 10 26 220 239
30 75 41 82 440 459
30 10 27 25 420 439
24 36 40 34 260 279
20 18 20 36 180 199
0 1 12 7 1 19
16 2 10 14 20 39
36 98 39 83 260 279
26 32 13 27 380 399
29 9 41 3 380 399
63 95 53 87 380 399
8 38 13 51 60 79
36 47 49 52 480 499
56 11 54 27 360 379
54 26 61 15 380 399
38 19 48 27 360 379
28 39 31 54 440 459
13 40 13 58 440 459
86 42 83 57 340 359
10 27 20 19 240 259
0 1 2 17 1 19
45 41 43 57 460 479
43 36 43 18 200 219
10 6 23 1 60 79
32 17 31 0 80 99
34 8 34 26 100 119
34 27 50 29 120 139
31 4 23 14 40 59
55 29 64 20 260 279
15 44 21 32 360 379
89 65 96 54 300 319
26 11 12 7 40 59
20 48 23 33 140 159
22 27 28 39 200 219
38 48 37 31 380 399
22 34 7 37 60 79
11 41 16 28 300 319
10 30 22 24 60 79
6 29 14 19 480 499
44 24 29 27 460 479
44 15 30 19 200 219
30 0 32 16 220 239
23 11 40 12 100 119
16 43 6 35 360 379
39 37 54 40 100 119
0 1 7 12 1 19
0 1 9 10 1 19
21 61 21 43 100 119
42 38 45 23 220 239
79 23 88 32 300 319
3 24 18 27 280 299
8 39 22 35 120 139
20 58 31 51 260 279
7 22 15 32 480 499
11 49 15 63 180 199
38 39 47 30 480 499
8 10 14 22 20 39
25 48 15 40 440 459
61 48 73 42 160 179
92 12 89 27 180 199
63 21 61 5 380 399
6 20 5 3 420 439
24 14 9 17 100 119
13 24 14 41 400 419
46 83 38 73 480 499
0 1 15 4 1 19
23 7 10 12 60 79
26 28 23 13 180 199
30 31 20 39 400 419
36 95 29 84 200 219
66 66 55 73 420 439
24 17 15 8 280 299
22 19 18 32 61 79
54 16 38 18 180 199
21 24 4 23 80 99
17 1 26 10 20 39
8 19 22 15 320 339
73 76 61 71 381 399
29 76 37 86 240 259
14 26 16 42 180 199
15 15 32 16 60 79
3 38 17 41 261 279
45 60 34 53 360 379
22 56 31 47 260 279
25 20 10 17 360 379
54 52 66 46 380 399
70 45 76 57 240 259
16 24 30 20 60 79
17 87 11 99 140 159
78 57 93 60 280 299
24 17 34 25 120 139
17 43 7 51 220 239
51 80 62 73 440 459
19 10 4 7 200 219
32 12 22 4 100 119
0 1 16 3 1 19
34 21 39 8 80 99
31 19 18 14 460 479
25 15 12 10 340 359
15 10 20 23 80 99
20 22 6 26 100 119
70 87 54 85 440 459
14 7 7 18 40 59
23 41 12 34 100 119
9 72 5 86 440 459
15 41 20 28 180 199
85 73 74 79 361 379
11 39 24 44 100 119
39 55 26 50 220 239
26 60 18 50 300 319
41 42 33 52 400 419
24 25 38 29 280 299
42 46 48 58 340 359
15 34 30 37 280 299
65 40 64 57 280 299
68 59 77 68 400 419
11 35 3 25 60 79
20 31 4 30 261 279
71 81 83 87 340 359
35 47 39 61 140 159
30 60 13 59 180 199
24 13 30 1 400 419
52 98 40 92 380 399
0 1 8 11 1 19
13 52 8 65 80 99
7 64 6 80 101 119
7 21 18 14 100 119
15 50 23 60 360 379
84 29 84 47 360 379
2 16 12 24 20 39
26 51 40 55 440 459
31 75 27 89 220 239
58 65 70 71 320 339
55 42 49 54 240 259
39 82 30 91 280 299
14 40 18 54 60 79
5 10 3 26 360 379
32 12 16 10 340 359
14 7 23 16 360 379
41 8 31 16 480 499
2 83 6 97 240 259
51 68 50 51 320 339
67 38 77 30 480 499
0 1 14 5 1 19
46 5 59 9 61 79
37 60 29 50 440 459
93 63 85 54 361 379
0 42 11 49 180 199
64 19 64 37 440 459
16 48 17 65 180 199
30 33 21 42 480 499
33 30 26 41 120 139
62 4 57 17 220 239
25 34 15 42 160 179
34 54 50 53 121 139
20 34 28 24 60 79
22 3 7 6 40 59
25 21 34 13 441 459
3 44 2 61 200 219
37 9 54 10 380 399
48 18 64 16 460 479
25 39 31 27 380 399
55 74 59 88 440 459
0 1 7 12 1 19
14 17 14 35 240 259
46 36 38 26 100 119
39 28 43 14 200 219
56 3 39 4 320 339
22 7 10 12 461 479
23 17 36 22 60 79
36 18 37 35 300 319
3 18 14 24 21 39
9 35 3 23 420 439
21 16 19 0 360 379
22 11 7 14 80 99
27 10 42 7 40 59
45 2 43 17 141 159
0 1 5 14 1 19
51 10 63 16 160 179
8 27 4 13 40 59
20 37 21 20 200 219
20 25 17 10 360 379
45 6 33 12 200 219
72 36 63 27 260 279
60 27 46 31 280 299
11 24 11 6 40 59
21 24 33 18 80 99
38 37 21 36 120 139
33 53 50 54 420 439
55 27 59 41 380 399
58 40 58 57 401 419
60 90 57 75 300 319
20 17 20 34 61 79
1 60 8 71 360 379
21 19 21 1 140 159
32 66 26 78 260 279
8 29 22 33 40 59
29 82 46 83 280 299
20 45 13 34 120 139
0 53 5 66 80 99
43 30 55 24 240 259
10 10 21 3 300 319
18 15 27 6 200 219
11 98 14 83 160 179
74 78 82 88 380 399
7 7 24 6 60 79
12 90 19 79 220 239
19 80 4 77 240 259
0 24 8 14 420 439
53 18 49 31 101 119
84 51 71 55 421 439
35 7 21 3 460 479
4 27 9 40 80 99
56 78 70 82 420 439
17 20 10 31 40 59
7 48 21 44 120 139
22 50 32 42 180 199
3 83 0 69 441 459
12 17 27 14 120 139
10 22 10 5 41 59
45 44 34 51 320 339
23 5 39 4 321 339
0 1 0 19 40 59
7 13 23 15 20 39
34 52 51 51 380 399
4 21 11 31 101 119
49 14 51 30 320 339
38 71 48 63 400 419
22 23 23 40 80 99
9 35 14 47 161 179
22 11 22 29 40 59
15 29 28 34 180 199
26 25 18 35 480 499
18 57 6 62 461 479
39 5 39 23 340 359
18 30 20 46 100 119
1 23 14 28 100 119
4 24 14 16 60 79
32 57 44 63 360 379
27 57 28 40 180 199
4 16 16 10 20 39
52 92 67 89 420 439
50 24 53 9 460 479
27 48 12 45 280 299
37 2 27 10 240 259
61 10 61 28 480 499
6 15 13 25 21 39
26 72 23 87 300 319
16 40 24 50 60 79
0 1 13 6 1 19
13 43 18 56 100 119
49 81 38 88 420 439
13 0 27 4 240 259
15 39 0 37 161 179
5 22 20 19 160 179
98 55 85 60 400 419
16 3 31 5 21 39
21 49 22 32 420 439
60 52 77 53 460 479
31 28 19 22 80 99
35 83 20 80 260 279
15 77 22 88 340 359
53 15 42 8 340 359
26 62 21 75 180 199
39 23 53 27 380 399
24 76 16 86 340 359
51 38 48 53 480 499
43 36 43 54 160 179
20 29 3 28 200 219
16 9 18 25 40 59
94 54 87 65 260 279
0 20 8 10 20 39
8 11 16 21 40 59
18 9 14 23 240 259
28 69 22 57 440 459
19 18 22 3 40 59
58 22 68 30 260 279
33 53 33 70 321 339
5 24 5 42 120 139
17 31 18 14 180 199
21 4 21 22 200 219
27 5 13 1 220 239
34 70 26 80 300 319
47 23 36 17 281 299
83 66 77 54 200 219
36 11 53 12 240 259
88 13 73 16 400 419
30 33 29 16 400 419
0 1 7 12 1 19
36 18 39 33 140 159
33 62 36 77 400 419
36 78 31 91 420 439
2 19 2 1 160 179
49 76 33 74 480 499
6 31 2 45 40 59
44 65 41 50 240 259
26 54 37 48 281 299
47 16 41 4 360 379
16 31 27 24 240 259
53 17 45 7 180 199
15 45 15 63 140 159
17 66 22 53 200 219
21 2 25 16 320 339
41 46 48 35 480 499
38 32 47 23 180 199
26 8 42 10 380 399
30 24 21 33 220 239
13 26 0 21 400 419
18 21 19 38 40 59
10 28 10 46 300 319
39 67 29 60 161 179
0 1 2 17 1 19
64 38 71 49 460 479
20 8 23 22 41 59
55 52 43 46 200 219
39 47 41 63 340 359
8 68 20 62 220 239
51 63 40 57 481 499
16 31 12 45 200 219
4 78 8 64 260 279
0 1 7 12 1 19
16 3 24 12 21 39
20 77 26 89 400 419
33 2 29 16 400 419
54 34 54 52 140 159
17 23 27 15 60 79
34 23 22 17 480 499
76 67 91 70 320 339
48 35 45 20 160 179
37 90 21 88 440 459
27 74 25 90 200 219
25 92 38 96 221 239
63 81 46 82 460 479
14 21 20 9 280 299
54 26 56 10 340 359
30 18 42 12 300 319
14 25 9 38 160 179
36 3 40 17 120 139
33 4 21 10 160 179
8 28 4 42 140 159
29 37 21 27 220 239
30 34 17 39 260 279
14 55 20 43 440 459
26 36 14 42 340 359
27 58 38 65 480 499
6 70 13 81 380 399
25 23 17 13 460 479
47 60 62 63 120 139
22 51 18 64 301 319
1 7 12 14 140 159
15 32 15 14 480 499
22 25 13 16 120 139
41 13 46 0 380 399
12 4 28 2 140 159
58 96 56 80 300 319
21 3 16 16 60 79
18 87 25 76 440 459
30 17 30 35 240 259
1 18 7 6 40 59
23 7 8 4 460 479
32 64 29 79 420 439
34 5 44 13 440 459
1 91 15 95 260 279
5 38 11 50 160 179
40 91 30 83 400 419
9 27 20 20 340 359
33 39 26 29 81 99
26 5 18 15 160 179
27 27 40 32 460 479
40 33 56 35 480 499
28 83 32 97 320 339
32 23 46 19 120 139
9 53 4 66 260 279
31 27 33 42 121 139
11 21 23 15 100 119
16 16 27 9 220 239
22 28 16 16 180 199
17 58 1 60 120 139
0 1 4 15 1 19
33 25 25 15 180 199
36 51 25 58 480 499
13 7 11 23 20 39
31 22 19 28 160 179
18 26 9 35 60 79
14 39 27 44 160 179
0 1 6 13 1 19
36 91 44 81 440 459
13 7 28 10 20 39
42 7 39 22 360 379
35 52 37 36 160 179
54 1 37 2 200 219
47 63 45 47 380 399
4 16 0 2 20 39
15 21 10 8 60 79
19 12 15 26 80 99
14 6 10 20 20 39
24 8 16 18 60 79
11 9 12 26 20 39
28 12 31 27 60 79
5 26 19 30 80 99
39 16 39 34 440 459
43 42 55 36 320 339
51 87 67 88 481 499
48 47 51 32 440 459
28 43 35 54 480 499
15 39 12 54 140 159
0 24 17 25 460 479
5 13 11 25 20 39
13 24 9 38 40 59
13 18 0 23 200 219
5 48 19 52 360 379
44 44 44 62 380 399
28 38 28 20 220 239
6 74 22 72 220 239
0 1 4 15 1 19
1 17 5 31 20 39
59 34 63 20 360 379
7 11 21 15 20 39
45 23 50 36 460 479
63 37 75 31 460 479
49 35 35 31 260 279
32 12 49 13 140 159
16 23 33 22 40 59
15 12 30 9 400 419
10 25 14 11 80 99
42 29 28 33 360 379
21 19 33 25 220 239
13 16 30 15 40 59
48 26 38 33 161 179
30 9 34 23 440 459
15 40 22 50 421 439
35 20 32 35 160 179
7 13 17 5 20 39
28 33 26 49 160 179
25 38 34 29 280 299
34 30 22 36 300 319
19 5 35 3 60 79
60 58 59 41 300 319
25 9 32 20 180 199
19 23 4 26 380 399
0 1 9 10 1 19
17 19 9 9 420 439
25 46 28 61 160 179
0 1 11 8 1 19
35 13 21 17 100 119
28 2 25 17 260 279
77 32 80 47 360 379
20 4 11 13 420 439
28 62 33 75 180 199
21 10 14 20 61 79
14 5 18 18 61 79
10 29 21 22 200 219
8 31 24 33 80 99
27 44 34 33 160 179
17 38 13 52 280 299
21 14 32 7 80 99
1 19 8 30 20 39
11 40 12 57 120 139
41 22 27 18 80 99
63 69 48 67 281 299
13 23 9 9 60 79
5 66 13 76 200 219
4 14 6 30 20 39
62 21 51 28 280 299
22 5 12 13 40 59
98 79 96 95 400 419
18 55 5 50 120 139
51 29 56 16 340 359
29 40 15 44 480 499
24 15 26 31 360 379
12 35 26 39 200 219
17 3 13 17 20 39
12 11 21 2 40 59
26 11 24 27 360 379
24 13 23 30 40 59
3 39 8 52 60 79
16 15 27 8 120 139
22 15 9 20 40 59
63 67 68 80 460 479
21 14 11 22 80 99
50 55 45 42 440 459
1 19 9 29 140 159
17 1 14 15 241 259
14 16 31 17 260 279
31 18 39 8 280 299
6 78 19 73 420 439
7 13 19 7 20 39
39 23 38 6 220 239
6 93 22 94 461 479
12 15 12 33 80 99
34 18 44 10 140 159
42 23 35 12 80 99
41 51 28 56 340 359
6 12 5 29 20 39
17 24 6 17 480 499
0 1 7 12 1 19
11 4 2 13 40 59
58 21 71 16 120 139
18 14 6 20 300 319
21 47 21 29 420 439
61 33 56 46 380 399
21 30 25 43 101 119
26 31 37 24 240 259
8 42 15 31 340 359
29 57 39 65 260 279
94 55 88 43 400 419
36 44 20 46 220 239
19 31 24 18 100 119
37 49 41 63 260 279
31 48 18 44 261 279
16 27 29 32 200 219
31 53 14 54 420 439
59 43 51 53 220 239
17 41 3 45 180 199
27 20 27 38 160 179
9 81 8 64 300 319
88 44 90 60 420 439
40 37 47 48 280 299
5 73 15 81 260 279
16 13 15 30 240 259
19 38 21 22 120 139
11 22 11 40 480 499
8 15 10 31 440 459
21 29 26 16 140 159
16 6 11 19 60 79
52 40 39 35 420 439
11 9 22 16 20 39
22 13 8 9 240 259
30 26 19 33 140 159
53 72 63 80 440 459
33 56 28 43 200 219
1 27 9 37 140 159
50 17 35 20 240 259
4 34 17 39 300 319
32 44 22 36 260 279
12 51 15 66 280 299
36 5 22 9 320 339
0 1 10 9 1 19
23 80 24 63 320 339
49 20 45 34 360 379
21 49 28 38 420 439
12 55 27 58 160 179
41 29 34 18 220 239
76 56 68 66 260 279
21 16 17 2 40 59
54 40 38 38 460 479
10 21 23 16 160 179
35 24 40 37 80 99
28 63 24 77 400 419
27 1 39 7 300 319
25 34 11 38 480 499
10 1 18 11 120 139
57 4 40 3 440 459
36 9 48 3 160 179
54 62 53 79 300 319
29 4 32 19 320 339
28 3 35 14 240 259
54 15 57 30 160 179
25 92 24 75 400 419
32 49 49 50 280 299
6 19 1 6 120 139
35 52 47 58 320 339
10 52 4 64 100 119
66 53 78 59 360 379
36 34 36 52 100 119
72 6 67 19 300 319
3 44 9 55 101 119
21 19 28 8 100 119
23 0 34 7 80 99
36 35 39 20 480 499
0 20 17 19 20 39
41 35 39 51 420 439
10 6 22 12 340 359
43 45 31 51 220 239
19 31 16 45 81 99
26 97 20 85 160 179
23 29 12 22 420 439
31 20 16 17 120 139
12 64 7 77 140 159
32 34 26 22 180 199
32 25 29 10 320 339
17 1 8 10 60 79
6 82 6 99 121 139
7 11 16 20 20 39
64 81 61 96 400 419
47 6 53 18 120 139
3 15 17 19 20 39
23 14 26 29 40 59
37 42 28 51 360 379
45 19 55 27 180 199
9 43 21 49 60 79
23 36 31 46 240 259
72 53 59 58 320 339
28 41 42 45 200 219
25 38 19 26 400 419
4 23 9 36 280 299
97 53 81 51 380 399
25 12 40 9 40 59
10 6 11 23 100 119
8 15 5 0 40 59
28 29 21 40 360 379
65 55 71 67 420 439
26 16 31 29 180 199
46 76 54 86 340 359
18 19 19 2 120 139
43 54 29 50 200 219
8 70 12 56 380 399
29 96 21 87 261 279
23 30 32 39 160 179
12 44 16 30 220 239
14 40 30 38 300 319
28 42 45 41 340 359
39 46 24 43 440 459
22 26 36 22 300 319
20 7 33 12 80 99
0 1 6 13 1 19
13 18 9 4 40 59
7 13 5 29 20 39
3 22 15 28 440 459
53 44 52 61 480 499
26 91 26 73 440 459
29 40 29 58 240 259
50 50 66 52 340 359
14 6 12 22 20 39
46 29 47 12 360 379
49 19 62 24 220 239
2 35 15 40 120 139
6 96 0 84 260 279
8 12 5 27 20 39
27 14 11 16 80 99
59 71 64 84 220 239
15 19 19 33 460 479
63 74 60 89 280 299
61 73 76 75 401 419
12 41 18 29 440 459
12 8 6 20 460 479
6 45 19 50 440 459
17 59 5 53 380 399
23 27 35 21 60 79
19 22 30 28 61 79
49 46 65 48 400 419
49 47 40 38 260 279
0 1 11 8 1 19
3 33 17 29 420 439
59 24 61 8 440 459
38 11 54 9 120 139
33 19 39 31 340 359
53 45 57 31 180 199
73 7 57 5 420 439
38 37 45 27 301 319
5 33 21 31 420 439
14 6 29 3 100 119
29 35 45 33 140 159
7 48 19 42 200 219
0 1 2 17 1 19
32 20 48 18 220 239
20 28 9 35 380 399
80 55 82 71 240 259
82 69 75 79 261 279
13 98 15 83 301 319
40 13 35 26 120 139
18 33 11 23 461 479
54 11 54 29 400 419
15 4 22 14 181 199
33 23 23 31 340 359
21 31 30 40 60 79
29 20 31 36 160 179
19 61 33 57 380 399
55 16 46 24 421 439
17 16 31 20 200 219
0 1 5 14 1 19
43 74 51 65 461 479
53 60 51 44 480 499
1 13 8 24 60 79
88 38 76 44 180 199
6 19 22 21 320 339
63 24 47 26 400 419
24 41 19 28 360 379
12 52 26 48 140 159
0 21 0 3 400 419
29 52 42 47 200 219
6 22 19 27 60 79
12 26 0 20 300 319
34 56 25 65 140 159
72 44 73 60 361 379
9 75 1 85 380 399
16 18 3 13 380 399
13 51 13 69 220 239
31 24 20 17 360 379
59 27 45 23 100 119
18 80 35 81 380 399
32 61 32 43 320 339
37 20 48 13 440 459
50 37 42 47 480 499
31 37 40 28 180 199
15 82 21 94 280 299
22 20 31 29 100 119
91 6 91 24 440 459
22 30 35 25 60 79
23 97 14 88 380 399
37 21 25 27 420 439
16 1 21 13 21 39
48 54 51 69 300 319
6 64 6 46 420 439
4 16 9 29 20 39
26 11 21 23 61 79
5 39 0 52 60 79
22 35 11 42 280 299
18 4 24 16 180 199
49 29 53 43 460 479
7 10 7 28 200 219
32 32 16 30 140 159
1 78 2 95 240 259
24 32 29 44 361 379
40 57 25 60 240 259
22 28 14 38 140 159
39 19 25 15 220 239
0 26 3 12 41 59
22 25 20 41 280 299
31 38 18 43 480 499
43 60 46 75 320 339
3 27 15 21 380 399
27 30 18 22 341 359
51 74 46 61 440 459
3 6 8 19 40 59
33 32 49 30 440 459
50 79 35 76 320 339
43 50 52 41 400 419
23 5 19 19 380 399
23 7 23 25 300 319
19 53 12 42 140 159
27 15 36 24 60 79
0 1 13 6 1 19
4 17 18 14 141 159
68 67 60 57 280 299
18 26 2 28 180 199
13 71 28 69 241 259
48 94 41 83 380 399
65 49 75 41 420 439
26 81 26 63 320 339
11 7 19 17 20 39
16 28 20 14 60 79
23 15 34 22 60 79
32 42 47 45 460 479
38 29 35 44 240 259
18 45 27 36 280 299
0 3 8 13 80 99
37 53 48 47 121 139
52 61 56 47 280 299
34 15 46 21 120 139
27 51 38 58 100 119
15 32 20 45 360 379
55 29 56 12 220 239
43 21 36 10 140 159
44 78 47 93 380 399
34 19 24 11 240 259
23 72 33 79 221 239
40 33 56 31 280 299
20 84 6 80 260 279
9 35 6 20 60 79
68 56 76 66 300 319
27 36 35 46 120 139
20 6 16 19 281 299
3 8 15 2 160 179
51 69 40 62 380 399
1 1 10 9 2 19
0 2 11 8 2 19
55 7 59 21 180 199
22 33 12 41 440 459
34 74 49 77 300 319
0 1 8 11 1 19
62 34 71 25 260 279
22 15 7 12 40 59
32 52 28 66 220 239
0 1 5 14 1 19
35 30 47 24 280 299
16 13 15 30 120 139
32 18 19 13 140 159
25 20 9 22 160 179
9 23 20 16 180 199
31 27 19 33 260 279
22 24 30 34 60 79
51 20 59 10 320 339
54 33 67 37 461 479
31 58 16 61 120 139
21 47 13 37 380 399
23 75 12 68 300 319
34 10 47 15 340 359
55 12 40 15 440 459
47 11 30 10 380 399
40 48 23 47 260 279
15 93 32 92 380 399
11 14 19 4 440 459
35 34 43 24 400 419
19 22 8 29 480 499
49 26 45 12 400 419
0 20 2 4 20 39
13 42 1 36 480 499
29 2 29 20 200 219
53 13 53 31 460 479
29 9 28 26 100 119
39 11 51 5 220 239
63 51 79 53 300 319
74 37 61 33 301 319
30 29 39 38 120 139
26 30 26 12 100 119
20 15 29 6 480 499
7 31 24 30 140 159
38 34 47 25 260 279
18 7 3 4 360 379
0 4 14 1 41 59
13 0 28 3 80 99
13 24 20 13 40 59
32 18 49 19 340 359
47 27 64 28 420 439
19 44 33 40 200 219
16 30 23 19 140 159
17 1 33 3 20 39
0 1 12 7 1 19
21 56 21 39 141 159
9 19 24 22 60 79
0 1 5 14 1 19
8 31 12 17 40 59
38 33 42 47 320 339
5 28 21 26 80 99
6 98 10 84 140 159
34 19 37 34 120 139
66 39 49 40 400 419
24 62 20 48 340 359
0 24 14 20 100 119
8 25 22 29 200 219
30 18 38 28 180 199
32 68 45 73 420 439
53 69 68 66 380 399
29 6 42 1 280 299
38 45 38 63 440 459
1 16 13 11 21 39
49 76 60 69 320 339
0 1 1 18 1 19
36 20 20 22 380 399
31 60 26 73 400 419
72 52 68 38 420 439
28 40 23 28 401 419
5 60 7 76 240 259
16 27 5 34 480 499
15 5 18 20 20 39
26 47 30 61 160 179
26 3 23 18 40 59
59 49 48 55 241 259
5 66 16 72 341 359
13 6 13 24 160 179
4 11 20 9 40 59
41 55 42 38 300 319
33 53 41 63 260 279
30 44 14 42 180 199
1 17 0 0 20 39
29 39 18 46 220 239
5 13 4 30 20 39
19 63 19 81 260 279
28 33 38 41 200 219
0 1 11 8 1 19
18 40 24 52 180 199
14 38 10 24 60 79
10 34 26 32 220 239
25 43 26 60 300 319
40 12 25 15 140 159
87 35 72 32 460 479
22 34 11 41 380 399
35 82 49 86 400 419
57 40 44 45 480 499
53 55 57 41 460 479
37 24 36 41 440 459
77 55 70 44 220 239
8 79 5 94 120 139
8 87 5 72 320 339
45 37 53 27 100 119
6 34 17 28 41 59
68 22 73 35 140 159
44 17 33 24 320 339
11 7 22 14 60 79
0 1 1 18 120 139
12 71 28 69 360 379
26 45 40 49 440 459
13 5 2 12 20 39
97 87 85 92 281 299
11 69 20 60 460 479
0 18 7 29 20 39
29 83 16 78 340 359
0 1 1 18 1 19
0 1 10 9 1 19
82 87 79 72 400 419
79 73 93 69 420 439
27 42 22 29 120 139
16 78 4 84 340 359
34 19 38 5 280 299
71 65 60 58 460 479
8 12 21 7 20 39
3 15 10 26 220 239
32 21 48 19 280 299
35 26 22 31 280 299
15 72 5 64 360 379
58 32 62 46 340 359
16 4 28 10 20 39
42 33 40 49 440 459
23 21 16 10 60 79
70 36 83 41 300 319
3 15 11 5 20 39
65 65 53 59 460 479
29 66 29 48 240 259
48 2 40 11 321 339
22 30 16 42 300 319
16 43 14 59 320 339
30 35 15 38 240 259
9 29 10 46 300 319
65 44 74 35 400 419
3 52 17 48 400 419
13 77 12 93 121 139
13 40 0 45 240 259
31 69 23 59 460 479
11 24 27 26 40 59
51 28 43 38 320 339
25 54 24 37 240 259
97 57 87 49 460 479
49 14 43 26 160 179
7 30 20 35 80 99
24 47 21 62 80 99
0 54 4 68 220 239
0 1 9 10 1 19
11 37 23 43 180 199
28 61 39 54 440 459
12 22 27 19 300 319
15 27 30 30 60 79
39 42 54 45 240 259
0 1 6 13 1 19
43 20 51 30 320 339
31 39 32 23 281 299
24 51 13 44 80 99
6 43 18 37 120 139
0 1 4 15 1 19
0 1 11 8 1 19
79 38 87 48 400 419
48 75 64 73 480 499
15 25 17 9 460 479
17 1 33 3 140 159
21 20 22 3 280 299
