100 100 250 1000 44 120
1 1 18 11 2 120
8 20 19 37 30 120
31 25 8 29 61 120
1 1 3 26 2 120
4 27 26 32 31 120
17 47 39 43 92 120
45 16 66 22 91 120
0 2 17 12 2 120
21 35 46 33 61 120
12 18 38 16 30 120
4 23 13 5 31 120
0 2 11 18 2 120
1 27 18 38 30 120
14 17 5 35 31 120
13 7 38 9 61 120
16 15 38 20 31 120
13 17 26 2 30 120
36 22 59 18 61 120
4 27 16 12 31 120
12 28 28 18 92 120
23 29 30 9 61 120
32 24 7 22 61 120
66 11 45 17 91 120
0 1 0 29 1 120
0 2 20 9 2 120
17 3 23 24 61 120
18 39 41 36 62 120
1 1 21 8 2 120
0 1 15 14 1 120
31 22 10 27 62 120
10 58 10 86 90 120
66 14 47 23 90 120
61 4 38 8 91 120
1 1 20 9 2 120
35 48 47 63 91 120
1 1 21 8 2 120
0 2 14 15 2 120
21 10 42 4 31 120
34 5 11 0 60 120
26 21 45 30 60 120
13 12 23 30 60 120
0 1 7 22 1 120
17 38 24 19 62 120
26 19 51 17 91 120
0 2 5 24 2 120
13 19 24 34 32 120
1 2 22 7 3 120
41 12 65 16 60 120
0 1 0 29 1 120
0 1 16 13 1 120
0 1 4 25 1 120
1 30 13 45 91 120
37 11 26 28 90 120
0 1 26 3 1 120
2 27 22 35 60 120
53 30 73 23 91 120
45 29 45 57 90 120
7 21 1 42 61 120
1 59 16 46 90 120
24 6 5 15 30 120
0 1 13 16 1 120
10 19 36 20 31 120
0 2 18 11 2 120
45 36 67 31 91 120
51 11 42 30 90 120
23 33 49 32 61 120
26 0 24 25 61 120
4 24 16 8 30 120
0 1 2 27 1 120
14 14 11 39 90 120
0 1 21 8 1 120
18 63 2 74 91 120
34 9 33 35 91 120
36 48 51 59 92 120
14 14 19 37 30 120
0 3 17 12 3 120
16 65 35 73 91 120
1 27 22 20 30 120
1 1 13 16 2 120
6 23 7 49 31 120
1 1 5 24 2 120
5 9 1 32 61 120
25 2 35 19 31 120
2 28 29 27 90 120
12 15 6 36 31 120
10 20 33 15 30 120
26 5 35 23 31 120
22 7 30 26 31 120
43 41 39 65 90 120
15 41 5 24 61 120
1 30 17 41 31 120
20 20 0 12 90 120
12 47 12 75 60 120
20 9 15 31 91 120
11 41 15 64 61 120
45 9 49 32 61 120
1 1 18 11 2 120
41 12 50 30 91 120
11 7 21 24 61 120
10 42 22 58 90 120
32 14 53 7 90 120
21 34 45 30 60 120
32 25 50 34 91 120
15 14 36 8 31 120
0 1 21 8 1 120
36 25 34 1 62 120
41 17 26 29 61 120
58 29 40 38 91 120
0 1 2 27 1 120
0 28 21 21 30 120
35 24 47 8 60 120
20 12 37 2 61 120
0 2 24 5 2 120
49 31 62 46 90 120
8 20 12 42 32 120
18 40 20 15 61 120
0 2 6 23 2 120
12 35 20 15 60 120
7 32 1 10 60 120
6 35 2 11 60 120
1 2 24 5 3 120
7 23 17 5 30 120
33 25 34 51 61 120
1 1 5 24 2 120
7 19 14 0 32 120
24 7 2 12 31 120
23 24 38 12 91 120
0 3 17 12 3 120
0 1 10 19 1 120
10 18 23 3 30 120
5 16 24 24 91 120
14 17 39 15 31 120
0 2 3 26 2 120
21 37 6 24 90 120
14 12 4 28 32 120
41 47 37 25 92 120
0 3 3 26 3 120
20 10 33 25 30 120
1 1 1 28 2 120
8 20 19 3 30 120
0 1 15 14 1 120
9 22 23 9 31 120
0 1 19 10 1 120
2 30 8 50 32 120
3 23 22 16 32 120
0 1 14 15 1 120
17 36 0 47 60 120
43 42 41 17 91 120
0 1 27 2 1 120
50 27 37 13 91 120
1 2 14 15 3 120
20 7 38 16 31 120
38 17 45 38 60 120
4 27 17 13 31 120
21 7 29 27 30 120
1 1 9 20 2 120
33 35 23 53 90 120
26 1 19 21 31 120
0 2 3 26 2 120
24 60 38 74 90 120
22 9 39 19 31 120
27 1 9 11 30 120
7 23 23 11 30 120
7 33 30 29 61 120
4 27 28 23 60 120
22 22 37 10 61 120
1 1 13 16 2 120
14 1 37 6 60 120
0 1 24 5 1 120
24 6 51 7 30 120
2 11 23 4 60 120
1 21 2 48 90 120
33 22 52 29 62 120
26 34 7 26 61 120
14 17 4 34 31 120
10 26 35 29 90 120
0 1 4 25 1 120
1 27 15 41 30 120
20 8 14 30 30 120
19 25 21 1 92 120
6 40 5 66 61 120
14 14 30 2 30 120
7 34 21 20 60 120
0 1 22 7 1 120
22 35 12 17 60 120
7 21 23 33 30 120
0 1 10 19 1 120
7 25 5 51 90 120
23 27 47 24 61 120
0 1 15 14 1 120
46 10 52 31 61 120
29 33 11 43 90 120
23 2 2 8 91 120
21 6 46 4 31 120
15 14 41 13 31 120
55 3 64 22 90 120
30 2 32 28 90 120
1 2 5 24 3 120
11 3 19 22 61 120
0 2 18 11 2 120
19 11 16 34 92 120
1 1 17 12 2 120
55 24 42 10 91 120
1 1 6 23 2 120
15 14 40 12 31 120
9 28 32 24 91 120
12 15 3 33 31 120
22 38 3 46 61 120
10 21 23 35 31 120
9 38 33 34 60 120
1 1 13 16 2 120
1 43 9 63 90 120
0 1 9 20 1 120
1 1 7 22 2 120
38 15 29 34 60 120
4 29 28 32 91 120
23 7 22 34 90 120
11 19 23 35 30 120
41 43 59 33 90 120
7 21 32 24 90 120
0 2 23 6 2 120
25 32 20 55 60 120
9 39 4 17 61 120
1 1 19 10 2 120
14 15 7 35 31 120
13 41 13 67 92 120
31 28 5 30 60 120
10 50 36 51 61 120
43 40 42 66 91 120
46 14 40 35 61 120
3 48 19 37 91 120
6 43 13 63 91 120
21 6 20 32 31 120
0 1 27 2 1 120
17 12 25 31 31 120
1 1 15 14 2 120
0 1 19 10 1 120
26 6 51 7 32 120
25 30 42 41 60 120
13 18 29 29 91 120
14 18 32 26 32 120
0 2 12 17 2 120
18 17 21 41 91 120
0 1 20 9 1 120
0 1 1 28 1 120
1 27 8 6 30 120
0 3 1 28 3 120
49 31 59 49 90 120
19 21 24 44 90 120
25 5 2 0 30 120
2 28 21 37 30 120
0 1 2 27 1 120
0 1 22 7 1 120
7 19 1 39 92 120
4 27 4 54 31 120
11 16 10 42 31 120
3 24 21 33 31 120
9 48 20 32 91 120
0 1 24 5 1 120
2 26 26 30 30 120
0 2 20 9 2 120
30 27 57 28 60 120
0 3 16 13 3 120
39 48 62 44 91 120
31 8 28 32 91 120
13 17 34 11 61 120
28 52 16 66 92 120
12 17 31 9 91 120
0 1 12 17 1 120
56 5 48 24 91 120
26 30 45 22 61 120
21 9 46 12 90 120
0 1 14 15 1 120
13 14 10 38 31 120
3 25 26 20 30 120
21 27 31 10 61 120
11 31 37 33 90 120
17 13 12 36 30 120
13 16 33 24 60 120
13 14 7 35 31 120
0 3 21 8 3 120
10 17 24 30 31 120
0 1 7 22 1 120
6 22 26 30 30 120
1 1 24 5 2 120
18 9 44 10 31 120
21 38 15 60 60 120
0 1 2 27 1 120
22 32 22 59 61 120
15 12 15 39 31 120
13 17 9 39 32 120
5 22 11 1 31 120
1 1 13 16 2 120
19 8 7 23 31 120
7 2 1 22 62 120
20 4 8 19 61 120
10 8 35 11 90 120
1 1 15 14 2 120
2 1 22 7 3 120
56 21 32 24 91 120
1 1 18 11 2 120
9 42 35 40 60 120
0 3 20 9 3 120
0 1 2 27 1 120
1 1 11 18 2 120
10 19 17 39 31 120
18 38 43 36 61 120
16 31 8 49 62 120
39 19 62 15 61 120
26 22 42 11 61 120
33 14 42 33 60 120
24 34 29 56 61 120
0 1 20 9 1 120
32 6 20 21 61 120
8 51 29 58 60 120
27 59 46 66 92 120
0 1 12 17 1 120
12 15 31 7 31 120
23 7 23 35 30 120
23 6 49 5 91 120
36 50 57 43 90 120
1 1 11 18 2 120
31 17 41 0 61 120
13 43 1 28 61 120
51 26 71 19 91 120
38 32 39 5 90 120
53 27 41 11 90 120
28 58 33 37 92 120
25 10 22 33 62 120
38 21 60 27 60 120
23 18 39 29 91 120
17 10 41 7 31 120
0 1 10 19 1 120
5 17 30 19 61 120
35 24 35 50 62 120
11 20 36 22 31 120
15 37 31 48 61 120
14 45 37 50 60 120
10 30 35 32 61 120
5 23 8 48 90 120
7 51 7 24 61 120
22 5 22 32 31 120
40 13 67 14 60 120
30 55 15 43 91 120
18 12 7 29 30 120
0 1 22 7 1 120
1 1 25 4 2 120
18 12 42 8 30 120
16 15 0 26 31 120
23 4 18 27 60 120
1 5 23 10 61 120
25 2 27 27 31 120
0 1 21 8 1 120
10 20 22 36 30 120
0 1 1 28 1 120
31 12 30 38 91 120
28 25 28 52 91 120
37 19 41 42 61 120
23 5 2 12 30 120
2 32 25 36 61 120
30 12 8 16 92 120
0 29 4 6 91 120
3 25 15 41 30 120
0 1 16 13 1 120
0 3 7 22 3 120
8 22 32 26 30 120
0 3 22 7 3 120
20 16 13 37 90 120
41 35 43 59 92 120
35 22 35 50 60 120
0 1 9 20 1 120
0 1 11 18 1 120
1 1 12 17 2 120
1 2 19 12 60 120
6 22 20 8 30 120
15 45 41 47 90 120
5 23 23 33 30 120
40 18 55 6 61 120
32 25 16 37 60 120
5 24 12 44 31 120
1 28 19 19 31 120
16 12 42 10 30 120
0 2 2 27 61 120
14 16 38 20 30 120
71 13 58 28 90 120
1 2 16 13 3 120
18 9 4 22 31 120
22 8 0 2 30 120
8 20 25 31 90 120
0 1 25 4 1 120
1 1 18 11 2 120
60 28 70 10 90 120
0 1 27 2 1 120
4 34 1 58 61 120
15 13 25 30 61 120
0 2 21 8 2 120
0 2 25 0 2 120
47 23 63 35 90 120
14 17 22 36 31 120
40 34 53 19 90 120
0 1 18 11 1 120
2 2 2 29 61 120
14 6 14 32 92 120
6 20 20 8 32 120
1 1 11 18 2 120
1 1 8 21 2 120
8 3 19 18 62 120
21 33 46 31 61 120
40 16 23 26 61 120
18 10 29 27 30 120
1 27 5 51 30 120
1 2 4 25 3 120
1 1 3 26 2 120
2 1 8 21 3 120
0 2 24 5 2 120
1 1 1 28 2 120
24 36 46 41 61 120
11 17 12 44 30 120
40 12 22 4 92 120
1 1 23 6 61 120
0 1 8 21 1 120
23 8 34 24 91 120
1 46 16 33 60 120
17 13 1 1 30 120
26 31 51 28 60 120
1 1 26 3 2 120
2 11 17 23 91 120
5 22 22 12 31 120
22 33 20 58 91 120
7 24 1 45 31 120
39 17 18 11 61 120
21 31 46 33 61 120
0 3 10 19 3 120
22 14 10 29 61 120
19 20 45 18 60 120
15 13 2 28 30 120
24 36 21 60 61 120
0 2 7 22 2 120
9 20 33 23 31 120
16 62 23 41 90 120
17 35 31 22 61 120
21 6 7 19 31 120
8 52 23 40 61 120
0 2 11 18 2 120
16 12 26 30 30 120
6 21 30 18 31 120
9 21 29 29 30 120
11 62 36 64 91 120
1 1 18 11 2 120
22 56 26 80 90 120
17 33 0 23 61 120
1 1 14 15 2 120
20 8 16 32 30 120
11 45 24 59 61 120
25 3 35 21 30 120
0 1 8 21 1 120
0 2 22 7 2 120
1 1 13 16 2 120
25 2 31 23 31 120
16 35 13 59 91 120
0 1 15 14 1 120
40 11 29 28 60 120
1 1 20 9 2 120
30 31 49 23 91 120
5 22 18 8 31 120
1 1 11 18 2 120
28 28 28 55 61 120
0 1 13 16 1 120
42 10 16 12 90 120
12 16 6 38 30 120
6 23 9 47 31 120
43 44 53 27 91 120
5 22 17 37 31 120
34 25 44 42 91 120
1 1 5 24 2 120
0 2 2 27 2 120
18 10 8 28 30 120
4 30 20 18 90 120
7 36 27 43 91 120
1 1 18 11 2 120
2 29 22 22 31 120
17 40 39 46 60 120
37 21 43 42 61 120
18 12 41 17 30 120
20 14 41 21 90 120
0 1 2 27 1 120
35 4 24 21 60 120
48 27 35 13 91 120
0 2 5 24 2 120
24 4 0 0 30 120
21 6 46 8 31 120
18 31 34 20 91 120
1 1 8 21 2 120
9 22 28 14 91 120
5 50 25 43 91 120
17 12 20 37 60 120
19 39 41 44 61 120
20 34 17 10 61 120
1 1 1 28 2 120
25 29 23 4 61 120
53 29 69 17 90 120
24 56 28 34 92 120
26 31 7 22 60 120
5 49 17 64 61 120
16 14 40 10 30 120
0 1 11 18 1 120
7 20 17 38 60 120
26 0 25 27 90 120
16 15 33 25 31 120
9 19 24 32 30 120
1 1 20 9 2 120
12 16 37 17 32 120
6 10 21 23 90 120
22 6 39 17 30 120
0 2 15 14 2 120
20 57 41 63 91 120
68 16 91 11 90 120
0 1 4 25 1 120
44 38 66 32 90 120
26 43 51 45 91 120
25 6 26 32 31 120
15 15 41 17 30 120
36 4 61 6 61 120
8 30 22 17 61 120
0 3 10 19 3 120
4 27 9 49 31 120
20 30 5 42 61 120
13 14 6 34 31 120
1 1 16 13 2 120
3 24 11 5 31 120
38 15 54 27 60 120
12 19 31 11 91 120
16 13 35 5 31 120
23 32 23 4 60 120
22 25 38 14 91 120
27 1 8 10 30 120
0 1 1 28 1 120
0 1 10 19 1 120
0 3 8 21 3 120
22 5 24 30 31 120
9 30 17 49 91 120
24 19 17 39 91 120
9 48 19 30 60 120
19 31 22 56 90 120
1 1 1 28 2 120
25 1 38 16 30 120
51 5 61 22 61 120
16 7 10 29 60 120
0 2 5 24 2 120
20 12 4 22 32 120
22 60 3 69 90 120
18 13 37 5 31 120
0 2 15 14 2 120
47 2 57 20 60 120
5 67 11 89 90 120
20 7 26 28 31 120
0 3 4 25 3 120
7 43 4 67 61 120
1 1 19 10 2 120
42 32 19 37 90 120
6 21 25 13 31 120
67 15 86 6 90 120
2 28 18 40 30 120
45 24 29 35 91 120
10 26 31 19 90 120
0 1 22 7 1 120
17 39 11 60 61 120
37 5 52 18 90 120
10 10 12 36 90 120
20 9 20 36 31 120
0 1 11 18 1 120
25 33 26 7 61 120
39 9 39 37 90 120
45 32 33 47 91 120
0 1 17 12 1 120
4 35 10 57 60 120
40 14 55 2 61 120
1 1 7 22 2 120
29 30 10 21 60 120
2 30 27 29 32 120
23 6 15 25 91 120
7 25 18 8 90 120
22 24 15 4 61 120
2 29 16 16 31 120
47 32 66 40 91 120
16 11 14 36 31 120
22 14 46 18 90 120
0 2 10 19 2 120
22 21 48 19 60 120
15 6 11 29 91 120
1 1 7 22 2 120
16 13 17 39 31 120
16 13 2 0 31 120
26 31 42 43 60 120
0 1 6 23 1 120
62 13 46 24 91 120
0 1 12 17 1 120
14 15 40 14 31 120
26 28 19 49 90 120
43 22 54 6 91 120
2 28 17 41 30 120
18 12 35 23 30 120
27 3 22 26 30 120
23 18 49 19 91 120
29 25 41 40 61 120
19 10 45 11 31 120
1 27 15 13 30 120
1 1 5 24 2 120
11 76 8 52 91 120
1 1 18 11 2 120
43 40 25 31 91 120
34 53 16 44 91 120
17 12 15 37 31 120
8 22 33 25 30 120
15 13 7 33 30 120
30 17 45 29 91 120
45 11 35 29 90 120
16 16 14 40 32 120
26 31 14 15 60 120
0 1 8 21 1 120
0 2 19 10 2 120
23 3 13 20 61 120
6 27 1 4 60 120
0 1 3 26 1 120
3 27 8 4 30 120
45 13 71 14 61 120
24 33 43 24 60 120
10 31 36 32 91 120
0 1 16 13 1 120
0 2 16 13 2 120
5 53 29 50 61 120
29 49 34 26 90 120
40 37 21 45 91 120
26 32 15 16 61 120
0 1 14 15 1 120
1 1 15 14 2 120
7 20 29 25 91 120
1 1 24 5 2 120
22 5 47 3 31 120
20 10 17 35 30 120
16 34 11 57 90 120
15 63 38 66 92 120
25 4 1 7 31 120
0 1 0 29 1 120
1 1 2 27 2 120
26 33 31 10 60 120
2 29 14 14 31 120
60 4 72 20 90 120
1 1 5 24 2 120
0 1 5 24 1 120
1 1 22 7 2 120
17 3 39 8 61 120
0 1 16 13 1 120
1 1 8 21 2 120
21 59 22 32 90 120
12 20 2 36 32 120
0 2 2 27 2 120
21 9 30 28 30 120
13 14 9 37 31 120
24 39 17 59 91 120
20 40 46 39 61 120
1 38 26 41 60 120
36 32 35 5 90 120
1 1 8 21 2 120
27 27 8 19 61 120
0 30 14 16 30 120
25 28 51 29 91 120
19 8 25 29 31 120
18 37 14 60 91 120
52 5 32 13 60 120
3 15 2 41 61 120
2 1 14 15 3 120
22 6 4 16 30 120
33 34 56 30 91 120
0 1 25 4 1 120
6 23 30 26 91 120
17 7 7 24 61 120
10 40 32 35 61 120
0 3 18 11 3 120
7 24 7 51 91 120
0 1 8 21 1 120
9 17 9 43 32 120
0 2 7 22 2 120
14 12 4 29 61 120
29 24 15 36 62 120
19 11 33 25 30 120
35 30 61 31 91 120
15 39 36 33 61 120
0 2 4 25 2 120
31 25 7 22 61 120
2 26 27 23 30 120
1 1 4 25 2 120
20 9 21 36 60 120
13 12 20 32 91 120
8 19 17 37 31 120
10 19 6 42 31 120
46 6 65 14 61 120
23 29 23 1 90 120
9 48 33 44 60 120
0 2 6 23 2 120
0 2 10 19 2 120
1 1 19 10 2 120
23 24 40 14 91 120
20 11 34 24 31 120
13 74 37 77 91 120
0 1 1 28 1 120
20 9 13 30 60 120
28 26 30 1 61 120
31 13 17 1 92 120
12 21 26 8 91 120
41 13 44 37 61 120
28 17 52 21 60 120
0 1 24 5 1 120
20 7 43 11 31 120
0 1 9 20 1 120
32 23 37 45 91 120
12 19 12 46 31 120
22 28 28 6 90 120
34 51 44 68 91 120
52 31 63 15 91 120
18 11 9 29 91 120
1 58 1 85 91 120
23 29 10 43 61 120
51 5 68 15 61 120
1 2 4 25 3 120
20 41 2 32 91 120
18 40 32 27 61 120
0 2 20 9 2 120
37 34 25 49 91 120
29 27 17 43 90 120
15 43 2 57 61 120
15 66 19 89 91 120
34 3 30 26 91 120
0 1 21 8 1 120
0 1 1 28 1 120
19 5 42 9 61 120
35 18 59 21 91 120
14 17 17 41 31 120
48 12 57 30 61 120
59 31 71 45 92 120
10 16 22 2 32 120
0 1 17 12 1 120
0 2 13 16 2 120
0 1 9 20 1 120
35 39 14 32 90 120
29 26 38 45 60 120
1 1 25 4 2 120
0 1 1 28 1 120
18 28 30 12 90 120
19 12 26 32 31 120
61 21 79 11 90 120
2 10 9 31 90 120
3 53 24 59 61 120
2 43 2 16 91 120
33 27 21 42 61 120
16 39 15 64 62 120
16 11 35 20 60 120
1 1 26 3 2 120
22 38 29 19 92 120
1 1 15 14 2 120
6 24 19 39 30 120
0 3 23 6 3 120
19 21 8 37 61 120
0 46 7 67 90 120
46 13 37 32 60 120
2 29 15 15 31 120
24 14 19 36 61 120
19 10 24 32 31 120
16 39 33 29 91 120
38 10 22 22 90 120
11 43 27 54 61 120
46 34 69 29 90 120
31 43 17 31 92 120
0 1 6 23 1 120
27 8 5 13 91 120
0 1 18 11 1 120
39 46 32 66 91 120
24 8 31 27 32 120
30 3 10 11 60 120
13 29 13 1 90 120
24 57 16 38 91 120
20 34 21 59 92 120
0 1 12 17 1 120
29 26 14 39 60 120
38 18 22 29 61 120
27 2 41 15 31 120
17 43 34 53 61 120
2 26 6 50 30 120
4 19 26 15 62 120
41 9 38 33 61 120
35 18 9 20 60 120
0 2 20 9 2 120
3 15 29 14 61 120
1 29 13 13 30 120
24 6 48 10 30 120
20 11 3 21 31 120
24 31 22 57 60 120
20 7 28 26 31 120
32 50 21 35 92 120
8 19 10 44 31 120
0 1 13 16 1 120
16 13 4 28 31 120
1 2 5 24 3 120
1 30 27 29 31 120
4 23 22 13 60 120
0 24 26 26 90 120
40 11 54 25 60 120
25 6 23 31 31 120
0 1 16 13 1 120
2 29 7 51 31 120
0 1 18 11 1 120
20 15 45 13 91 120
21 7 44 12 30 120
19 9 39 17 30 120
11 20 20 2 31 120
1 1 6 23 2 120
0 1 16 13 1 120
25 35 25 63 90 120
9 13 26 23 61 120
0 1 26 3 1 120
1 2 3 26 3 120
30 20 48 29 61 120
26 29 53 30 60 120
13 17 30 28 30 120
0 1 2 27 1 120
13 36 16 61 60 120
2 11 23 4 60 120
12 15 38 16 31 120
0 3 2 27 3 120
24 6 12 22 30 120
12 23 30 13 60 120
1 1 16 13 2 120
3 28 20 38 31 120
0 2 20 9 2 120
35 26 10 27 62 120
1 1 15 14 2 120
42 7 50 25 62 120
1 1 14 15 2 120
33 22 33 48 62 120
59 19 34 22 90 120
0 1 24 5 1 120
0 1 2 27 1 120
16 18 15 44 61 120
19 10 10 28 31 120
31 29 48 39 61 120
10 20 14 44 30 120
33 25 45 10 61 120
32 27 12 21 62 120
24 7 46 12 31 120
39 20 21 10 60 120
0 1 27 2 1 120
13 44 13 72 60 120
8 23 17 41 31 120
5 25 21 37 30 120
0 1 11 18 1 120
10 41 13 18 62 120
41 41 64 36 90 120
0 1 27 2 1 120
24 31 24 59 60 120
1 7 10 25 61 120
42 9 16 7 60 120
0 2 23 6 2 120
0 2 10 19 2 120
24 5 41 15 31 120
42 3 34 23 60 120
0 1 26 3 1 120
5 22 27 17 31 120
22 32 22 60 90 120
6 24 22 12 30 120
52 23 33 31 91 120
36 6 60 3 61 120
21 33 17 11 92 120
25 6 26 32 31 120
6 24 20 10 30 120
34 27 41 46 62 120
41 2 24 12 91 120
0 1 11 18 1 120
5 23 16 6 30 120
5 29 17 44 61 120
48 38 53 61 90 120
40 47 24 36 91 120
7 23 17 5 30 120
54 28 38 40 90 120
16 12 13 37 30 120
1 1 27 0 2 120
10 20 9 47 30 120
24 31 44 39 60 120
30 34 15 21 90 120
12 1 36 4 91 120
3 22 25 16 60 120
19 36 4 49 60 120
33 26 12 20 91 120
25 14 8 24 91 120
13 15 26 30 30 120
20 36 43 40 61 120
43 13 66 9 61 120
2 1 12 17 3 120
16 52 24 72 90 120
38 48 33 69 92 120
0 1 25 4 1 120
19 9 11 27 92 120
26 3 24 28 31 120
36 19 60 15 60 120
37 0 54 10 91 120
14 14 2 30 30 120
26 2 1 5 30 120
33 26 31 1 91 120
46 37 47 63 91 120
67 15 48 8 92 120
15 11 34 4 32 120
31 20 36 42 91 120
1 1 16 13 2 120
0 1 20 9 1 120
14 16 13 43 30 120
44 10 53 28 61 120
3 25 0 2 32 120
0 1 14 15 1 120
27 22 17 39 91 120
23 5 27 29 90 120
0 1 7 22 1 120
20 9 18 33 62 120
15 13 29 27 30 120
6 36 6 9 61 120
26 2 21 25 30 120
10 18 1 37 30 120
0 1 5 24 1 120
1 26 17 37 31 120
0 3 26 1 60 120
0 1 7 22 60 120
8 22 35 21 30 120
0 30 5 7 30 120
18 10 40 16 30 120
0 1 13 16 1 120
17 7 41 10 61 120
21 8 3 17 31 120
59 17 77 25 92 120
31 24 48 34 91 120
15 11 6 28 32 120
22 14 11 30 61 120
14 34 32 25 61 120
1 1 16 13 2 120
64 13 73 31 91 120
0 1 14 15 1 120
22 15 30 33 62 120
21 19 26 42 90 120
0 1 27 0 1 120
24 10 22 35 61 120
27 1 52 4 30 120
17 17 40 14 92 120
2 35 8 57 60 120
1 3 28 4 90 120
9 17 21 31 92 120
1 1 14 15 2 120
2 26 5 3 92 120
16 12 24 32 30 120
0 2 25 4 2 120
27 16 51 12 60 120
6 23 31 25 31 120
9 21 16 2 32 120
33 46 42 28 91 120
12 18 35 23 30 120
0 2 2 27 2 120
7 27 33 28 61 120
20 10 46 12 30 120
15 14 32 25 60 120
3 26 29 27 31 120
0 2 22 7 2 120
26 14 8 24 90 120
1 2 7 22 3 120
28 13 43 1 91 120
0 2 22 7 2 120
46 43 21 45 91 120
0 1 7 22 1 120
22 5 20 30 31 120
16 0 27 16 61 120
27 4 13 17 31 120
6 21 28 16 31 120
17 35 20 11 61 120
40 16 66 15 61 120
6 23 16 6 31 120
17 11 32 24 30 120
47 32 36 16 91 120
5 34 16 51 60 120
50 18 36 6 92 120
0 1 20 9 1 120
16 38 14 13 61 120
16 29 10 9 62 120
1 25 19 16 61 120
27 17 26 44 90 120
8 56 17 75 90 120
0 1 24 5 1 120
47 6 50 30 91 120
1 1 9 20 2 120
7 20 20 34 31 120
9 22 30 16 31 120
4 66 12 46 90 120
9 20 14 42 91 120
0 2 14 15 2 120
0 3 10 19 3 120
8 8 26 17 61 120
