100 100 250 1000 44 120
1 1 18 11 0 120
8 20 19 37 0 120
31 25 8 29 0 120
1 1 3 26 0 120
4 27 26 32 0 120
17 47 39 43 0 120
45 16 66 22 0 120
0 2 17 12 0 120
21 35 46 33 0 120
12 18 38 16 0 120
4 23 13 5 0 120
0 2 11 18 0 120
1 27 18 38 0 120
14 17 5 35 0 120
13 7 38 9 0 120
16 15 38 20 0 120
13 17 26 2 0 120
36 22 59 18 0 120
4 27 16 12 0 120
12 28 28 18 0 120
23 29 30 9 0 120
32 24 7 22 0 120
66 11 45 17 0 120
0 1 0 29 0 120
0 2 20 9 0 120
17 3 23 24 0 120
18 39 41 36 0 120
1 1 21 8 0 120
0 1 15 14 0 120
31 22 10 27 0 120
10 58 10 86 0 120
66 14 47 23 0 120
61 4 38 8 0 120
1 1 20 9 0 120
35 48 47 63 0 120
1 1 21 8 0 120
0 2 14 15 0 120
21 10 42 4 0 120
34 5 11 0 0 120
26 21 45 30 0 120
13 12 23 30 0 120
0 1 7 22 0 120
17 38 24 19 0 120
26 19 51 17 0 120
0 2 5 24 0 120
13 19 24 34 0 120
1 2 22 7 0 120
41 12 65 16 0 120
0 1 0 29 0 120
0 1 16 13 0 120
0 1 4 25 0 120
1 30 13 45 0 120
37 11 26 28 0 120
0 1 26 3 0 120
2 27 22 35 0 120
53 30 73 23 0 120
45 29 45 57 0 120
7 21 1 42 0 120
1 59 16 46 0 120
24 6 5 15 0 120
0 1 13 16 0 120
10 19 36 20 0 120
0 2 18 11 0 120
45 36 67 31 0 120
51 11 42 30 0 120
23 33 49 32 0 120
26 0 24 25 0 120
4 24 16 8 0 120
0 1 2 27 0 120
14 14 11 39 0 120
0 1 21 8 0 120
18 63 2 74 0 120
34 9 33 35 0 120
36 48 51 59 0 120
14 14 19 37 0 120
0 3 17 12 0 120
16 65 35 73 0 120
1 27 22 20 0 120
1 1 13 16 0 120
6 23 7 49 0 120
1 1 5 24 0 120
5 9 1 32 0 120
25 2 35 19 0 120
2 28 29 27 0 120
12 15 6 36 0 120
10 20 33 15 0 120
26 5 35 23 0 120
22 7 30 26 0 120
43 41 39 65 0 120
15 41 5 24 0 120
1 30 17 41 0 120
20 20 0 12 0 120
12 47 12 75 0 120
20 9 15 31 0 120
11 41 15 64 0 120
45 9 49 32 0 120
1 1 18 11 0 120
41 12 50 30 0 120
11 7 21 24 0 120
10 42 22 58 0 120
32 14 53 7 0 120
21 34 45 30 0 120
32 25 50 34 0 120
15 14 36 8 0 120
0 1 21 8 0 120
36 25 34 1 0 120
41 17 26 29 0 120
58 29 40 38 0 120
0 1 2 27 0 120
0 28 21 21 0 120
35 24 47 8 0 120
20 12 37 2 0 120
0 2 24 5 0 120
49 31 62 46 0 120
8 20 12 42 0 120
18 40 20 15 0 120
0 2 6 23 0 120
12 35 20 15 0 120
7 32 1 10 0 120
6 35 2 11 0 120
1 2 24 5 0 120
7 23 17 5 0 120
33 25 34 51 0 120
1 1 5 24 0 120
7 19 14 0 0 120
24 7 2 12 0 120
23 24 38 12 0 120
0 3 17 12 0 120
0 1 10 19 0 120
10 18 23 3 0 120
5 16 24 24 0 120
14 17 39 15 0 120
0 2 3 26 0 120
21 37 6 24 0 120
14 12 4 28 0 120
41 47 37 25 0 120
0 3 3 26 0 120
20 10 33 25 0 120
1 1 1 28 0 120
8 20 19 3 0 120
0 1 15 14 0 120
9 22 23 9 0 120
0 1 19 10 0 120
2 30 8 50 0 120
3 23 22 16 0 120
0 1 14 15 0 120
17 36 0 47 0 120
43 42 41 17 0 120
0 1 27 2 0 120
50 27 37 13 0 120
1 2 14 15 0 120
20 7 38 16 0 120
38 17 45 38 0 120
4 27 17 13 0 120
21 7 29 27 0 120
1 1 9 20 0 120
33 35 23 53 0 120
26 1 19 21 0 120
0 2 3 26 0 120
24 60 38 74 0 120
22 9 39 19 0 120
27 1 9 11 0 120
7 23 23 11 0 120
7 33 30 29 0 120
4 27 28 23 0 120
22 22 37 10 0 120
1 1 13 16 0 120
14 1 37 6 0 120
0 1 24 5 0 120
24 6 51 7 0 120
2 11 23 4 0 120
1 21 2 48 0 120
33 22 52 29 0 120
26 34 7 26 0 120
14 17 4 34 0 120
10 26 35 29 0 120
0 1 4 25 0 120
1 27 15 41 0 120
20 8 14 30 0 120
19 25 21 1 0 120
6 40 5 66 0 120
14 14 30 2 0 120
7 34 21 20 0 120
0 1 22 7 0 120
22 35 12 17 0 120
7 21 23 33 0 120
0 1 10 19 0 120
7 25 5 51 0 120
23 27 47 24 0 120
0 1 15 14 0 120
46 10 52 31 0 120
29 33 11 43 0 120
23 2 2 8 0 120
21 6 46 4 0 120
15 14 41 13 0 120
55 3 64 22 0 120
30 2 32 28 0 120
1 2 5 24 0 120
11 3 19 22 0 120
0 2 18 11 0 120
19 11 16 34 0 120
1 1 17 12 0 120
55 24 42 10 0 120
1 1 6 23 0 120
15 14 40 12 0 120
9 28 32 24 0 120
12 15 3 33 0 120
22 38 3 46 0 120
10 21 23 35 0 120
9 38 33 34 0 120
1 1 13 16 0 120
1 43 9 63 0 120
0 1 9 20 0 120
1 1 7 22 0 120
38 15 29 34 0 120
4 29 28 32 0 120
23 7 22 34 0 120
11 19 23 35 0 120
41 43 59 33 0 120
7 21 32 24 0 120
0 2 23 6 0 120
25 32 20 55 0 120
9 39 4 17 0 120
1 1 19 10 0 120
14 15 7 35 0 120
13 41 13 67 0 120
31 28 5 30 0 120
10 50 36 51 0 120
43 40 42 66 0 120
46 14 40 35 0 120
3 48 19 37 0 120
6 43 13 63 0 120
21 6 20 32 0 120
0 1 27 2 0 120
17 12 25 31 0 120
1 1 15 14 0 120
0 1 19 10 0 120
26 6 51 7 0 120
25 30 42 41 0 120
13 18 29 29 0 120
14 18 32 26 0 120
0 2 12 17 0 120
18 17 21 41 0 120
0 1 20 9 0 120
0 1 1 28 0 120
1 27 8 6 0 120
0 3 1 28 0 120
49 31 59 49 0 120
19 21 24 44 0 120
25 5 2 0 0 120
2 28 21 37 0 120
0 1 2 27 0 120
0 1 22 7 0 120
7 19 1 39 0 120
4 27 4 54 0 120
11 16 10 42 0 120
3 24 21 33 0 120
9 48 20 32 0 120
0 1 24 5 0 120
2 26 26 30 0 120
0 2 20 9 0 120
30 27 57 28 0 120
0 3 16 13 0 120
39 48 62 44 0 120
31 8 28 32 0 120
13 17 34 11 0 120
28 52 16 66 0 120
12 17 31 9 0 120
0 1 12 17 0 120
56 5 48 24 0 120
26 30 45 22 0 120
21 9 46 12 0 120
0 1 14 15 0 120
13 14 10 38 0 120
3 25 26 20 0 120
21 27 31 10 0 120
11 31 37 33 0 120
17 13 12 36 0 120
13 16 33 24 0 120
13 14 7 35 0 120
0 3 21 8 0 120
10 17 24 30 0 120
0 1 7 22 0 120
6 22 26 30 0 120
1 1 24 5 0 120
18 9 44 10 0 120
21 38 15 60 0 120
0 1 2 27 0 120
22 32 22 59 0 120
15 12 15 39 0 120
13 17 9 39 0 120
5 22 11 1 0 120
1 1 13 16 0 120
19 8 7 23 0 120
7 2 1 22 0 120
20 4 8 19 0 120
10 8 35 11 0 120
1 1 15 14 0 120
2 1 22 7 0 120
56 21 32 24 0 120
1 1 18 11 0 120
9 42 35 40 0 120
0 3 20 9 0 120
0 1 2 27 0 120
1 1 11 18 0 120
10 19 17 39 0 120
18 38 43 36 0 120
16 31 8 49 0 120
39 19 62 15 0 120
26 22 42 11 0 120
33 14 42 33 0 120
24 34 29 56 0 120
0 1 20 9 0 120
32 6 20 21 0 120
8 51 29 58 0 120
27 59 46 66 0 120
0 1 12 17 0 120
12 15 31 7 0 120
23 7 23 35 0 120
23 6 49 5 0 120
36 50 57 43 0 120
1 1 11 18 0 120
31 17 41 0 0 120
13 43 1 28 0 120
51 26 71 19 0 120
38 32 39 5 0 120
53 27 41 11 0 120
28 58 33 37 0 120
25 10 22 33 0 120
38 21 60 27 0 120
23 18 39 29 0 120
17 10 41 7 0 120
0 1 10 19 0 120
5 17 30 19 0 120
35 24 35 50 0 120
11 20 36 22 0 120
15 37 31 48 0 120
14 45 37 50 0 120
10 30 35 32 0 120
5 23 8 48 0 120
7 51 7 24 0 120
22 5 22 32 0 120
40 13 67 14 0 120
30 55 15 43 0 120
18 12 7 29 0 120
0 1 22 7 0 120
1 1 25 4 0 120
18 12 42 8 0 120
16 15 0 26 0 120
23 4 18 27 0 120
1 5 23 10 0 120
25 2 27 27 0 120
0 1 21 8 0 120
10 20 22 36 0 120
0 1 1 28 0 120
31 12 30 38 0 120
28 25 28 52 0 120
37 19 41 42 0 120
23 5 2 12 0 120
2 32 25 36 0 120
30 12 8 16 0 120
0 29 4 6 0 120
3 25 15 41 0 120
0 1 16 13 0 120
0 3 7 22 0 120
8 22 32 26 0 120
0 3 22 7 0 120
20 16 13 37 0 120
41 35 43 59 0 120
35 22 35 50 0 120
0 1 9 20 0 120
0 1 11 18 0 120
1 1 12 17 0 120
1 2 19 12 0 120
6 22 20 8 0 120
15 45 41 47 0 120
5 23 23 33 0 120
40 18 55 6 0 120
32 25 16 37 0 120
5 24 12 44 0 120
1 28 19 19 0 120
16 12 42 10 0 120
0 2 2 27 0 120
14 16 38 20 0 120
71 13 58 28 0 120
1 2 16 13 0 120
18 9 4 22 0 120
22 8 0 2 0 120
8 20 25 31 0 120
0 1 25 4 0 120
1 1 18 11 0 120
60 28 70 10 0 120
0 1 27 2 0 120
4 34 1 58 0 120
15 13 25 30 0 120
0 2 21 8 0 120
0 2 25 0 0 120
47 23 63 35 0 120
14 17 22 36 0 120
40 34 53 19 0 120
0 1 18 11 0 120
2 2 2 29 0 120
14 6 14 32 0 120
6 20 20 8 0 120
1 1 11 18 0 120
1 1 8 21 0 120
8 3 19 18 0 120
21 33 46 31 0 120
40 16 23 26 0 120
18 10 29 27 0 120
1 27 5 51 0 120
1 2 4 25 0 120
1 1 3 26 0 120
2 1 8 21 0 120
0 2 24 5 0 120
1 1 1 28 0 120
24 36 46 41 0 120
11 17 12 44 0 120
40 12 22 4 0 120
1 1 23 6 0 120
0 1 8 21 0 120
23 8 34 24 0 120
1 46 16 33 0 120
17 13 1 1 0 120
26 31 51 28 0 120
1 1 26 3 0 120
2 11 17 23 0 120
5 22 22 12 0 120
22 33 20 58 0 120
7 24 1 45 0 120
39 17 18 11 0 120
21 31 46 33 0 120
0 3 10 19 0 120
22 14 10 29 0 120
19 20 45 18 0 120
15 13 2 28 0 120
24 36 21 60 0 120
0 2 7 22 0 120
9 20 33 23 0 120
16 62 23 41 0 120
17 35 31 22 0 120
21 6 7 19 0 120
8 52 23 40 0 120
0 2 11 18 0 120
16 12 26 30 0 120
6 21 30 18 0 120
9 21 29 29 0 120
11 62 36 64 0 120
1 1 18 11 0 120
22 56 26 80 0 120
17 33 0 23 0 120
1 1 14 15 0 120
20 8 16 32 0 120
11 45 24 59 0 120
25 3 35 21 0 120
0 1 8 21 0 120
0 2 22 7 0 120
1 1 13 16 0 120
25 2 31 23 0 120
16 35 13 59 0 120
0 1 15 14 0 120
40 11 29 28 0 120
1 1 20 9 0 120
30 31 49 23 0 120
5 22 18 8 0 120
1 1 11 18 0 120
28 28 28 55 0 120
0 1 13 16 0 120
42 10 16 12 0 120
12 16 6 38 0 120
6 23 9 47 0 120
43 44 53 27 0 120
5 22 17 37 0 120
34 25 44 42 0 120
1 1 5 24 0 120
0 2 2 27 0 120
18 10 8 28 0 120
4 30 20 18 0 120
7 36 27 43 0 120
1 1 18 11 0 120
2 29 22 22 0 120
17 40 39 46 0 120
37 21 43 42 0 120
18 12 41 17 0 120
20 14 41 21 0 120
0 1 2 27 0 120
35 4 24 21 0 120
48 27 35 13 0 120
0 2 5 24 0 120
24 4 0 0 0 120
21 6 46 8 0 120
18 31 34 20 0 120
1 1 8 21 0 120
9 22 28 14 0 120
5 50 25 43 0 120
17 12 20 37 0 120
19 39 41 44 0 120
20 34 17 10 0 120
1 1 1 28 0 120
25 29 23 4 0 120
53 29 69 17 0 120
24 56 28 34 0 120
26 31 7 22 0 120
5 49 17 64 0 120
16 14 40 10 0 120
0 1 11 18 0 120
7 20 17 38 0 120
26 0 25 27 0 120
16 15 33 25 0 120
9 19 24 32 0 120
1 1 20 9 0 120
12 16 37 17 0 120
6 10 21 23 0 120
22 6 39 17 0 120
0 2 15 14 0 120
20 57 41 63 0 120
68 16 91 11 0 120
0 1 4 25 0 120
44 38 66 32 0 120
26 43 51 45 0 120
25 6 26 32 0 120
15 15 41 17 0 120
36 4 61 6 0 120
8 30 22 17 0 120
0 3 10 19 0 120
4 27 9 49 0 120
20 30 5 42 0 120
13 14 6 34 0 120
1 1 16 13 0 120
3 24 11 5 0 120
38 15 54 27 0 120
12 19 31 11 0 120
16 13 35 5 0 120
23 32 23 4 0 120
22 25 38 14 0 120
27 1 8 10 0 120
0 1 1 28 0 120
0 1 10 19 0 120
0 3 8 21 0 120
22 5 24 30 0 120
9 30 17 49 0 120
24 19 17 39 0 120
9 48 19 30 0 120
19 31 22 56 0 120
1 1 1 28 0 120
25 1 38 16 0 120
51 5 61 22 0 120
16 7 10 29 0 120
0 2 5 24 0 120
20 12 4 22 0 120
22 60 3 69 0 120
18 13 37 5 0 120
0 2 15 14 0 120
47 2 57 20 0 120
5 67 11 89 0 120
20 7 26 28 0 120
0 3 4 25 0 120
7 43 4 67 0 120
1 1 19 10 0 120
42 32 19 37 0 120
6 21 25 13 0 120
67 15 86 6 0 120
2 28 18 40 0 120
45 24 29 35 0 120
10 26 31 19 0 120
0 1 22 7 0 120
17 39 11 60 0 120
37 5 52 18 0 120
10 10 12 36 0 120
20 9 20 36 0 120
0 1 11 18 0 120
25 33 26 7 0 120
39 9 39 37 0 120
45 32 33 47 0 120
0 1 17 12 0 120
4 35 10 57 0 120
40 14 55 2 0 120
1 1 7 22 0 120
29 30 10 21 0 120
2 30 27 29 0 120
23 6 15 25 0 120
7 25 18 8 0 120
22 24 15 4 0 120
2 29 16 16 0 120
47 32 66 40 0 120
16 11 14 36 0 120
22 14 46 18 0 120
0 2 10 19 0 120
22 21 48 19 0 120
15 6 11 29 0 120
1 1 7 22 0 120
16 13 17 39 0 120
16 13 2 0 0 120
26 31 42 43 0 120
0 1 6 23 0 120
62 13 46 24 0 120
0 1 12 17 0 120
14 15 40 14 0 120
26 28 19 49 0 120
43 22 54 6 0 120
2 28 17 41 0 120
18 12 35 23 0 120
27 3 22 26 0 120
23 18 49 19 0 120
29 25 41 40 0 120
19 10 45 11 0 120
1 27 15 13 0 120
1 1 5 24 0 120
11 76 8 52 0 120
1 1 18 11 0 120
43 40 25 31 0 120
34 53 16 44 0 120
17 12 15 37 0 120
8 22 33 25 0 120
15 13 7 33 0 120
30 17 45 29 0 120
45 11 35 29 0 120
16 16 14 40 0 120
26 31 14 15 0 120
0 1 8 21 0 120
0 2 19 10 0 120
23 3 13 20 0 120
6 27 1 4 0 120
0 1 3 26 0 120
3 27 8 4 0 120
45 13 71 14 0 120
24 33 43 24 0 120
10 31 36 32 0 120
0 1 16 13 0 120
0 2 16 13 0 120
5 53 29 50 0 120
29 49 34 26 0 120
40 37 21 45 0 120
26 32 15 16 0 120
0 1 14 15 0 120
1 1 15 14 0 120
7 20 29 25 0 120
1 1 24 5 0 120
22 5 47 3 0 120
20 10 17 35 0 120
16 34 11 57 0 120
15 63 38 66 0 120
25 4 1 7 0 120
0 1 0 29 0 120
1 1 2 27 0 120
26 33 31 10 0 120
2 29 14 14 0 120
60 4 72 20 0 120
1 1 5 24 0 120
0 1 5 24 0 120
1 1 22 7 0 120
17 3 39 8 0 120
0 1 16 13 0 120
1 1 8 21 0 120
21 59 22 32 0 120
12 20 2 36 0 120
0 2 2 27 0 120
21 9 30 28 0 120
13 14 9 37 0 120
24 39 17 59 0 120
20 40 46 39 0 120
1 38 26 41 0 120
36 32 35 5 0 120
1 1 8 21 0 120
27 27 8 19 0 120
0 30 14 16 0 120
25 28 51 29 0 120
19 8 25 29 0 120
18 37 14 60 0 120
52 5 32 13 0 120
3 15 2 41 0 120
2 1 14 15 0 120
22 6 4 16 0 120
33 34 56 30 0 120
0 1 25 4 0 120
6 23 30 26 0 120
17 7 7 24 0 120
10 40 32 35 0 120
0 3 18 11 0 120
7 24 7 51 0 120
0 1 8 21 0 120
9 17 9 43 0 120
0 2 7 22 0 120
14 12 4 29 0 120
29 24 15 36 0 120
19 11 33 25 0 120
35 30 61 31 0 120
15 39 36 33 0 120
0 2 4 25 0 120
31 25 7 22 0 120
2 26 27 23 0 120
1 1 4 25 0 120
20 9 21 36 0 120
13 12 20 32 0 120
8 19 17 37 0 120
10 19 6 42 0 120
46 6 65 14 0 120
23 29 23 1 0 120
9 48 33 44 0 120
0 2 6 23 0 120
0 2 10 19 0 120
1 1 19 10 0 120
23 24 40 14 0 120
20 11 34 24 0 120
13 74 37 77 0 120
0 1 1 28 0 120
20 9 13 30 0 120
28 26 30 1 0 120
31 13 17 1 0 120
12 21 26 8 0 120
41 13 44 37 0 120
28 17 52 21 0 120
0 1 24 5 0 120
20 7 43 11 0 120
0 1 9 20 0 120
32 23 37 45 0 120
12 19 12 46 0 120
22 28 28 6 0 120
34 51 44 68 0 120
52 31 63 15 0 120
18 11 9 29 0 120
1 58 1 85 0 120
23 29 10 43 0 120
51 5 68 15 0 120
1 2 4 25 0 120
20 41 2 32 0 120
18 40 32 27 0 120
0 2 20 9 0 120
37 34 25 49 0 120
29 27 17 43 0 120
15 43 2 57 0 120
15 66 19 89 0 120
34 3 30 26 0 120
0 1 21 8 0 120
0 1 1 28 0 120
19 5 42 9 0 120
35 18 59 21 0 120
14 17 17 41 0 120
48 12 57 30 0 120
59 31 71 45 0 120
10 16 22 2 0 120
0 1 17 12 0 120
0 2 13 16 0 120
0 1 9 20 0 120
35 39 14 32 0 120
29 26 38 45 0 120
1 1 25 4 0 120
0 1 1 28 0 120
18 28 30 12 0 120
19 12 26 32 0 120
61 21 79 11 0 120
2 10 9 31 0 120
3 53 24 59 0 120
2 43 2 16 0 120
33 27 21 42 0 120
16 39 15 64 0 120
16 11 35 20 0 120
1 1 26 3 0 120
22 38 29 19 0 120
1 1 15 14 0 120
6 24 19 39 0 120
0 3 23 6 0 120
19 21 8 37 0 120
0 46 7 67 0 120
46 13 37 32 0 120
2 29 15 15 0 120
24 14 19 36 0 120
19 10 24 32 0 120
16 39 33 29 0 120
38 10 22 22 0 120
11 43 27 54 0 120
46 34 69 29 0 120
31 43 17 31 0 120
0 1 6 23 0 120
27 8 5 13 0 120
0 1 18 11 0 120
39 46 32 66 0 120
24 8 31 27 0 120
30 3 10 11 0 120
13 29 13 1 0 120
24 57 16 38 0 120
20 34 21 59 0 120
0 1 12 17 0 120
29 26 14 39 0 120
38 18 22 29 0 120
27 2 41 15 0 120
17 43 34 53 0 120
2 26 6 50 0 120
4 19 26 15 0 120
41 9 38 33 0 120
35 18 9 20 0 120
0 2 20 9 0 120
3 15 29 14 0 120
1 29 13 13 0 120
24 6 48 10 0 120
20 11 3 21 0 120
24 31 22 57 0 120
20 7 28 26 0 120
32 50 21 35 0 120
8 19 10 44 0 120
0 1 13 16 0 120
16 13 4 28 0 120
1 2 5 24 0 120
1 30 27 29 0 120
4 23 22 13 0 120
0 24 26 26 0 120
40 11 54 25 0 120
25 6 23 31 0 120
0 1 16 13 0 120
2 29 7 51 0 120
0 1 18 11 0 120
20 15 45 13 0 120
21 7 44 12 0 120
19 9 39 17 0 120
11 20 20 2 0 120
1 1 6 23 0 120
0 1 16 13 0 120
25 35 25 63 0 120
9 13 26 23 0 120
0 1 26 3 0 120
1 2 3 26 0 120
30 20 48 29 0 120
26 29 53 30 0 120
13 17 30 28 0 120
0 1 2 27 0 120
13 36 16 61 0 120
2 11 23 4 0 120
12 15 38 16 0 120
0 3 2 27 0 120
24 6 12 22 0 120
12 23 30 13 0 120
1 1 16 13 0 120
3 28 20 38 0 120
0 2 20 9 0 120
35 26 10 27 0 120
1 1 15 14 0 120
42 7 50 25 0 120
1 1 14 15 0 120
33 22 33 48 0 120
59 19 34 22 0 120
0 1 24 5 0 120
0 1 2 27 0 120
16 18 15 44 0 120
19 10 10 28 0 120
31 29 48 39 0 120
10 20 14 44 0 120
33 25 45 10 0 120
32 27 12 21 0 120
24 7 46 12 0 120
39 20 21 10 0 120
0 1 27 2 0 120
13 44 13 72 0 120
8 23 17 41 0 120
5 25 21 37 0 120
0 1 11 18 0 120
10 41 13 18 0 120
41 41 64 36 0 120
0 1 27 2 0 120
24 31 24 59 0 120
1 7 10 25 0 120
42 9 16 7 0 120
0 2 23 6 0 120
0 2 10 19 0 120
24 5 41 15 0 120
42 3 34 23 0 120
0 1 26 3 0 120
5 22 27 17 0 120
22 32 22 60 0 120
6 24 22 12 0 120
52 23 33 31 0 120
36 6 60 3 0 120
21 33 17 11 0 120
25 6 26 32 0 120
6 24 20 10 0 120
34 27 41 46 0 120
41 2 24 12 0 120
0 1 11 18 0 120
5 23 16 6 0 120
5 29 17 44 0 120
48 38 53 61 0 120
40 47 24 36 0 120
7 23 17 5 0 120
54 28 38 40 0 120
16 12 13 37 0 120
1 1 27 0 0 120
10 20 9 47 0 120
24 31 44 39 0 120
30 34 15 21 0 120
12 1 36 4 0 120
3 22 25 16 0 120
19 36 4 49 0 120
33 26 12 20 0 120
25 14 8 24 0 120
13 15 26 30 0 120
20 36 43 40 0 120
43 13 66 9 0 120
2 1 12 17 0 120
16 52 24 72 0 120
38 48 33 69 0 120
0 1 25 4 0 120
19 9 11 27 0 120
26 3 24 28 0 120
36 19 60 15 0 120
37 0 54 10 0 120
14 14 2 30 0 120
26 2 1 5 0 120
33 26 31 1 0 120
46 37 47 63 0 120
67 15 48 8 0 120
15 11 34 4 0 120
31 20 36 42 0 120
1 1 16 13 0 120
0 1 20 9 0 120
14 16 13 43 0 120
44 10 53 28 0 120
3 25 0 2 0 120
0 1 14 15 0 120
27 22 17 39 0 120
23 5 27 29 0 120
0 1 7 22 0 120
20 9 18 33 0 120
15 13 29 27 0 120
6 36 6 9 0 120
26 2 21 25 0 120
10 18 1 37 0 120
0 1 5 24 0 120
1 26 17 37 0 120
0 3 26 1 0 120
0 1 7 22 0 120
8 22 35 21 0 120
0 30 5 7 0 120
18 10 40 16 0 120
0 1 13 16 0 120
17 7 41 10 0 120
21 8 3 17 0 120
59 17 77 25 0 120
31 24 48 34 0 120
15 11 6 28 0 120
22 14 11 30 0 120
14 34 32 25 0 120
1 1 16 13 0 120
64 13 73 31 0 120
0 1 14 15 0 120
22 15 30 33 0 120
21 19 26 42 0 120
0 1 27 0 0 120
24 10 22 35 0 120
27 1 52 4 0 120
17 17 40 14 0 120
2 35 8 57 0 120
1 3 28 4 0 120
9 17 21 31 0 120
1 1 14 15 0 120
2 26 5 3 0 120
16 12 24 32 0 120
0 2 25 4 0 120
27 16 51 12 0 120
6 23 31 25 0 120
9 21 16 2 0 120
33 46 42 28 0 120
12 18 35 23 0 120
0 2 2 27 0 120
7 27 33 28 0 120
20 10 46 12 0 120
15 14 32 25 0 120
3 26 29 27 0 120
0 2 22 7 0 120
26 14 8 24 0 120
1 2 7 22 0 120
28 13 43 1 0 120
0 2 22 7 0 120
46 43 21 45 0 120
0 1 7 22 0 120
22 5 20 30 0 120
16 0 27 16 0 120
27 4 13 17 0 120
6 21 28 16 0 120
17 35 20 11 0 120
40 16 66 15 0 120
6 23 16 6 0 120
17 11 32 24 0 120
47 32 36 16 0 120
5 34 16 51 0 120
50 18 36 6 0 120
0 1 20 9 0 120
16 38 14 13 0 120
16 29 10 9 0 120
1 25 19 16 0 120
27 17 26 44 0 120
8 56 17 75 0 120
0 1 24 5 0 120
47 6 50 30 0 120
1 1 9 20 0 120
7 20 20 34 0 120
9 22 30 16 0 120
4 66 12 46 0 120
9 20 14 42 0 120
0 2 14 15 0 120
0 3 10 19 0 120
8 8 26 17 0 120
