100 100 250 5000 44 600
23 12 48 15 360 389
8 20 19 37 30 59
18 39 41 36 62 89
5 93 28 97 541 569
21 46 5 34 120 149
60 36 75 48 421 449
53 29 69 18 421 449
80 14 60 22 510 539
85 30 66 21 420 449
47 20 52 43 480 509
57 22 50 42 91 119
37 43 12 41 301 329
84 28 86 3 481 509
7 73 17 91 390 419
12 42 20 22 330 359
42 56 25 45 510 539
26 46 34 26 150 179
1 1 8 21 2 29
30 70 46 59 121 149
35 0 57 5 211 239
51 22 49 48 120 149
89 13 89 41 570 599
17 35 26 16 270 299
20 47 3 57 271 299
48 64 37 81 390 419
33 53 10 48 90 119
80 82 55 85 570 599
79 55 77 81 570 599
82 28 57 31 390 419
43 19 64 24 152 179
15 6 11 29 91 119
36 59 60 55 300 329
53 30 55 56 120 149
30 21 28 46 391 419
47 73 27 80 361 389
44 45 62 36 331 359
48 84 34 97 481 509
6 1 5 27 571 599
39 20 21 10 60 89
13 18 32 10 331 359
0 2 2 27 2 29
40 36 49 53 392 419
33 36 13 43 271 299
57 60 41 72 240 269
27 30 10 41 180 209
22 25 24 50 451 479
9 17 16 37 241 269
32 55 20 39 180 209
91 98 66 95 420 449
20 40 15 17 270 299
34 45 14 38 331 359
70 11 68 36 571 599
14 28 27 43 270 299
64 53 86 59 240 269
40 42 46 21 121 149
33 74 12 80 571 599
16 78 32 66 570 599
4 82 26 77 181 209
55 49 57 24 541 569
1 76 6 98 571 599
20 87 5 75 571 599
19 27 6 41 241 269
43 16 47 40 240 269
59 56 33 54 360 389
21 94 45 98 420 449
54 65 74 72 391 419
14 34 20 12 150 179
74 23 91 33 211 239
62 31 59 55 331 359
49 37 60 53 421 449
33 92 12 87 242 269
72 77 87 89 511 539
66 56 74 75 361 389
56 41 68 56 331 359
43 90 29 76 360 389
45 66 70 69 240 269
28 88 15 74 481 509
14 14 22 34 30 59
6 36 15 55 210 239
19 26 23 3 211 239
61 37 44 48 210 239
48 22 49 48 121 149
0 2 2 27 61 89
42 69 37 46 180 209
29 28 7 22 120 149
24 31 39 43 271 299
75 74 53 68 480 509
0 2 5 24 2 29
2 20 3 46 421 449
0 1 21 8 1 29
54 6 57 30 121 149
52 40 30 36 212 239
26 68 19 48 421 449
7 16 11 38 182 209
55 33 59 56 421 449
16 7 39 3 151 179
62 80 79 70 481 509
79 68 65 55 511 539
41 13 61 7 572 599
63 51 40 46 510 539
57 42 55 66 482 509
46 16 64 26 270 299
45 5 49 29 150 179
81 40 59 46 540 569
29 24 50 31 120 149
82 91 75 71 511 539
16 37 34 28 331 359
73 18 69 41 511 539
27 2 4 6 31 59
67 88 79 73 271 299
72 40 48 43 361 389
38 84 22 95 541 569
59 41 59 15 572 599
1 80 15 93 331 359
53 91 43 73 390 419
10 22 31 16 61 89
45 49 44 23 541 569
78 76 90 60 390 419
9 44 9 17 331 359
45 79 45 53 512 539
26 94 25 68 181 209
19 75 39 67 570 599
1 1 14 15 2 29
31 73 34 96 212 239
38 68 54 58 332 359
88 40 74 26 330 359
41 12 39 36 362 389
50 18 36 6 92 119
55 47 33 53 450 479
80 81 91 65 571 599
14 8 24 25 61 89
70 38 46 41 481 509
49 39 47 14 301 329
66 23 51 35 511 539
4 27 9 49 31 59
40 53 45 75 391 419
33 54 59 53 91 119
21 43 23 19 332 359
77 37 70 57 481 509
37 40 27 57 571 599
30 7 14 19 240 269
85 52 65 59 331 359
14 22 5 40 181 209
2 28 29 29 450 479
68 30 93 28 301 329
31 90 47 79 151 179
47 78 30 89 180 209
7 28 33 26 60 89
0 1 17 12 1 29
37 20 17 27 211 239
6 16 28 11 481 509
15 83 10 60 210 239
33 82 16 71 240 269
20 8 17 33 90 119
52 13 50 39 120 149
60 30 67 11 452 479
63 57 63 83 272 299
48 30 31 20 361 389
13 42 28 30 211 239
42 71 66 75 540 569
23 43 6 54 570 599
6 22 26 30 30 59
89 78 68 83 302 329
58 26 75 36 121 149
18 3 14 27 240 269
12 20 2 36 32 59
68 18 91 14 181 209
23 27 50 28 570 599
42 94 42 66 390 419
57 1 80 5 301 329
47 7 38 25 241 269
65 87 51 74 361 389
0 35 0 8 391 419
30 26 16 14 212 239
35 26 25 44 360 389
29 42 55 40 120 149
22 46 40 36 90 119
7 83 30 88 510 539
27 61 3 58 181 209
24 89 5 81 391 419
0 1 1 28 1 29
29 56 50 50 151 179
71 48 53 38 360 389
29 84 16 98 451 479
16 28 38 32 512 539
57 56 62 33 300 329
63 28 83 35 511 539
33 25 57 23 452 479
0 3 14 15 3 29
81 63 90 81 241 269
45 38 64 46 91 119
41 39 23 30 301 329
16 86 22 64 570 599
64 91 88 88 511 539
18 44 0 35 361 389
29 26 38 45 60 89
56 78 56 50 570 599
1 1 21 8 2 29
34 8 42 27 541 569
0 1 12 17 1 29
14 12 4 29 61 89
41 40 26 52 211 239
4 78 17 64 301 329
24 46 11 60 121 149
32 50 21 35 92 119
23 16 36 2 571 599
4 80 18 67 361 389
36 32 37 5 90 119
47 21 65 31 150 179
3 24 15 9 271 299
90 16 79 33 210 239
44 36 38 16 392 419
35 73 17 82 361 389
46 30 59 16 241 269
40 29 33 50 180 209
32 27 23 9 451 479
77 1 74 26 390 419
63 80 48 67 240 269
87 31 74 18 332 359
48 66 25 70 301 329
0 2 14 15 2 29
26 13 45 21 91 119
36 12 41 35 150 179
47 85 22 87 301 329
24 22 44 29 121 149
20 57 32 42 91 119
63 13 87 9 150 179
4 27 9 5 31 59
8 22 19 39 510 539
95 22 74 28 571 599
64 28 55 10 481 509
48 56 54 34 330 359
34 29 40 51 360 389
37 59 36 33 121 149
95 66 76 74 451 479
20 60 39 52 541 569
47 35 41 56 121 149
74 33 49 35 151 179
21 36 34 51 60 89
36 22 57 15 210 239
70 93 91 99 391 419
18 13 37 5 31 59
22 41 6 52 571 599
14 40 36 45 61 89
38 7 39 34 120 149
1 14 18 5 62 89
14 24 31 13 150 179
52 75 59 96 300 329
46 83 31 71 391 419
55 38 29 39 271 299
21 57 9 42 241 269
33 28 30 3 300 329
49 96 55 75 391 419
58 9 61 33 331 359
80 37 89 18 420 449
65 29 43 35 450 479
33 45 48 32 210 239
42 61 52 77 362 389
30 48 19 64 181 209
23 21 15 41 150 179
34 84 51 94 481 509
13 90 27 77 331 359
35 70 26 89 240 269
34 20 53 29 90 119
34 65 28 87 540 569
51 73 26 76 270 299
1 29 18 18 30 59
1 51 25 48 121 149
94 44 76 36 452 479
42 72 46 50 572 599
14 31 28 18 331 359
1 1 12 17 2 29
12 18 15 43 30 59
25 75 43 65 450 479
7 45 20 59 61 89
80 54 69 70 541 569
35 75 13 71 332 359
56 5 67 20 362 389
24 9 48 6 211 239
92 53 66 52 391 419
56 90 42 77 541 569
16 69 4 85 240 269
35 25 23 9 510 539
28 75 17 59 451 479
73 58 71 33 571 599
20 54 43 49 150 179
1 1 24 5 2 29
64 54 63 81 210 239
69 57 69 29 210 239
53 25 52 51 481 509
36 57 53 46 360 389
36 79 13 76 482 509
15 38 33 28 420 449
59 15 83 19 270 299
19 55 43 52 361 389
6 21 20 8 31 59
53 49 65 65 210 239
39 1 28 17 361 389
35 47 59 50 121 149
9 48 20 32 91 119
65 68 65 41 391 419
12 18 30 8 30 59
21 81 0 74 150 179
41 60 27 73 211 239
9 17 19 0 121 149
18 1 25 21 151 179
65 11 69 34 241 269
63 25 89 24 301 329
2 26 26 30 90 119
22 6 4 16 30 59
41 83 33 64 481 509
18 23 37 15 151 179
0 2 4 25 2 29
32 93 33 66 240 269
69 65 75 43 570 599
16 58 31 45 330 359
47 47 46 21 121 149
32 21 27 44 120 149
44 78 59 89 452 479
58 68 61 92 481 509
57 69 80 73 421 449
71 3 72 30 390 419
83 33 77 54 541 569
49 22 58 5 482 509
56 58 81 55 390 419
34 11 27 32 60 89
0 2 18 11 2 29
36 52 30 73 301 329
20 13 31 30 180 209
40 8 47 27 272 299
68 20 76 40 330 359
78 25 65 11 451 479
32 42 17 54 181 209
22 21 8 8 391 419
0 2 20 9 2 29
19 23 45 25 90 119
81 53 59 59 210 239
48 59 39 77 511 539
71 32 80 50 271 299
55 35 45 17 210 239
19 9 0 18 30 59
2 82 10 63 121 149
15 37 31 48 61 89
37 20 54 9 60 89
20 36 5 24 121 149
1 39 19 29 510 539
15 6 34 15 180 209
22 9 35 23 91 119
32 68 6 67 481 509
31 18 53 23 271 299
75 48 84 66 271 299
44 45 32 60 331 359
56 38 37 30 301 329
14 30 16 5 61 89
60 54 59 27 450 479
1 1 17 12 2 29
66 22 47 31 330 359
85 80 73 65 331 359
22 92 9 78 541 569
15 56 41 58 240 269
42 78 69 77 570 599
62 33 86 29 480 509
22 38 3 46 61 89
46 65 35 81 451 479
19 34 12 15 122 149
2 54 26 51 241 269
20 40 2 50 210 239
27 25 27 53 210 239
61 67 77 57 572 599
56 62 44 77 481 509
75 47 98 42 450 479
59 76 69 93 331 359
14 13 10 36 31 59
50 53 25 50 240 269
7 18 23 7 451 479
49 68 75 70 360 389
58 87 57 62 482 509
11 18 35 21 91 119
48 50 67 42 301 329
25 29 11 16 61 89
34 51 47 66 480 509
55 18 64 36 511 539
13 17 34 11 61 89
85 14 85 42 300 329
33 34 22 17 120 149
2 57 6 34 331 359
18 11 35 1 31 59
45 2 41 25 211 239
14 49 33 57 331 359
34 30 48 17 361 389
9 39 20 56 150 179
41 12 34 32 511 539
55 28 82 29 360 389
34 47 22 62 151 179
83 28 61 23 571 599
1 1 8 21 2 29
35 37 55 45 210 239
40 91 47 71 331 359
39 56 29 39 571 599
17 12 28 28 31 59
0 1 16 13 1 29
16 11 14 36 31 59
27 14 17 32 420 449
74 81 47 82 360 389
11 18 25 5 151 179
95 94 80 81 540 569
53 98 41 83 511 539
43 16 30 31 120 149
22 30 9 15 210 239
80 15 74 36 451 479
22 15 30 33 302 329
0 1 17 12 1 29
29 61 53 58 481 509
50 34 48 59 541 569
17 28 41 24 300 329
27 31 8 23 61 89
0 1 3 26 1 29
38 65 34 88 571 599
52 43 67 30 180 209
31 14 17 28 180 209
66 35 86 27 540 569
75 32 88 47 420 449
37 19 41 42 61 89
0 1 12 17 1 29
7 20 7 47 151 179
43 34 66 29 180 209
10 76 33 81 390 419
32 27 9 23 211 239
49 32 75 34 120 149
40 44 60 36 90 119
17 67 7 84 421 449
89 1 67 6 481 509
46 23 33 8 240 269
59 99 79 93 572 599
45 35 42 60 570 599
20 22 11 41 150 179
32 24 51 15 390 419
31 49 22 30 510 539
1 2 13 16 3 29
18 90 18 63 421 449
20 40 30 23 181 209
49 59 45 36 541 569
28 81 35 61 271 299
20 9 43 13 31 59
43 41 31 56 301 329
67 82 48 90 391 419
92 38 91 11 510 539
16 16 43 15 210 239
0 2 0 29 2 29
45 73 52 93 481 509
33 70 31 96 300 329
34 23 36 48 271 299
49 77 49 49 210 239
59 87 37 93 390 419
15 40 36 45 242 269
13 16 14 43 240 269
28 49 4 46 511 539
39 27 34 49 121 149
54 16 58 40 390 419
26 31 51 28 60 89
7 23 7 51 30 59
54 74 63 55 450 479
42 25 18 21 300 329
1 5 6 26 152 179
0 3 1 28 3 29
89 17 66 22 450 479
16 42 1 54 121 149
21 73 26 96 150 179
30 66 49 58 481 509
34 32 40 54 450 479
7 35 24 46 90 119
53 58 63 41 331 359
21 9 47 10 181 209
40 10 34 32 330 359
64 85 79 72 420 449
50 29 42 49 240 269
40 13 40 40 271 299
67 23 85 32 421 449
31 3 16 16 90 119
12 18 15 43 30 59
0 3 1 28 3 29
1 1 24 5 2 29
61 6 83 11 391 419
81 14 57 11 271 299
35 61 43 81 510 539
4 14 9 36 361 389
15 76 15 49 331 359
33 59 15 68 361 389
50 9 72 4 91 119
28 63 5 58 540 569
84 88 82 63 421 449
48 18 26 12 450 479
85 26 89 3 571 599
1 2 18 11 3 29
36 72 59 68 241 269
6 36 11 13 150 179
0 30 14 16 30 59
20 8 36 20 30 59
22 69 2 77 540 569
0 2 17 12 2 29
47 93 40 73 421 449
38 46 48 30 152 179
15 14 32 25 60 89
20 39 40 47 60 89
11 18 15 40 122 149
60 27 81 33 571 599
10 19 36 17 180 209
39 7 44 29 181 209
20 17 38 26 151 179
42 28 36 7 301 329
50 13 73 16 482 509
20 44 9 27 450 479
85 53 93 72 361 389
53 60 52 87 420 449
74 2 81 23 270 299
19 18 41 12 120 149
51 8 73 14 180 209
59 58 63 81 451 479
35 69 17 78 481 509
35 61 43 81 570 599
0 2 10 19 2 29
10 18 1 37 30 59
1 38 26 41 60 89
24 45 13 61 451 479
25 45 37 29 150 179
2 1 8 21 3 29
16 64 28 49 181 209
44 24 49 47 570 599
25 32 37 16 60 89
0 22 24 25 181 209
40 37 14 38 151 179
6 23 29 19 91 119
23 16 44 21 362 389
44 20 52 0 390 419
51 1 53 26 421 449
53 27 55 53 450 479
44 39 52 58 451 479
64 35 83 26 480 509
73 17 50 12 390 419
62 89 82 96 571 599
86 41 94 22 451 479
6 23 9 47 31 59
75 32 85 15 271 299
19 31 22 56 90 119
16 12 19 35 212 239
0 3 12 17 3 29
33 57 56 52 510 539
15 23 41 25 270 299
19 89 14 67 241 269
6 45 22 33 60 89
38 48 58 56 390 419
9 51 24 63 241 269
25 41 36 25 181 209
34 90 17 80 181 209
13 32 21 51 571 599
19 35 36 24 570 599
48 49 40 68 271 299
15 22 36 15 60 89
23 1 20 26 90 119
36 4 29 24 121 149
19 27 0 35 121 149
66 27 55 10 360 389
20 35 9 20 62 89
49 31 59 49 90 119
22 7 23 32 62 89
44 3 47 26 122 149
31 38 31 65 391 419
44 48 61 37 210 239
52 76 71 84 301 329
58 60 41 51 572 599
68 95 55 81 511 539
48 44 53 67 330 359
5 26 26 20 31 59
35 37 41 59 150 179
52 59 41 42 480 509
75 36 78 13 422 449
41 81 35 60 541 569
29 34 49 40 362 389
50 41 34 30 451 479
64 29 83 38 180 209
37 39 42 61 181 209
51 59 50 33 481 509
43 71 61 62 421 449
21 45 8 59 301 329
1 1 12 17 2 29
42 2 36 23 121 149
31 55 44 70 390 419
31 56 48 46 571 599
39 12 26 26 211 239
46 39 69 35 511 539
68 69 55 55 391 419
26 27 27 53 91 119
12 70 30 61 361 389
52 13 28 9 420 449
1 1 24 5 2 29
8 55 20 71 180 209
28 13 43 1 91 119
25 85 15 68 241 269
5 22 25 15 571 599
22 45 0 50 91 119
0 1 18 11 1 29
10 62 10 35 361 389
86 74 75 91 330 359
15 14 5 31 31 59
36 57 22 70 511 539
8 25 9 51 151 179
27 49 38 66 270 299
15 7 17 33 150 179
48 28 70 22 510 539
5 22 22 12 271 299
63 25 66 48 392 419
33 18 17 6 180 209
22 7 41 15 31 59
32 42 58 41 241 269
30 69 49 78 180 209
37 69 38 43 541 569
4 48 3 22 121 149
77 44 56 39 302 329
46 12 28 21 181 209
46 18 59 3 270 299
58 12 53 34 541 569
20 11 34 24 31 59
0 2 6 23 2 29
28 27 15 12 60 89
1 1 15 14 2 29
88 68 95 88 301 329
2 71 10 51 240 269
18 15 26 33 122 149
70 18 76 40 510 539
20 8 24 32 270 299
24 34 48 31 301 329
98 35 79 43 211 239
45 40 55 58 180 209
83 17 92 36 270 299
50 32 53 56 121 149
29 28 38 9 300 329
2 1 8 21 3 29
33 15 50 25 61 89
16 25 28 40 151 179
52 13 47 36 360 389
84 35 57 34 480 509
12 63 26 76 451 479
13 43 31 34 61 89
48 38 53 61 90 119
32 27 13 19 91 119
95 80 70 78 451 479
65 73 43 79 330 359
55 57 36 66 150 179
64 30 75 47 210 239
62 28 68 6 270 299
25 19 9 30 61 89
0 2 5 24 2 29
58 19 38 11 480 509
14 39 27 54 180 209
13 19 20 40 90 119
77 51 84 30 450 479
57 58 59 34 302 329
58 55 54 33 182 209
42 54 43 27 270 299
20 52 44 54 92 119
15 48 34 39 360 389
30 74 45 61 330 359
32 29 25 8 360 389
38 10 22 22 90 119
21 21 35 8 121 149
75 96 55 89 511 539
26 31 31 54 360 389
89 29 88 56 570 599
37 19 45 38 61 89
78 20 78 48 510 539
0 2 12 17 2 29
80 27 62 36 271 299
13 17 23 35 30 59
16 85 7 66 420 449
48 10 45 35 270 299
44 54 35 73 210 239
0 2 14 15 2 29
18 65 6 80 211 239
0 1 21 8 1 29
13 28 13 1 571 599
14 24 16 50 570 599
66 11 90 7 240 269
17 35 31 22 61 89
13 43 17 66 61 89
0 1 20 9 1 29
37 61 38 34 330 359
77 48 64 34 151 179
38 24 16 29 541 569
30 3 27 26 122 149
15 24 22 44 271 299
40 24 66 23 301 329
7 23 17 5 30 59
61 40 45 28 480 509
6 19 7 45 391 419
43 71 19 67 510 539
52 51 51 77 211 239
30 23 40 5 480 509
19 19 25 39 392 419
75 70 79 47 391 419
83 76 58 75 482 509
33 64 35 89 331 359
43 23 26 13 481 509
58 55 61 30 420 449
71 46 47 50 240 269
23 29 36 44 270 299
40 81 28 96 451 479
29 36 48 27 480 509
82 43 75 23 211 239
2 59 15 74 300 329
67 40 45 46 300 329
46 90 65 82 241 269
63 37 86 33 301 329
59 17 77 25 92 119
33 57 58 58 392 419
58 56 75 46 421 449
1 1 9 20 2 29
30 28 9 34 61 89
74 22 57 11 150 179
95 18 76 25 542 569
12 34 26 21 61 89
1 1 22 7 2 29
44 84 27 94 241 269
21 31 46 33 61 89
47 32 36 16 91 119
22 25 38 14 91 119
46 27 58 11 300 329
54 54 68 41 181 209
62 59 48 45 300 329
16 43 6 27 62 89
52 2 63 18 241 269
95 43 82 57 301 329
58 11 39 2 300 329
71 51 77 29 330 359
86 3 66 10 391 419
91 16 70 22 211 239
77 12 58 4 451 479
10 15 23 30 240 269
1 28 19 37 31 59
54 19 62 38 271 299
69 27 81 41 572 599
24 62 49 65 270 299
7 37 31 34 301 329
30 33 28 59 240 269
71 40 59 55 271 299
37 19 48 3 61 89
52 34 27 32 301 329
71 93 62 75 301 329
82 31 62 25 482 509
53 51 32 44 210 239
11 43 6 21 181 209
39 23 58 31 121 149
36 45 48 30 391 419
38 65 40 40 151 179
20 35 36 45 62 89
17 56 22 33 360 389
32 53 25 73 91 119
10 34 36 33 61 89
36 83 48 98 571 599
78 39 73 16 360 389
37 15 62 17 61 89
24 92 50 90 450 479
23 65 37 79 210 239
56 33 67 17 211 239
11 76 8 52 91 119
51 76 63 61 511 539
20 8 8 24 30 59
16 75 26 93 540 569
54 24 37 13 510 539
58 26 65 5 90 119
0 2 22 7 2 29
18 1 40 7 180 209
40 37 21 45 91 119
2 28 18 40 30 59
43 12 43 40 60 89
81 92 94 77 360 389
30 38 34 15 301 329
60 87 70 69 240 269
68 57 95 58 360 389
73 41 50 44 572 599
0 1 11 18 1 29
12 9 7 31 331 359
63 23 80 13 481 509
30 60 50 68 390 419
36 50 57 43 90 119
44 0 51 21 90 119
37 58 21 46 360 389
61 36 44 46 211 239
40 14 32 33 61 89
26 61 38 45 240 269
18 51 12 72 571 599
9 31 30 38 150 179
5 23 31 21 30 59
40 44 36 21 181 209
59 35 37 29 570 599
80 54 96 43 421 449
32 43 24 24 151 179
31 77 6 80 210 239
44 41 39 19 91 119
18 62 40 56 450 479
44 48 25 56 121 149
13 36 12 62 271 299
16 13 4 28 31 59
4 27 28 23 60 89
15 48 5 65 271 299
5 42 15 60 120 149
13 88 36 84 151 179
74 16 90 27 361 389
88 95 85 70 420 449
40 16 18 21 61 89
9 46 25 57 271 299
26 20 1 18 181 209
40 79 62 85 540 569
42 12 45 36 241 269
52 34 35 24 361 389
0 26 4 4 212 239
69 24 57 39 451 479
15 1 6 19 241 269
10 53 10 80 271 299
61 59 71 77 570 599
76 85 99 82 542 569
6 40 13 19 90 119
5 38 2 63 60 89
30 35 38 16 151 179
34 20 34 47 61 89
38 73 29 54 120 149
72 47 63 65 391 419
57 1 74 12 510 539
0 1 4 25 1 29
39 43 61 38 181 209
23 50 48 48 271 299
11 44 23 60 300 329
80 22 69 5 450 479
65 79 75 61 510 539
76 73 49 74 420 449
57 88 81 91 271 299
25 36 4 30 511 539
8 22 4 46 30 59
47 44 64 54 211 239
62 7 56 28 271 299
99 59 74 62 570 599
48 98 25 93 450 479
70 6 61 24 241 269
16 18 15 44 61 89
15 45 41 47 90 119
8 56 17 75 90 119
61 70 81 78 420 449
32 72 22 56 272 299
67 74 71 51 331 359
58 11 64 32 331 359
0 1 22 7 1 29
23 18 39 29 91 119
25 50 8 60 331 359
0 31 20 38 31 59
72 85 84 70 511 539
25 7 13 21 152 179
7 85 18 68 450 479
6 17 0 37 362 389
40 71 42 46 511 539
5 16 24 24 91 119
74 74 63 90 541 569
93 12 92 39 480 509
0 2 22 7 2 29
83 94 72 77 540 569
45 34 52 54 511 539
42 59 41 32 480 509
80 10 59 15 152 179
24 29 21 4 120 149
15 19 39 16 361 389
80 72 90 89 301 329
44 52 46 26 570 599
19 9 15 33 30 59
22 48 1 41 330 359
0 40 15 28 361 389
58 69 83 67 331 359
36 4 61 6 61 89
1 17 11 35 90 119
59 28 35 24 480 509
30 69 43 56 242 269
15 62 15 90 180 209
25 46 22 70 571 599
0 1 24 5 1 29
45 46 36 27 180 209
17 3 39 8 61 89
21 58 37 48 122 149
38 24 21 13 270 299
1 60 17 71 571 599
33 42 53 50 180 209
18 67 40 73 480 509
1 1 9 20 2 29
72 81 47 83 271 299
20 62 17 86 301 329
82 84 85 59 570 599
4 13 14 31 300 329
2 24 22 30 32 59
13 17 9 40 121 149
92 38 80 54 450 479
79 55 92 69 481 509
92 71 82 88 511 539
82 89 88 67 540 569
69 60 67 86 240 269
30 3 27 26 182 209
35 60 29 39 211 239
41 39 41 66 421 449
74 87 56 77 540 569
49 20 38 3 120 149
38 24 59 18 181 209
98 30 81 41 510 539
73 32 91 41 271 299
0 2 25 4 2 29
5 28 1 51 271 299
23 4 32 22 91 119
11 11 3 30 181 209
29 73 55 72 181 209
50 19 31 27 91 119
9 45 20 60 272 299
46 74 31 61 450 479
13 35 3 53 210 239
12 60 37 62 421 449
37 73 36 47 361 389
28 96 28 68 570 599
83 49 73 31 390 419
74 28 79 6 361 389
57 74 81 78 480 509
65 53 89 50 301 329
1 1 1 28 2 29
4 24 16 8 150 179
23 57 20 34 92 119
82 28 97 16 541 569
49 74 68 65 420 449
65 79 90 82 450 479
20 66 28 47 181 209
35 49 11 45 150 179
42 50 23 42 541 569
90 87 64 88 331 359
1 1 26 3 2 29
12 46 31 54 61 89
60 37 74 23 120 149
4 26 13 7 30 59
20 25 4 36 391 419
38 17 31 37 91 119
81 44 58 41 302 329
16 15 38 20 31 59
13 44 13 16 300 329
67 29 52 42 210 239
20 38 41 32 181 209
62 61 72 44 451 479
36 65 61 63 211 239
50 13 69 22 420 449
30 22 25 44 181 209
29 2 39 19 271 299
0 1 5 24 1 29
28 31 27 4 60 89
69 14 82 29 540 569
52 2 40 17 121 149
32 50 47 61 392 419
31 9 9 4 301 329
40 13 20 5 120 149
19 70 44 72 511 539
37 51 23 64 181 209
20 9 39 1 31 59
42 45 45 21 391 419
64 46 48 57 301 329
44 52 25 44 421 449
7 88 25 98 420 449
21 71 48 72 390 419
62 52 39 57 150 179
30 18 30 46 150 179
18 12 20 38 30 59
19 10 9 27 31 59
66 31 76 49 120 149
36 70 58 75 301 329
0 1 26 3 1 29
17 87 22 64 510 539
14 39 37 44 60 89
38 46 64 44 90 119
16 78 19 53 330 359
1 1 18 11 2 29
39 28 59 20 360 389
23 10 5 0 540 569
67 37 43 41 510 539
0 2 2 27 2 29
2 26 26 30 30 59
26 32 15 16 61 89
38 27 31 6 180 209
30 44 21 62 421 449
39 31 59 23 150 179
16 25 10 5 182 209
28 75 5 80 300 329
39 14 20 23 120 149
11 20 18 40 391 419
54 16 43 1 272 299
35 13 42 33 241 269
9 27 13 50 361 389
13 72 28 83 182 209
68 74 65 98 421 449
44 70 18 69 541 569
43 43 31 58 541 569
71 50 67 73 391 419
36 45 10 47 540 569
77 81 77 53 570 599
58 36 71 21 570 599
36 44 31 65 452 479
58 23 46 39 180 209
69 92 91 98 360 389
21 10 46 8 31 59
39 96 19 89 391 419
38 24 13 27 270 299
29 28 25 5 91 119
44 39 21 35 211 239
54 56 58 79 421 449
81 66 86 89 300 329
19 6 39 13 571 599
62 63 86 67 300 329
61 26 72 42 331 359
56 81 74 72 511 539
73 68 76 44 511 539
40 22 64 19 481 509
59 68 83 71 511 539
33 6 26 27 480 509
59 75 53 53 570 599
6 47 21 34 60 89
98 78 75 83 570 599
18 57 18 85 120 149
21 5 36 16 32 59
59 2 42 13 300 329
18 47 15 23 91 119
49 43 50 68 212 239
52 71 61 52 480 509
50 91 34 79 480 509
67 27 76 9 361 389
42 41 33 59 211 239
17 63 26 82 330 359
61 12 38 7 180 209
5 33 31 31 150 179
39 5 35 28 181 209
37 26 25 10 120 149
85 44 61 47 331 359
42 52 48 73 421 449
33 70 35 44 300 329
45 7 29 19 510 539
12 31 31 22 240 269
47 54 50 29 480 509
83 3 98 16 150 179
26 43 37 27 91 119
16 44 9 64 61 89
58 56 54 79 301 329
35 46 49 33 91 119
64 9 86 14 211 239
17 75 5 91 510 539
29 81 24 58 210 239
69 51 71 76 301 329
65 97 73 77 450 479
15 13 14 40 30 59
54 67 33 72 542 569
45 40 33 55 91 119
48 62 43 40 421 449
51 75 40 91 421 449
53 95 70 84 510 539
61 64 68 84 571 599
20 54 30 71 181 209
0 2 3 26 2 29
23 24 39 35 91 119
15 19 36 12 90 119
39 37 62 32 450 479
0 3 20 9 3 29
61 64 58 89 240 269
49 20 71 24 182 209
31 32 28 57 420 449
27 32 21 10 300 329
37 18 30 39 60 89
58 60 77 68 301 329
34 14 9 17 210 239
66 12 79 26 481 509
2 27 27 29 31 59
68 31 43 30 422 449
17 31 6 48 510 539
26 75 4 79 362 389
35 87 39 65 272 299
91 58 98 79 540 569
43 89 69 88 541 569
61 22 61 50 540 569
38 57 18 64 451 479
61 12 72 28 451 479
68 59 52 47 540 569
57 54 54 30 511 539
33 59 58 57 481 509
20 35 39 44 120 149
58 34 40 44 570 599
25 57 23 32 241 269
87 32 68 41 360 389
25 7 44 0 152 179
9 12 6 35 182 209
13 16 19 37 31 59
45 11 52 32 270 299
42 64 38 87 421 449
34 30 31 54 361 389
17 82 10 61 480 509
22 2 45 6 481 509
12 18 32 10 30 59
25 23 11 37 570 599
27 40 35 59 91 119
51 13 51 40 421 449
71 78 87 67 331 359
11 69 8 46 452 479
38 73 12 72 451 479
42 68 39 92 481 509
0 45 26 47 120 149
8 25 17 43 331 359
24 31 41 42 180 209
38 38 40 13 241 269
4 99 21 89 331 359
41 29 55 16 481 509
66 18 79 3 270 299
52 39 78 40 331 359
5 22 23 13 331 359
75 27 90 15 181 209
70 23 55 36 180 209
21 69 38 79 301 329
45 24 35 42 120 149
15 57 31 67 452 479
1 1 7 22 2 29
8 21 12 44 31 59
57 56 69 71 511 539
37 17 44 37 181 209
39 85 54 73 421 449
57 35 74 25 181 209
3 42 8 20 451 479
12 19 12 46 31 59
3 23 6 46 32 59
13 4 2 20 271 299
36 25 21 37 151 179
9 23 23 11 92 119
49 2 48 28 151 179
33 41 41 61 390 419
41 27 52 11 241 269
2 35 8 57 60 89
33 54 6 55 480 509
21 79 46 76 450 479
4 3 29 0 240 269
26 52 45 60 241 269
19 47 46 46 450 479
3 24 21 33 31 59
27 50 52 52 451 479
3 97 18 84 330 359
43 54 26 64 391 419
30 46 9 52 241 269
79 48 55 44 420 449
52 38 73 33 152 179
22 50 27 72 301 329
10 31 36 32 91 119
31 53 49 63 390 419
71 60 77 39 271 299
43 88 65 94 420 449
22 8 10 24 30 59
49 56 24 58 211 239
24 48 2 43 121 149
53 55 34 64 510 539
95 24 92 0 271 299
38 46 20 56 210 239
21 56 9 70 242 269
38 37 46 56 151 179
99 83 72 82 570 599
72 25 74 51 300 329
80 66 54 65 361 389
24 4 0 0 30 59
77 13 62 2 572 599
9 32 7 6 120 149
46 13 53 34 120 149
31 47 48 58 450 479
31 72 31 44 420 449
27 92 14 77 300 329
15 27 40 25 61 89
48 58 69 52 421 449
51 5 29 11 570 599
6 21 22 10 31 59
55 84 34 90 451 479
81 71 56 70 452 479
3 3 1 28 181 209
66 7 85 15 211 239
40 87 53 73 331 359
90 26 72 16 390 419
25 16 33 36 360 389
15 82 21 61 451 479
26 5 26 32 31 59
42 41 58 29 360 389
30 22 39 41 150 179
39 34 42 58 511 539
8 67 15 46 240 269
38 12 53 0 541 569
61 7 81 15 390 419
0 1 22 7 1 29
38 53 36 79 540 569
52 72 50 97 361 389
12 29 32 36 91 119
25 15 20 38 150 179
41 20 40 47 120 149
30 9 30 37 180 209
47 24 45 0 182 209
21 42 13 23 271 299
34 80 11 77 572 599
16 12 7 29 92 119
5 7 21 18 181 209
34 54 8 53 541 569
65 83 80 95 481 509
38 88 50 73 481 509
17 36 42 37 122 149
58 4 68 22 510 539
33 51 16 40 210 239
31 87 19 71 330 359
21 87 3 96 301 329
24 6 40 18 30 59
16 30 41 27 270 299
5 18 14 36 211 239
27 72 6 79 420 449
95 14 88 34 331 359
25 55 45 47 450 479
45 46 57 30 480 509
20 8 14 30 30 59
70 18 48 13 541 569
0 48 4 25 61 89
80 30 70 13 541 569
78 69 96 78 451 479
22 86 9 99 152 179
5 35 23 45 150 179
65 31 51 19 212 239
37 19 50 5 481 509
32 30 36 54 210 239
22 42 44 38 572 599
8 0 24 11 61 89
48 36 22 34 90 119
41 55 40 28 150 179
36 24 32 0 210 239
60 37 50 54 151 179
12 29 31 21 151 179
11 28 5 50 120 149
89 74 80 56 571 599
0 2 21 8 2 29
68 81 62 60 271 299
53 88 29 86 542 569
27 69 20 90 510 539
1 30 9 11 31 59
41 47 43 22 121 149
1 29 3 55 30 59
19 36 20 9 240 269
39 57 39 30 121 149
2 3 29 2 300 329
81 33 87 54 481 509
17 73 37 66 121 149
26 4 17 23 30 59
34 91 54 99 480 509
48 4 46 30 90 119
11 8 0 25 420 449
34 20 46 5 61 89
30 44 30 71 541 569
2 85 11 66 420 449
39 74 41 48 120 149
48 64 65 74 301 329
11 34 11 7 391 419
45 23 46 49 121 149
3 21 6 46 570 599
7 3 29 8 301 329
50 23 71 30 300 329
0 1 20 9 1 29
21 33 8 48 90 119
41 51 30 67 301 329
79 35 88 16 570 599
24 0 39 13 90 119
60 59 55 82 420 449
17 11 25 31 30 59
46 96 72 94 270 299
59 12 40 21 180 209
57 19 72 7 421 449
37 42 38 68 511 539
49 40 38 56 211 239
43 70 53 86 422 449
27 11 42 23 481 509
27 19 15 34 481 509
30 43 42 58 451 479
46 47 42 24 271 299
55 26 82 25 540 569
23 75 42 84 390 419
20 7 41 13 31 59
19 40 19 12 240 269
2 28 19 18 421 449
50 18 65 31 150 179
52 39 31 44 482 509
29 17 40 34 270 299
55 12 44 28 211 239
66 36 49 46 181 209
24 36 7 26 301 329
30 32 40 49 301 329
11 46 9 21 571 599
13 48 32 39 360 389
9 46 36 45 240 269
29 72 26 96 391 419
55 64 74 56 451 479
73 57 49 60 481 509
2 29 15 15 31 59
49 20 65 32 540 569
31 22 23 2 60 89
39 28 14 27 242 269
47 96 36 80 571 599
83 39 63 32 361 389
29 42 50 35 120 149
55 48 52 23 540 569
0 1 15 14 1 29
94 31 74 24 271 299
24 37 47 42 120 149
64 68 76 83 421 449
8 55 25 44 420 449
25 49 41 61 330 359
26 42 27 67 212 239
37 66 16 59 300 329
0 17 4 40 391 419
18 12 22 36 30 59
60 82 36 79 541 569
46 41 63 50 482 509
39 16 40 42 151 179
29 51 6 47 121 149
56 33 42 20 511 539
30 66 25 89 330 359
42 14 42 42 330 359
35 40 27 20 420 449
52 32 77 29 90 119
31 25 45 38 61 89
16 34 5 50 61 89
74 65 87 51 571 599
29 48 28 73 422 449
6 65 15 84 180 209
25 30 19 9 271 299
41 14 51 32 60 89
45 45 48 20 330 359
18 14 38 21 61 89
49 47 29 39 150 179
37 67 18 75 301 329
54 51 62 32 451 479
26 34 21 57 150 179
39 22 38 49 360 389
64 72 87 68 541 569
96 71 75 64 540 569
14 18 2 33 481 509
50 42 48 17 421 449
33 26 12 20 91 119
26 94 41 82 481 509
3 17 5 41 212 239
21 8 45 5 31 59
18 41 16 16 271 299
51 34 49 10 362 389
71 33 48 29 241 269
13 23 33 31 570 599
39 34 25 21 211 239
17 53 17 25 330 359
16 27 39 30 362 389
58 81 45 67 451 479
34 31 11 27 91 119
40 41 15 44 180 209
1 1 6 23 2 29
2 42 26 38 150 179
39 79 57 89 390 419
27 60 31 83 271 299
0 1 19 10 1 29
4 30 20 18 90 119
60 65 74 51 540 569
24 60 38 74 90 119
31 25 42 9 121 149
38 15 21 25 91 119
23 57 35 72 301 329
43 18 34 35 542 569
17 90 34 79 420 449
4 10 26 5 121 149
21 65 38 55 301 329
41 83 34 62 510 539
16 50 1 63 570 599
13 88 28 76 271 299
29 41 22 21 241 269
0 2 24 5 2 29
14 10 30 21 301 329
0 3 15 14 3 29
31 47 42 30 510 539
72 52 74 28 512 539
43 37 64 32 92 119
33 6 49 17 151 179
42 26 47 49 570 599
17 11 42 14 30 59
44 45 23 52 240 269
54 29 50 53 180 209
22 72 1 78 301 329
41 17 37 39 152 179
40 54 60 61 541 569
26 29 13 15 271 299
13 12 3 28 302 329
3 26 28 24 331 359
40 58 33 78 361 389
19 33 41 38 361 389
11 10 22 27 420 449
68 34 68 61 541 569
44 55 39 32 120 149
69 33 70 60 270 299
25 4 23 30 120 149
98 74 85 59 510 539
44 27 35 45 211 239
1 1 17 12 2 29
36 46 35 19 570 599
10 30 21 46 61 89
74 52 75 79 570 599
34 39 48 26 151 179
18 26 4 12 90 119
23 41 0 45 361 389
72 47 76 25 182 209
87 38 95 19 571 599
26 45 33 65 391 419
42 27 60 36 391 419
64 62 42 67 361 389
80 3 57 6 482 509
2 28 29 27 90 119
33 23 58 25 61 89
49 87 28 93 481 509
28 91 22 70 511 539
90 50 80 68 210 239
82 71 70 85 542 569
24 7 15 26 480 509
11 9 12 36 450 479
56 57 55 83 451 479
21 24 11 42 120 149
33 55 50 44 90 119
40 28 30 10 150 179
41 34 28 48 211 239
67 21 49 31 390 419
9 22 11 46 362 389
83 20 77 41 271 299
64 33 39 30 120 149
71 92 97 90 420 449
93 38 68 35 540 569
66 1 62 23 242 269
73 37 55 28 241 269
26 28 0 27 121 149
77 73 98 67 481 509
77 98 79 73 571 599
14 33 34 26 331 359
40 68 59 61 392 419
89 46 72 57 540 569
44 43 24 36 91 119
19 85 34 72 270 299
44 30 57 45 150 179
38 13 42 37 120 149
45 1 65 8 181 209
5 32 17 48 60 89
53 47 28 45 361 389
99 57 73 58 241 269
46 89 32 75 240 269
70 59 69 86 300 329
28 28 8 21 481 509
35 44 26 63 240 269
49 18 36 32 271 299
29 4 26 28 331 359
64 86 40 82 450 479
93 76 67 77 391 419
38 11 12 13 120 149
30 34 15 21 330 359
17 60 9 79 391 419
1 1 21 8 2 29
23 4 17 25 31 59
70 21 46 25 240 269
4 78 20 89 541 569
1 2 7 22 3 29
97 84 82 73 302 329
28 54 16 70 210 239
36 78 29 99 510 539
40 74 14 72 270 299
1 32 5 8 60 89
25 32 17 52 60 89
46 51 45 24 420 449
59 30 65 8 180 209
11 70 30 62 511 539
60 65 71 49 331 359
47 13 22 11 61 89
86 21 73 7 571 599
42 75 64 70 391 419
13 14 9 37 31 59
42 14 45 39 210 239
62 79 78 90 391 419
17 14 40 18 31 59
43 31 41 7 452 479
72 45 52 38 391 419
54 29 67 44 120 149
30 59 35 81 211 239
6 27 32 29 180 209
42 74 39 99 210 239
48 32 25 36 421 449
76 38 51 40 241 269
0 2 21 8 2 29
16 38 18 63 241 269
4 41 26 35 420 449
21 13 3 3 510 539
20 58 38 67 541 569
9 39 36 38 450 479
17 68 34 58 391 419
35 63 60 66 510 539
75 76 51 79 451 479
65 7 49 18 121 149
1 1 26 3 2 29
59 27 51 7 330 359
13 25 23 42 301 329
49 25 54 2 210 239
2 18 14 33 301 329
49 25 60 41 181 209
21 9 45 5 30 59
55 26 38 16 271 299
1 1 25 4 2 29
34 33 55 27 511 539
46 38 58 53 421 449
26 78 30 54 210 239
25 88 18 67 360 389
47 60 65 70 360 389
69 20 73 43 451 479
56 31 38 22 571 599
35 58 14 52 151 179
4 65 24 72 571 599
5 23 8 48 90 119
41 93 60 85 181 209
11 48 0 31 180 209
5 24 9 47 31 59
18 72 17 46 361 389
33 34 16 23 420 449
85 30 72 16 451 479
56 41 37 49 151 179
33 97 37 73 570 599
41 38 39 62 302 329
30 38 36 59 121 149
55 67 40 80 510 539
48 28 33 40 181 209
63 48 46 58 511 539
69 71 53 83 570 599
29 62 8 68 211 239
27 5 30 30 90 119
2 53 16 40 151 179
87 10 64 15 180 209
63 59 52 76 390 419
91 24 87 1 451 479
71 34 45 33 451 479
38 22 38 49 61 89
14 15 7 35 31 59
0 1 18 11 1 29
43 55 36 35 361 389
12 47 12 75 60 89
20 29 44 32 331 359
1 1 11 18 2 29
27 57 42 46 212 239
0 2 1 28 2 29
25 6 38 20 31 59
19 22 19 49 211 239
30 64 50 72 330 359
15 13 29 27 30 59
40 65 56 54 451 479
61 87 37 84 421 449
8 18 19 3 272 299
37 14 51 1 91 119
33 18 26 39 480 509
22 60 7 72 361 389
43 67 65 73 570 599
36 67 29 88 420 449
83 10 66 21 240 269
36 14 15 20 61 89
35 7 27 27 150 179
86 27 85 53 511 539
57 42 57 16 182 209
32 26 44 11 421 449
80 92 56 95 481 509
12 61 8 85 300 329
28 93 33 71 271 299
8 47 30 53 480 509
16 11 38 7 242 269
24 58 21 82 121 149
40 32 21 25 272 299
74 78 89 91 450 479
6 23 28 27 62 89
0 44 19 35 390 419
42 50 69 49 270 299
22 22 15 41 92 119
49 58 62 44 511 539
46 32 30 42 512 539
82 70 59 74 541 569
20 7 39 15 31 59
75 96 59 85 451 479
63 56 57 77 511 539
62 62 59 37 270 299
26 55 13 40 180 209
20 21 4 10 91 119
0 1 15 14 1 29
69 54 72 30 211 239
35 71 43 52 361 389
24 47 42 56 331 359
39 45 14 48 570 599
95 63 99 85 512 539
6 69 22 58 511 539
16 25 27 9 451 479
29 14 15 28 120 149
67 86 55 70 540 569
22 17 30 37 60 89
28 50 44 61 241 269
36 44 16 51 541 569
13 29 22 47 301 329
0 1 2 27 1 29
7 48 31 52 360 389
28 16 49 10 121 149
44 5 31 20 480 509
71 35 54 46 330 359
32 33 46 46 451 479
86 50 66 57 361 389
63 54 49 67 271 299
48 68 59 52 301 329
28 29 42 42 331 359
37 62 34 86 271 299
31 5 31 33 210 239
10 49 10 77 360 389
19 26 15 49 451 479
0 2 16 13 2 29
81 44 65 55 331 359
0 2 14 15 2 29
0 2 18 11 2 29
77 49 82 28 512 539
0 27 17 17 31 59
31 43 55 46 361 389
40 12 13 13 90 119
39 39 12 38 450 479
17 10 34 21 120 149
1 1 14 15 2 29
41 33 41 5 210 239
79 32 89 14 540 569
4 24 20 36 30 59
58 16 83 18 241 269
28 7 51 11 331 359
73 17 55 25 152 179
10 35 24 47 542 569
24 43 50 41 180 209
73 73 67 95 510 539
60 42 56 19 481 509
41 4 56 16 91 119
14 48 26 32 330 359
25 89 1 93 570 599
53 43 78 46 390 419
38 25 20 15 360 389
33 58 57 54 300 329
32 67 23 85 271 299
15 79 37 75 512 539
86 32 64 38 510 539
47 70 31 58 180 209
45 32 42 57 480 509
25 51 10 64 330 359
78 71 54 73 362 389
0 1 19 10 1 29
79 58 74 80 331 359
85 72 93 52 360 389
48 72 36 56 210 239
46 71 73 72 300 329
54 86 31 83 452 479
32 82 50 91 481 509
40 36 25 24 121 149
59 53 77 63 330 359
89 83 65 80 481 509
53 32 39 45 571 599
7 23 7 51 30 59
12 18 17 41 30 59
70 20 89 28 541 569
30 18 15 6 121 149
92 40 71 34 301 329
17 14 37 21 31 59
2 52 22 45 361 389
54 69 60 47 420 449
40 65 15 68 180 209
1 1 7 22 2 29
25 6 23 31 31 59
34 17 14 25 540 569
14 82 18 60 392 419
60 33 61 6 540 569
17 22 40 26 451 479
23 93 17 71 510 539
71 40 75 63 451 479
9 43 7 19 272 299
21 96 46 98 571 599
45 18 45 46 240 269
30 38 39 19 570 599
81 40 95 26 240 269
74 12 74 38 512 539
37 78 23 92 480 509
45 20 69 17 331 359
70 31 61 13 151 179
55 83 33 78 541 569
2 30 22 23 361 389
14 30 37 34 61 89
54 59 31 55 211 239
67 21 67 48 481 509
36 61 60 59 362 389
99 63 80 56 512 539
80 62 80 36 572 599
51 24 63 38 122 149
58 43 56 68 271 299
80 62 55 59 450 479
10 25 15 2 180 209
38 85 34 62 571 599
5 48 7 73 391 419
38 29 23 41 151 179
36 69 47 52 240 269
12 68 13 41 510 539
6 12 19 27 90 119
61 31 84 36 450 479
46 69 57 53 151 179
1 1 3 26 2 29
91 96 66 94 391 419
34 9 21 22 62 89
22 86 4 78 272 299
8 22 25 33 30 59
49 47 66 36 150 179
54 50 50 28 572 599
2 48 10 68 210 239
0 1 19 10 1 29
25 13 50 15 481 509
53 70 58 48 511 539
48 67 37 83 511 539
78 31 82 9 122 149
13 23 17 46 541 569
28 31 34 10 511 539
33 31 31 6 481 509
94 9 86 29 180 209
86 67 61 69 391 419
38 66 41 91 150 179
9 84 29 76 480 509
44 62 65 55 270 299
11 3 23 18 61 89
17 44 23 22 540 569
24 55 40 66 151 179
9 24 29 16 240 269
66 52 81 65 210 239
9 89 11 63 330 359
4 68 15 84 421 449
36 27 33 3 511 539
25 21 3 26 241 269
28 26 22 48 90 119
5 51 21 62 61 89
29 37 16 24 272 299
14 6 30 18 270 299
8 26 31 30 541 569
16 64 0 75 361 389
51 36 51 9 151 179
50 16 40 33 181 209
11 20 27 31 31 59
69 69 43 68 541 569
73 15 79 37 210 239
87 68 72 56 571 599
52 81 73 74 480 509
96 51 84 35 300 329
36 69 25 52 300 329
20 20 10 36 332 359
79 4 56 0 391 419
16 16 14 40 32 59
22 18 49 19 450 479
26 19 51 17 91 119
11 61 22 44 150 179
45 64 46 90 211 239
0 1 24 5 1 29
43 29 40 5 241 269
10 50 36 51 61 89
0 1 13 16 1 29
89 16 62 15 360 389
22 44 46 47 181 209
43 55 67 51 150 179
28 58 15 44 361 389
49 29 40 10 450 479
43 41 43 13 210 239
40 37 37 61 91 119
49 16 70 22 151 179
88 34 61 35 570 599
19 21 44 24 150 179
3 11 12 29 121 149
38 33 54 45 360 389
86 48 65 41 450 479
65 40 70 17 480 509
77 61 89 76 541 569
79 61 58 67 481 509
41 25 68 26 330 359
35 58 21 71 271 299
58 77 33 79 331 359
20 0 26 22 390 419
35 32 61 31 91 119
15 49 0 61 121 149
54 26 54 54 150 179
54 55 37 66 180 209
30 30 10 22 510 539
69 61 61 41 450 479
36 28 43 48 181 209
24 38 38 26 152 179
12 28 30 19 121 149
43 11 40 35 121 149
34 70 15 78 301 329
76 32 59 42 181 209
77 57 93 68 361 389
10 40 17 19 210 239
47 84 31 95 511 539
19 19 25 40 181 209
34 48 19 37 152 179
73 91 55 81 330 359
2 28 0 54 30 59
67 49 85 40 181 209
65 39 65 12 541 569
64 33 63 60 360 389
61 23 44 33 481 509
67 64 82 52 451 479
48 34 32 45 181 209
39 71 17 65 510 539
36 30 10 31 421 449
24 23 31 43 331 359
56 21 65 39 331 359
44 33 54 15 360 389
29 48 11 57 211 239
5 64 4 91 300 329
37 46 49 31 91 119
23 17 50 16 90 119
36 34 14 40 150 179
15 30 32 40 391 419
50 43 46 67 120 149
28 26 47 33 152 179
95 40 75 32 540 569
23 40 23 12 180 209
1 1 0 27 2 29
12 2 9 26 181 209
26 1 42 13 300 329
22 7 9 21 31 59
10 44 5 67 390 419
75 72 57 63 391 419
65 95 75 77 450 479
7 20 20 33 62 89
42 47 42 20 451 479
71 25 66 48 210 239
52 44 39 31 392 419
32 70 26 92 150 179
5 11 23 2 61 89
44 32 52 51 481 509
55 18 63 37 511 539
72 50 75 75 570 599
15 21 22 0 450 479
1 1 13 16 2 29
14 18 2 2 270 299
25 69 19 91 210 239
40 72 44 49 181 209
13 24 6 45 120 149
29 87 34 64 450 479
26 40 2 43 181 209
23 32 31 13 151 179
80 26 74 48 390 419
36 21 52 32 271 299
79 31 95 41 512 539
63 40 38 38 151 179
9 24 27 34 360 389
28 30 54 28 90 119
4 26 30 27 61 89
28 20 42 6 210 239
43 55 40 31 241 269
65 42 49 30 420 449
44 8 45 35 450 479
61 53 57 77 510 539
17 21 6 36 392 419
25 99 31 77 450 479
18 75 20 50 151 179
34 54 44 72 90 119
38 46 64 44 270 299
23 66 46 62 271 299
56 80 48 99 421 449
55 60 38 49 480 509
10 25 10 52 211 239
69 51 75 73 450 479
7 22 7 50 60 89
85 71 87 45 450 479
32 65 31 92 120 149
26 34 48 40 450 479
37 77 62 75 421 449
89 33 83 12 361 389
63 59 59 36 541 569
90 14 72 24 510 539
57 64 69 79 511 539
60 57 77 46 540 569
35 12 41 34 180 209
51 35 44 16 332 359
74 97 48 95 420 449
34 31 60 29 540 569
23 35 17 14 121 149
93 71 72 76 392 419
45 36 63 46 480 509
19 26 42 29 362 389
49 48 37 64 240 269
25 38 9 49 271 299
25 9 13 25 390 419
38 12 59 7 92 119
70 7 59 23 571 599
16 15 2 2 151 179
0 1 24 5 1 29
27 34 41 48 120 149
3 24 17 11 31 59
46 47 43 71 151 179
22 19 23 45 91 119
55 94 59 70 300 329
74 58 99 56 361 389
23 33 49 32 61 89
16 59 31 47 151 179
27 27 31 4 61 89
6 49 16 66 91 119
26 27 39 14 62 89
62 66 85 62 541 569
8 31 1 51 451 479
40 40 39 66 301 329
1 1 8 21 2 29
35 75 19 86 241 269
62 16 44 26 390 419
1 2 3 26 3 29
69 56 90 63 240 269
62 74 52 92 450 479
76 27 87 11 571 599
11 40 24 25 300 329
32 20 47 31 572 599
11 12 23 28 540 569
0 24 10 7 181 209
14 13 37 9 91 119
0 2 20 9 2 29
98 22 87 6 241 269
41 66 26 78 331 359
45 54 37 34 360 389
1 1 18 11 2 29
28 49 26 25 122 149
21 47 41 55 330 359
79 52 58 59 480 509
40 19 36 43 120 149
26 52 6 45 121 149
26 71 15 87 331 359
80 93 94 81 302 329
35 76 18 66 391 419
22 7 30 26 31 59
24 10 28 33 481 509
56 24 53 0 181 209
25 7 15 24 181 209
0 55 17 66 540 569
27 79 7 87 390 419
33 46 50 35 180 209
37 49 46 68 150 179
57 14 66 32 211 239
0 1 15 14 1 29
55 70 73 61 511 539
40 45 23 35 151 179
24 36 47 32 181 209
53 20 69 31 331 359
68 29 83 16 240 269
37 80 23 93 511 539
1 44 20 53 480 509
96 80 81 92 481 509
89 7 93 31 270 299
62 83 51 66 360 389
4 23 13 5 31 59
18 26 29 43 90 119
45 29 23 35 510 539
68 62 58 45 421 449
64 25 91 24 360 389
26 13 50 17 60 89
18 49 43 47 271 299
88 21 81 41 271 299
96 48 78 57 301 329
49 12 74 14 391 419
11 40 23 55 331 359
1 1 4 25 2 29
27 33 21 11 390 419
30 42 25 20 181 209
15 59 26 76 270 299
4 8 10 30 90 119
43 46 43 72 482 509
57 56 42 44 331 359
41 43 56 55 361 389
56 54 39 43 390 419
88 32 72 43 541 569
24 38 20 62 510 539
30 82 33 58 481 509
45 14 69 10 60 89
6 8 19 23 270 299
16 5 13 30 540 569
25 2 6 10 31 59
66 12 54 28 570 599
19 35 38 27 61 89
38 26 52 12 90 119
45 33 68 30 212 239
97 91 82 78 450 479
17 3 23 24 61 89
33 25 43 42 181 209
25 56 9 44 240 269
35 7 54 16 450 479
74 23 78 47 300 329
21 61 5 49 90 119
75 75 68 55 361 389
18 38 20 63 541 569
39 44 42 69 420 449
46 22 52 44 150 179
12 18 26 4 30 59
13 17 20 38 30 59
91 34 89 8 240 269
68 74 49 67 572 599
29 94 16 79 300 329
0 19 6 41 60 89
41 62 55 76 360 389
76 51 86 34 571 599
46 59 31 46 540 569
16 42 16 15 181 209
13 14 34 20 31 59
41 12 50 30 211 239
89 90 64 93 480 509
14 34 32 25 61 89
15 43 27 59 390 419
40 6 39 32 481 509
9 61 5 84 361 389
42 48 38 25 541 569
36 17 20 7 62 89
18 10 8 28 30 59
24 8 24 35 481 509
32 10 57 7 450 479
39 13 40 40 90 119
66 61 69 37 451 479
58 13 33 15 211 239
42 7 50 26 151 179
88 69 69 61 571 599
0 2 4 25 2 29
33 24 26 43 302 329
30 17 18 2 151 179
2 42 24 47 361 389
16 83 30 96 451 479
0 1 14 15 1 29
16 40 14 66 210 239
41 38 44 15 242 269
45 10 60 22 451 479
59 36 82 40 331 359
64 47 43 54 120 149
34 59 23 43 151 179
34 82 39 61 452 479
13 7 38 9 61 89
4 79 15 63 571 599
1 46 18 56 91 119
39 86 28 70 571 599
79 49 86 69 541 569
17 11 27 29 30 59
8 59 28 51 420 449
44 69 23 74 542 569
21 55 32 71 121 149
16 90 36 82 270 299
86 52 86 24 390 419
34 53 16 44 91 119
23 36 37 22 240 269
69 42 80 57 482 509
67 26 72 49 360 389
33 54 34 28 331 359
15 54 35 62 480 509
28 24 20 5 541 569
44 72 48 95 421 449
3 20 1 45 151 179
8 29 6 4 91 119
12 77 28 88 511 539
53 18 49 40 482 509
32 35 53 42 480 509
7 37 13 58 301 329
31 45 10 38 510 539
45 9 45 36 61 89
42 36 36 15 121 149
74 33 94 39 482 509
9 53 15 75 270 299
52 57 71 49 271 299
57 25 50 4 570 599
60 23 67 44 540 569
66 12 81 24 421 449
62 23 41 17 511 539
38 78 17 71 330 359
72 3 70 29 120 149
71 11 80 29 481 509
45 63 48 40 332 359
13 6 38 3 60 89
25 94 19 73 271 299
2 1 11 20 60 89
48 30 53 7 330 359
1 68 9 88 300 329
67 53 42 52 512 539
60 20 64 44 330 359
6 37 32 35 420 449
25 58 37 73 211 239
30 9 49 0 120 149
35 24 23 8 120 149
37 38 13 34 180 209
49 66 50 40 271 299
0 1 6 23 1 29
63 16 45 7 91 119
72 53 67 76 300 329
12 34 22 51 61 89
71 52 91 44 360 389
18 70 38 62 570 599
77 53 74 77 421 449
75 75 95 81 452 479
59 51 66 71 121 149
82 94 63 87 512 539
46 14 30 3 421 449
0 1 26 3 1 29
35 97 55 90 241 269
51 90 44 70 391 419
24 31 45 24 300 329
20 36 15 59 90 119
5 39 6 12 210 239
45 54 33 69 271 299
27 93 14 79 361 389
27 25 36 44 510 539
38 40 17 34 181 209
22 5 46 8 31 59
61 94 76 82 511 539
9 62 20 46 511 539
15 40 24 59 120 149
64 31 75 16 182 209
37 95 44 75 421 449
77 56 77 30 422 449
59 87 75 98 481 509
66 53 74 33 420 449
55 90 36 81 540 569
25 2 11 15 31 59
15 73 42 72 330 359
36 75 15 69 391 419
31 82 8 87 360 389
19 35 22 11 481 509
35 23 35 50 121 149
77 31 54 26 450 479
10 18 22 33 121 149
54 2 38 12 92 119
36 16 58 22 150 179
31 46 22 64 271 299
47 62 40 83 420 449
11 16 5 37 31 59
60 41 64 18 151 179
64 83 84 90 391 419
70 25 61 6 360 389
46 61 67 55 271 299
20 4 16 28 150 179
56 30 60 53 361 389
35 30 31 7 271 299
76 45 72 68 571 599
57 33 35 27 330 359
29 97 53 94 481 509
55 1 52 24 212 239
39 43 14 40 150 179
69 43 76 23 541 569
36 13 43 33 151 179
11 62 36 64 91 119
66 31 57 13 211 239
23 58 47 61 331 359
45 20 52 41 120 149
14 28 30 39 541 569
7 52 27 59 331 359
36 33 21 46 300 329
60 6 83 2 121 149
1 81 25 78 121 149
65 37 79 51 450 479
95 57 73 63 390 419
62 88 39 83 510 539
1 27 6 48 32 59
19 10 1 0 300 329
43 45 45 20 301 329
3 25 16 40 30 59
15 41 24 59 61 89
19 16 15 39 271 299
51 30 27 33 91 119
36 16 55 7 90 119
0 2 2 27 2 29
44 28 44 56 210 239
91 35 95 12 301 329
34 40 43 59 450 479
55 82 78 77 360 389
1 27 15 13 30 59
50 42 74 38 210 239
5 5 1 29 390 419
87 91 69 82 541 569
36 29 59 33 211 239
9 30 32 25 360 389
10 62 33 57 510 539
38 13 52 1 62 89
25 35 33 54 61 89
39 46 32 66 91 119
3 26 12 44 31 59
14 41 16 15 180 209
31 56 47 45 91 119
59 57 62 33 241 269
8 25 28 18 91 119
11 6 32 13 420 449
43 40 25 31 91 119
57 98 71 84 480 509
57 84 55 60 482 509
22 19 47 21 151 179
8 52 22 38 570 599
2 29 16 16 31 59
26 23 39 38 420 449
89 22 77 37 211 239
15 38 11 14 120 149
46 47 43 72 480 509
20 11 20 39 240 269
52 40 73 34 241 269
28 31 30 6 331 359
26 51 39 37 271 299
1 1 14 15 2 29
46 6 24 1 61 89
40 53 66 51 480 509
71 71 91 77 272 299
69 57 47 63 390 419
10 21 26 32 31 59
69 71 43 73 570 599
22 5 20 30 31 59
17 7 1 17 92 119
65 31 49 43 570 599
22 8 2 14 92 119
65 25 66 51 181 209
84 52 89 74 541 569
37 60 53 71 451 479
60 9 79 0 120 149
62 30 58 54 330 359
72 75 68 97 482 509
13 29 27 17 572 599
43 66 27 54 480 509
13 41 10 18 152 179
30 55 26 78 331 359
15 12 26 28 31 59
34 98 21 85 272 299
8 8 26 17 61 89
89 65 73 76 481 509
24 14 43 22 121 149
0 3 13 16 3 29
47 7 51 29 212 239
14 18 17 42 121 149
25 75 41 65 572 599
99 47 94 24 330 359
1 1 4 25 2 29
0 1 17 12 1 29
46 54 24 48 390 419
75 49 86 32 450 479
27 26 34 46 511 539
35 74 51 63 271 299
18 32 10 14 212 239
31 25 7 22 61 89
10 59 16 81 420 449
45 39 19 37 330 359
16 73 42 72 511 539
18 12 45 13 30 59
75 29 66 11 541 569
31 94 11 86 540 569
55 93 52 69 181 209
52 70 77 73 210 239
26 65 20 43 420 449
68 59 93 62 480 509
0 1 1 28 1 29
35 24 51 12 60 89
98 68 86 53 361 389
45 2 40 24 451 479
28 9 10 18 271 299
70 34 84 48 450 479
25 23 49 26 181 209
54 64 31 59 390 419
76 43 58 33 540 569
15 12 9 34 120 149
1 1 7 22 2 29
51 95 58 74 510 539
24 13 3 6 120 149
95 89 83 73 330 359
70 23 69 49 271 299
0 2 2 27 2 29
72 45 99 46 300 329
28 78 41 93 210 239
2 1 22 7 3 29
44 53 43 79 451 479
26 93 22 69 540 569
8 22 28 30 30 59
86 23 70 35 420 449
32 14 45 0 421 449
25 4 5 11 31 59
58 47 62 24 451 479
2 41 23 35 211 239
7 22 17 39 211 239
49 15 50 40 392 419
58 5 82 1 480 509
34 39 17 49 211 239
4 24 26 18 30 59
79 1 77 26 301 329
57 22 65 41 271 299
25 46 30 68 151 179
41 41 54 27 181 209
28 41 46 51 180 209
28 20 41 34 481 509
17 68 29 83 571 599
75 18 87 33 331 359
22 25 1 32 540 569
46 36 58 52 510 539
21 66 37 77 451 479
48 30 75 31 390 419
36 21 62 22 571 599
30 47 15 60 240 269
17 41 40 46 150 179
50 36 59 55 210 239
74 46 60 32 510 539
23 13 26 37 121 149
26 56 44 47 301 329
20 10 14 32 30 59
4 24 14 42 30 59
17 13 41 9 210 239
21 6 3 15 31 59
18 17 8 35 60 89
50 78 73 81 152 179
0 53 2 27 60 89
12 71 0 56 511 539
80 22 59 28 301 329
14 45 37 41 271 299
43 28 70 27 300 329
7 34 4 9 60 89
21 61 15 83 150 179
38 69 58 76 511 539
19 51 19 24 181 209
50 14 62 29 481 509
33 58 6 57 540 569
4 38 13 56 421 449
50 56 50 83 181 209
86 87 92 66 331 359
50 34 28 40 450 479
90 21 96 42 571 599
40 41 25 29 91 119
35 13 58 18 390 419
37 33 17 25 90 119
39 65 30 83 241 269
50 38 71 45 150 179
49 32 28 38 451 479
42 27 57 14 180 209
75 94 75 68 362 389
67 49 83 60 241 269
87 65 69 56 361 389
9 37 33 33 390 419
66 96 42 93 361 389
14 50 40 48 570 599
31 74 33 48 360 389
32 29 49 39 511 539
22 65 16 87 540 569
6 83 16 66 391 419
40 6 39 33 510 539
26 98 4 93 421 449
16 31 8 49 62 89
41 46 62 53 120 149
64 43 88 39 120 149
61 87 44 98 570 599
22 50 49 51 90 119
34 85 54 93 300 329
36 30 14 25 121 149
36 48 51 59 92 119
22 56 8 43 361 389
42 36 63 29 150 179
6 51 27 57 451 479
36 45 52 57 300 329
42 73 33 54 300 329
45 96 62 86 451 479
19 51 42 55 421 449
53 0 56 24 331 359
59 49 74 37 541 569
38 33 64 31 540 569
16 28 12 52 450 479
37 33 46 52 390 419
25 41 23 15 210 239
21 29 38 39 421 449
25 67 17 86 481 509
19 36 1 26 360 389
0 27 18 18 451 479
64 81 57 61 271 299
19 67 45 66 181 209
21 9 41 2 61 89
75 76 75 50 542 569
78 86 74 63 301 329
80 69 62 61 362 389
63 62 71 81 391 419
32 32 13 23 90 119
88 94 83 73 452 479
38 66 54 77 301 329
93 14 77 2 360 389
2 11 19 20 122 149
24 25 45 19 91 119
28 34 37 51 512 539
64 16 58 37 541 569
59 42 84 40 331 359
62 87 85 83 571 599
67 51 78 67 421 449
80 42 84 19 241 269
13 60 7 82 480 509
39 31 26 45 121 149
70 29 49 35 331 359
12 77 1 93 571 599
24 37 29 59 451 479
31 87 53 91 572 599
73 54 96 58 451 479
43 10 44 35 62 89
23 5 23 33 90 119
81 55 56 53 481 509
49 68 33 56 300 329
52 47 59 67 451 479
19 67 27 86 421 449
20 5 17 29 151 179
34 37 32 12 391 419
47 49 45 23 270 299
16 61 42 59 360 389
28 90 5 93 572 599
80 68 62 77 361 389
36 55 45 38 302 329
35 16 35 43 211 239
23 46 22 20 391 419
21 35 0 29 61 89
9 48 19 30 60 89
13 14 39 15 31 59
15 77 38 72 330 359
24 71 13 86 122 149
47 28 21 30 300 329
89 95 93 71 570 599
69 54 91 59 511 539
30 31 35 52 542 569
0 1 8 20 331 359
68 68 74 47 481 509
28 50 18 68 210 239
14 40 0 53 61 89
2 1 12 17 3 29
51 53 42 70 152 179
6 76 27 69 90 119
77 40 50 41 300 329
61 31 86 33 481 509
45 68 29 80 180 209
77 62 69 82 360 389
35 12 32 37 240 269
9 71 36 70 270 299
82 72 59 76 541 569
27 53 42 41 541 569
19 8 43 5 31 59
64 43 68 67 360 389
26 80 3 84 361 389
3 43 19 33 452 479
15 70 37 65 271 299
21 10 46 12 511 539
17 28 41 31 571 599
46 45 47 71 151 179
26 27 53 28 240 269
2 29 2 2 31 59
52 94 40 78 510 539
5 81 17 96 241 269
30 27 8 21 120 149
9 22 35 21 151 179
35 20 33 46 180 209
38 86 13 88 301 329
64 14 41 19 210 239
25 35 33 54 61 89
44 49 17 48 240 269
21 9 46 12 90 119
44 16 68 20 570 599
0 2 8 21 2 29
59 42 69 60 420 449
18 13 13 35 31 59
92 64 68 60 510 539
17 72 14 47 360 389
44 30 30 44 210 239
5 43 15 59 572 599
42 9 49 30 180 209
41 24 42 50 271 299
73 64 57 75 451 479
15 72 41 74 360 389
59 58 48 43 422 449
68 34 83 47 570 599
14 45 22 27 62 89
32 24 36 47 61 89
8 62 6 36 270 299
59 9 64 30 272 299
15 74 14 47 300 329
52 61 50 86 451 479
48 87 56 67 180 209
72 6 90 16 390 419
8 1 7 28 120 149
32 54 40 73 241 269
73 27 73 54 481 509
72 40 68 64 390 419
20 62 39 70 481 509
55 29 73 37 452 479
50 28 50 55 181 209
16 23 41 26 60 89
68 54 53 41 450 479
41 11 54 25 481 509
3 79 8 57 301 329
29 22 24 44 151 179
23 88 11 72 480 509
47 91 29 82 421 449
61 40 52 59 420 449
12 15 13 41 31 59
10 34 8 59 61 89
93 29 70 24 330 359
15 65 37 59 330 359
42 22 58 10 510 539
70 59 71 85 451 479
37 10 57 2 120 149
87 45 66 39 481 509
55 22 32 27 480 509
52 60 75 63 152 179
14 17 28 30 31 59
55 69 44 86 570 599
1 43 17 32 121 149
33 23 16 33 61 89
14 32 15 57 92 119
14 55 35 50 122 149
42 78 69 77 570 599
44 81 57 96 480 509
1 26 5 3 571 599
24 70 0 67 121 149
50 42 29 37 452 479
7 43 8 18 152 179
26 91 26 64 271 299
83 47 59 51 570 599
26 16 2 13 181 209
47 78 64 89 240 269
62 76 58 99 241 269
56 54 57 80 481 509
46 25 72 26 451 479
0 1 5 24 1 29
24 4 37 19 30 59
26 46 15 63 150 179
40 73 60 65 480 509
19 8 21 33 31 59
6 46 5 20 541 569
99 60 79 67 331 359
52 69 57 46 540 569
58 97 40 88 271 299
70 45 57 31 331 359
65 31 73 50 241 269
47 43 25 37 270 299
32 15 6 14 451 479
14 15 7 35 31 59
44 15 40 39 360 389
72 43 53 34 480 509
74 37 93 29 151 179
13 42 35 36 120 149
55 64 70 52 391 419
50 34 75 37 510 539
75 38 73 64 540 569
0 1 3 26 1 29
26 44 50 40 570 599
20 10 34 24 30 59
48 1 66 10 211 239
43 68 43 40 180 209
29 66 39 84 480 509
56 25 61 48 360 389
45 40 62 50 91 119
13 36 35 30 60 89
86 50 83 26 241 269
40 16 28 31 61 89
19 50 10 69 240 269
18 11 13 33 31 59
12 15 1 31 31 59
11 31 11 58 301 329
26 35 0 34 391 419
66 93 77 77 451 479
72 28 82 45 421 449
8 87 16 68 331 359
28 48 26 22 210 239
48 31 33 44 300 329
68 65 47 59 331 359
41 75 22 67 541 569
19 65 29 82 421 449
43 5 56 19 301 329
36 63 44 44 451 479
36 31 55 23 91 119
13 88 3 71 331 359
17 32 30 47 180 209
24 36 30 57 61 89
41 49 54 34 570 599
73 13 70 37 541 569
36 61 58 56 391 419
20 38 19 65 270 299
59 65 54 86 512 539
18 12 35 23 30 59
22 28 23 54 361 389
50 28 28 33 181 209
32 54 29 29 510 539
54 45 41 31 451 479
71 80 86 93 420 449
17 30 37 37 211 239
14 16 15 43 30 59
48 42 48 70 570 599
3 4 9 25 331 359
58 42 33 40 121 149
20 34 21 61 90 119
77 30 81 54 180 209
0 2 7 22 2 29
85 43 90 66 450 479
17 44 35 35 571 599
40 26 14 27 301 329
1 1 13 16 2 29
36 63 55 54 120 149
89 16 75 2 120 149
76 23 82 44 211 239
82 39 75 18 360 389
47 37 52 14 390 419
91 70 72 78 511 539
35 45 15 37 330 359
75 72 61 86 540 569
58 76 74 88 510 539
58 61 81 57 511 539
1 1 12 17 2 29
61 49 72 32 570 599
4 4 13 22 541 569
55 89 78 93 301 329
46 31 35 48 120 149
87 44 61 42 540 569
67 78 74 99 420 449
10 20 22 36 30 59
1 30 17 41 31 59
17 20 13 44 120 149
2 1 23 6 3 29
39 39 36 64 390 419
2 73 5 98 300 329
26 10 50 12 452 479
39 57 45 79 330 359
86 5 81 27 511 539
18 80 9 99 210 239
12 37 38 36 211 239
5 57 30 60 570 599
49 1 51 27 330 359
54 32 55 58 541 569
30 41 47 51 91 119
37 4 47 22 120 149
37 65 31 43 150 179
17 39 11 60 61 89
66 92 71 70 421 449
33 59 38 37 361 389
55 49 53 75 570 599
60 58 42 68 390 419
53 33 74 26 150 179
31 75 52 70 452 479
33 60 53 68 120 149
52 92 27 91 512 539
2 46 29 47 90 119
79 95 53 96 481 509
22 28 30 48 210 239
43 78 49 56 540 569
4 23 14 40 31 59
68 40 92 37 421 449
5 7 22 17 121 149
40 12 60 4 270 299
7 37 15 57 570 599
9 22 34 25 240 269
26 40 46 48 510 539
87 52 69 61 211 239
13 64 4 82 271 299
7 50 13 30 122 149
2 8 17 21 90 119
35 2 23 18 60 89
48 83 53 61 391 419
32 7 21 24 360 389
80 89 80 61 420 449
27 60 44 71 420 449
78 53 99 47 571 599
38 12 64 14 510 539
46 63 20 61 300 329
35 74 38 49 360 389
3 15 29 14 61 89
20 77 40 85 540 569
7 47 7 20 421 449
9 3 3 24 61 89
74 2 66 21 301 329
83 43 89 22 241 269
25 2 35 19 31 59
66 45 92 46 571 599
4 83 2 58 271 299
14 60 38 63 121 149
16 72 38 66 270 299
5 22 12 2 31 59
19 77 19 51 332 359
15 78 19 55 211 239
10 44 6 21 181 209
45 20 43 46 420 449
23 35 37 48 61 89
0 26 15 39 30 59
65 56 83 46 540 569
36 52 20 41 541 569
79 67 62 57 541 569
0 1 14 15 1 29
39 25 35 48 481 509
17 44 5 58 62 89
1 1 1 28 2 29
10 43 0 26 151 179
0 1 4 25 1 29
20 24 45 25 92 119
11 57 26 70 150 179
22 21 48 19 60 89
45 37 27 47 270 299
26 48 39 62 301 329
19 44 10 63 480 509
39 44 17 49 571 599
52 49 41 65 511 539
54 24 31 28 181 209
65 20 84 12 511 539
8 87 17 68 240 269
8 9 18 27 420 449
78 73 78 99 542 569
66 32 69 56 181 209
88 41 67 35 151 179
13 16 38 18 31 59
30 75 5 77 511 539
16 26 42 25 241 269
16 69 39 74 420 449
1 1 14 15 2 29
76 73 62 86 391 419
84 36 63 43 210 239
27 26 21 4 180 209
49 54 47 79 211 239
26 44 45 53 330 359
60 54 60 26 390 419
16 38 23 18 361 389
22 17 9 31 391 419
76 42 54 37 361 389
5 51 18 66 150 179
33 59 28 36 510 539
10 12 7 36 61 89
26 29 10 17 360 389
48 70 29 61 330 359
62 22 42 30 270 299
73 32 55 23 451 479
46 10 23 6 61 89
64 37 62 63 540 569
11 35 34 39 361 389
0 1 27 2 1 29
44 21 53 38 182 209
38 87 20 78 511 539
78 60 96 68 572 599
0 56 4 80 150 179
63 84 64 57 300 329
5 92 28 88 451 479
0 1 27 2 1 29
34 46 32 72 90 119
39 1 59 8 421 449
1 53 12 69 481 509
22 66 20 40 570 599
59 18 68 0 211 239
31 31 26 53 241 269
36 19 60 15 60 89
0 1 22 7 1 29
24 79 41 69 211 239
12 19 4 39 60 89
4 40 9 17 90 119
18 4 43 7 90 119
71 87 46 85 481 509
85 58 69 70 540 569
0 30 12 46 210 239
26 51 29 76 240 269
29 58 53 55 451 479
61 49 54 70 390 419
5 49 29 53 90 119
19 60 4 47 360 389
14 22 19 0 181 209
61 7 46 20 570 599
10 62 36 63 241 269
82 45 94 29 240 269
40 20 48 39 241 269
74 88 48 90 270 299
39 54 43 77 571 599
8 49 4 25 120 149
79 63 96 52 270 299
57 44 64 24 331 359
73 53 94 48 512 539
28 49 11 58 122 149
57 47 41 35 570 599
56 71 44 55 180 209
23 28 38 39 122 149
21 26 44 21 300 329
17 95 37 87 270 299
54 33 56 59 360 389
14 89 20 68 331 359
7 35 19 21 152 179
12 86 10 60 390 419
6 79 7 52 240 269
52 13 61 31 271 299
65 63 65 36 241 269
64 23 38 25 240 269
78 38 56 32 570 599
72 13 71 38 422 449
42 48 26 59 241 269
59 57 65 36 421 449
6 7 21 20 60 89
30 26 9 33 90 119
15 11 15 39 90 119
12 24 7 1 270 299
26 2 52 3 61 89
41 49 26 62 150 179
38 17 30 35 122 149
55 36 46 17 240 269
57 12 74 1 240 269
23 7 23 35 30 59
38 30 15 35 90 119
37 24 54 14 211 239
39 92 62 87 480 509
30 34 19 17 150 179
40 41 48 60 391 419
52 35 40 20 511 539
90 62 97 82 421 449
10 21 13 45 31 59
70 63 64 84 391 419
14 13 10 36 31 59
60 5 76 17 300 329
35 31 22 16 90 119
23 17 14 35 121 149
15 71 26 55 421 449
13 13 16 37 361 389
25 9 10 22 90 119
43 41 35 60 241 269
59 52 67 32 120 149
28 35 29 62 540 569
50 75 76 74 391 419
6 13 3 38 240 269
51 80 53 54 480 509
47 71 61 84 421 449
61 85 34 86 450 479
44 89 34 72 331 359
31 37 36 58 332 359
58 73 39 82 540 569
81 53 86 75 301 329
22 31 8 18 331 359
5 81 18 96 330 359
99 43 81 34 481 509
8 35 19 19 91 119
57 56 57 83 451 479
35 88 39 64 360 389
52 54 71 62 241 269
48 16 66 26 390 419
42 24 41 51 390 419
73 51 96 46 270 299
34 23 37 47 211 239
1 1 3 26 2 29
82 74 95 89 330 359
46 72 39 91 452 479
54 61 42 46 511 539
22 29 37 16 60 89
17 5 30 20 210 239
38 56 34 33 421 449
3 54 17 40 60 89
46 29 44 4 451 479
58 78 80 83 541 569
14 17 23 35 31 59
24 34 48 37 61 89
39 73 28 90 570 599
11 5 25 17 332 359
5 10 19 24 60 89
9 7 25 17 152 179
23 18 49 19 91 119
34 30 39 8 241 269
3 51 18 39 241 269
39 33 46 12 150 179
33 80 40 59 360 389
5 22 28 26 211 239
82 72 67 85 510 539
37 57 44 78 510 539
70 67 79 85 271 299
14 12 22 31 181 209
73 75 98 73 481 509
24 29 7 38 542 569
39 15 53 2 301 329
0 1 15 14 1 29
64 32 71 52 301 329
25 54 32 34 451 479
0 2 20 9 2 29
42 14 63 21 210 239
9 48 5 25 451 479
52 36 59 16 181 209
15 69 2 84 390 419
72 20 92 13 121 149
86 33 62 29 300 329
8 24 2 44 332 359
51 5 42 23 361 389
53 30 56 53 362 389
0 37 21 31 391 419
30 88 37 67 210 239
0 1 26 3 1 29
85 41 99 55 210 239
39 20 59 12 120 149
30 32 16 18 150 179
12 3 29 13 91 119
74 49 74 77 420 449
1 60 5 37 151 179
11 16 38 15 60 89
46 49 65 41 391 419
14 48 18 71 481 509
0 2 4 25 2 29
0 1 18 11 1 29
91 38 71 45 211 239
71 13 58 28 90 119
52 34 66 48 330 359
46 3 29 14 60 89
46 9 35 24 182 209
1 1 26 3 2 29
0 1 5 24 1 29
1 9 27 8 421 449
55 13 47 32 241 269
65 99 40 97 481 509
2 32 9 53 510 539
10 54 27 64 541 569
29 98 50 91 360 389
85 16 75 34 240 269
21 6 42 12 31 59
31 62 17 76 480 509
68 85 75 65 331 359
28 44 25 69 390 419
41 43 59 33 90 119
32 69 59 68 480 509
58 10 53 33 570 599
74 70 76 95 421 449
43 82 55 98 540 569
0 1 13 16 1 29
68 69 73 92 300 329
24 71 1 74 122 149
17 41 42 38 90 119
90 83 81 65 271 299
2 27 18 16 31 59
74 72 74 98 392 419
73 14 89 3 451 479
32 12 15 22 181 209
67 15 71 38 241 269
0 1 0 29 1 29
28 56 28 29 121 149
45 59 20 61 361 389
3 31 27 35 90 119
65 25 91 26 421 449
17 60 24 39 480 509
42 60 27 47 210 239
34 93 15 86 242 269
69 52 69 78 302 329
86 28 86 1 361 389
65 87 41 91 570 599
33 29 8 27 301 329
0 1 17 12 1 29
69 16 57 32 360 389
12 18 35 23 30 59
0 2 13 16 2 29
71 41 57 55 510 539
70 36 75 13 570 599
75 95 75 68 481 509
21 87 45 91 210 239
52 35 33 26 240 269
53 57 29 61 510 539
91 23 80 40 390 419
31 35 33 61 90 119
23 37 4 45 541 569
33 72 10 67 480 509
27 88 40 74 451 479
51 68 38 83 240 269
11 29 23 14 541 569
42 19 30 35 480 509
16 17 3 2 300 329
54 48 38 37 361 389
18 85 17 58 360 389
13 53 25 39 392 419
81 50 97 38 480 509
51 51 61 34 181 209
4 38 15 22 61 89
4 41 20 30 571 599
46 73 62 62 271 299
51 39 43 19 270 299
24 13 45 19 91 119
68 32 45 28 361 389
34 38 24 20 390 419
24 58 24 30 90 119
0 1 18 11 1 29
77 5 51 4 541 569
32 28 52 36 210 239
19 19 42 23 181 209
55 54 58 29 420 449
47 22 55 41 211 239
28 2 4 4 452 479
75 46 49 48 240 269
1 29 7 7 30 59
62 45 79 56 540 569
13 43 16 18 150 179
22 60 25 36 181 209
74 25 77 50 420 449
22 19 15 39 211 239
42 53 49 73 391 419
48 70 67 62 541 569
68 82 81 67 330 359
2 20 1 45 452 479
74 97 96 92 451 479
60 68 50 51 301 329
8 47 21 62 120 149
0 2 16 13 2 29
47 32 47 4 180 209
52 85 70 76 451 479
24 34 11 48 421 449
27 20 5 15 331 359
35 81 12 85 241 269
45 81 24 87 361 389
0 2 5 24 2 29
3 9 15 23 152 179
36 9 20 21 180 209
83 12 82 39 420 449
40 38 61 44 121 149
1 24 25 27 391 419
47 63 35 79 210 239
74 12 70 35 421 449
10 19 36 20 31 59
47 39 57 57 570 599
24 23 2 27 62 89
90 53 68 58 451 479
30 31 49 23 91 119
47 75 31 86 301 329
67 58 72 81 360 389
31 41 7 44 241 269
71 81 81 63 390 419
85 21 71 8 541 569
23 54 31 35 511 539
16 7 10 29 60 89
96 74 96 46 570 599
97 25 76 19 301 329
66 62 63 39 572 599
37 17 43 39 210 239
48 59 71 54 480 509
57 68 63 47 331 359
0 2 1 28 2 29
17 54 6 38 91 119
9 23 34 25 121 149
54 28 42 43 421 449
26 18 6 11 61 89
38 51 31 31 391 419
26 46 33 66 241 269
96 57 98 31 480 509
73 36 52 31 182 209
16 11 33 21 31 59
93 38 77 26 360 389
24 38 49 36 301 329
40 84 52 68 270 299
48 48 40 30 212 239
65 42 85 50 300 329
8 42 21 57 390 419
28 29 52 33 60 89
0 20 22 15 301 329
78 72 64 85 421 449
66 24 59 45 510 539
60 64 73 79 510 539
11 19 30 28 90 119
29 74 48 82 451 479
80 22 86 43 421 449
31 61 19 76 541 569
52 48 55 25 512 539
31 28 39 10 182 209
9 19 32 15 361 389
62 42 77 31 152 179
62 93 89 94 540 569
59 51 39 43 150 179
8 57 0 38 331 359
7 23 17 5 30 59
19 11 9 29 30 59
75 15 85 31 392 419
66 30 48 39 181 209
1 2 3 26 3 29
0 1 10 19 1 29
6 49 31 48 482 509
6 18 11 41 270 299
41 29 19 34 541 569
37 63 39 38 421 449
24 22 2 17 421 449
6 50 7 24 61 89
36 60 25 43 270 299
29 37 25 13 90 119
69 81 79 63 390 419
11 71 23 56 481 509
22 37 16 15 60 89
34 80 47 66 421 449
2 1 25 4 3 29
21 80 2 72 271 299
39 18 13 20 300 329
47 26 57 42 362 389
69 21 88 29 541 569
74 37 55 46 540 569
35 41 49 54 181 209
28 19 33 42 360 389
34 67 45 82 362 389
65 88 52 74 271 299
51 26 71 19 91 119
47 13 54 33 61 89
27 38 10 48 331 359
47 59 50 35 421 449
7 59 14 40 572 599
52 7 52 35 480 509
53 24 44 43 300 329
6 44 28 49 121 149
22 6 16 28 90 119
71 36 54 26 331 359
28 15 16 30 91 119
0 1 20 9 1 29
66 93 76 75 420 449
9 78 24 91 420 449
73 60 64 41 540 569
14 52 29 40 241 269
18 12 27 31 270 299
22 5 7 17 211 239
88 31 67 37 571 599
4 23 8 46 31 59
81 42 56 45 540 569
56 47 47 65 571 599
0 1 11 18 1 29
27 30 37 47 331 359
20 54 13 34 241 269
25 38 33 19 451 479
6 37 26 29 120 149
25 30 20 8 151 179
20 7 45 10 180 209
71 47 57 33 150 179
34 18 53 27 210 239
61 22 87 23 271 299
87 24 62 27 300 329
0 44 16 54 152 179
0 1 4 25 1 29
55 75 43 89 332 359
21 47 25 24 541 569
36 44 37 18 181 209
69 6 90 13 480 509
82 30 57 32 541 569
72 23 86 37 540 569
81 79 71 96 481 509
54 35 54 8 91 119
23 46 38 57 542 569
11 45 6 23 241 269
25 30 52 31 60 89
15 3 17 29 210 239
1 1 5 24 2 29
57 77 65 97 450 479
14 34 11 10 421 449
11 43 25 29 570 599
8 20 30 26 30 59
61 46 40 41 362 389
75 31 69 53 570 599
59 48 38 54 571 599
6 21 17 5 31 59
59 24 46 37 482 509
55 71 75 79 510 539
29 92 18 76 271 299
32 2 43 18 241 269
41 73 54 88 270 299
64 50 81 39 210 239
53 52 33 60 480 509
32 44 13 53 210 239
41 70 20 63 240 269
84 49 73 66 480 509
0 33 15 20 420 449
47 30 23 27 91 119
32 28 27 6 181 209
83 36 83 9 211 239
63 68 61 43 271 299
66 19 42 16 271 299
45 22 53 42 360 389
8 19 17 37 31 59
58 54 81 49 450 479
48 45 35 31 391 419
89 21 67 25 332 359
1 1 7 22 2 29
47 31 34 17 181 209
42 36 33 17 150 179
40 85 28 70 571 599
44 55 63 62 542 569
0 2 20 9 2 29
89 89 67 84 361 389
31 18 43 3 91 119
16 92 21 70 361 389
84 20 68 32 270 299
33 36 16 25 360 389
64 30 84 37 181 209
41 52 34 32 211 239
41 59 21 67 270 299
23 6 46 2 31 59
53 19 59 40 301 329
58 39 60 64 331 359
10 19 34 16 31 59
80 78 59 71 390 419
42 33 66 36 511 539
30 42 42 26 450 479
82 2 58 6 510 539
21 35 4 24 330 359
48 15 51 39 571 599
67 46 82 34 451 479
15 40 26 57 180 209
25 6 15 23 31 59
17 23 35 15 212 239
8 18 27 26 481 509
15 19 11 42 301 329
57 31 80 36 150 179
40 39 33 19 391 419
79 50 57 55 271 299
62 34 51 51 270 299
15 38 15 66 300 329
15 86 35 78 360 389
1 1 20 9 2 29
66 68 73 49 152 179
73 17 46 16 390 419
15 20 6 37 122 149
20 60 1 51 330 359
35 25 24 40 332 359
43 40 45 65 211 239
38 4 60 10 90 119
13 17 1 31 332 359
83 13 63 21 390 419
0 25 7 46 60 89
82 75 65 84 362 389
61 32 37 28 480 509
55 21 36 13 121 149
82 60 81 35 452 479
12 18 5 39 30 59
34 39 16 29 420 449
28 74 16 89 241 269
66 22 50 10 450 479
59 28 59 55 391 419
24 26 26 51 121 149
39 33 50 17 241 269
81 80 81 53 451 479
41 62 39 87 451 479
62 30 39 34 121 149
45 3 25 10 61 89
39 89 62 92 512 539
9 60 29 67 451 479
17 51 15 25 90 119
12 43 24 27 60 89
76 1 94 10 151 179
29 62 14 49 540 569
75 70 49 69 511 539
24 6 15 25 30 59
28 7 43 19 151 179
23 46 38 35 182 209
37 15 11 13 150 179
57 3 65 22 241 269
1 27 22 20 30 59
3 53 24 59 61 89
76 62 99 58 541 569
43 49 44 76 210 239
51 64 66 52 391 419
39 55 48 73 181 209
31 84 17 98 300 329
12 25 15 0 360 389
44 73 46 47 120 149
88 73 65 69 571 599
48 41 74 42 391 419
57 30 48 48 391 419
13 16 30 26 31 59
30 14 29 40 301 329
47 41 72 39 361 389
39 17 20 8 390 419
27 1 45 11 30 59
33 39 26 60 210 239
33 19 21 34 61 89
65 41 54 58 390 419
39 34 15 30 540 569
52 44 49 19 510 539
42 92 51 74 241 269
80 61 63 72 540 569
25 63 10 76 210 239
39 60 55 49 331 359
27 22 1 21 451 479
2 20 19 10 481 509
44 59 27 48 240 269
54 17 60 37 122 149
31 31 42 48 570 599
26 43 7 51 451 479
9 9 3 30 61 89
27 30 32 53 60 89
1 1 19 10 2 29
0 2 17 12 2 29
67 33 48 24 150 179
12 34 12 61 181 209
37 57 54 48 392 419
66 62 84 53 241 269
57 53 35 48 361 389
60 56 37 60 301 329
9 43 3 22 541 569
65 42 86 49 420 449
49 18 27 13 391 419
38 22 44 1 61 89
50 52 57 32 301 329
43 34 36 55 480 509
16 12 12 36 30 59
11 65 36 68 390 419
52 53 40 37 540 569
36 26 30 6 572 599
33 67 7 69 270 299
22 8 17 31 30 59
12 25 2 42 91 119
26 62 7 69 272 299
17 34 14 10 151 179
46 70 28 79 181 209
38 63 44 43 302 329
39 32 39 5 151 179
16 38 41 41 270 299
37 9 45 28 181 209
36 11 63 12 120 149
17 37 38 31 61 89
10 79 26 91 300 329
23 35 46 31 421 449
29 17 5 20 301 329
51 48 75 45 571 599
31 19 16 6 510 539
0 1 18 11 1 29
37 49 55 40 241 269
42 56 39 80 361 389
31 66 55 62 420 449
60 34 77 24 421 449
35 20 24 37 360 389
15 29 33 20 121 149
62 32 70 51 361 389
16 43 33 54 60 89
58 41 82 44 211 239
7 8 19 24 60 89
5 6 24 14 91 119
14 62 17 87 570 599
63 30 86 26 331 359
42 37 62 29 300 329
52 79 65 93 391 419
33 66 50 77 420 449
50 79 57 99 451 479
18 10 16 36 30 59
73 78 96 73 540 569
28 65 41 79 571 599
30 52 9 45 510 539
14 39 6 19 180 209
19 10 45 11 31 59
39 60 37 86 480 509
66 41 80 28 511 539
32 35 5 34 120 149
1 1 16 13 2 29
58 25 55 50 540 569
71 60 62 78 211 239
35 38 61 39 391 419
45 23 34 7 121 149
25 38 48 42 391 419
56 76 63 56 241 269
49 53 25 50 301 329
23 33 24 60 90 119
22 11 9 25 211 239
32 47 51 55 211 239
15 27 42 28 150 179
5 28 11 7 211 239
65 57 83 48 361 389
59 6 33 5 451 479
1 1 5 24 2 29
10 70 23 85 270 299
21 56 41 64 420 449
56 71 82 73 480 509
23 47 17 26 121 149
60 92 47 77 270 299
43 24 22 29 302 329
54 33 64 51 180 209
1 1 23 6 2 29
0 1 16 13 1 29
10 46 11 73 570 599
40 32 59 24 301 329
24 6 12 20 32 59
47 32 62 44 331 359
37 9 14 5 241 269
83 25 95 41 270 299
1 31 23 37 570 599
50 29 44 9 422 449
27 45 42 33 301 329
66 41 75 59 331 359
53 29 48 52 270 299
12 19 5 39 31 59
4 27 4 54 31 59
40 35 50 19 122 149
38 79 53 92 360 389
1 1 24 5 2 29
35 85 11 88 181 209
43 73 63 65 510 539
58 24 37 18 181 209
0 1 0 29 1 29
22 24 15 4 61 89
22 74 49 75 570 599
36 40 22 52 152 179
88 48 74 34 450 479
78 72 56 67 241 269
38 37 64 36 391 419
41 57 43 82 181 209
41 34 55 47 511 539
56 26 42 13 181 209
69 87 50 96 570 599
16 15 27 31 151 179
22 9 7 21 31 59
6 34 31 32 241 269
86 80 78 60 510 539
15 65 26 81 121 149
88 89 82 67 540 569
24 80 36 96 210 239
32 8 48 19 361 389
4 24 27 19 30 59
39 9 39 37 90 119
29 25 27 51 510 539
17 30 20 5 240 269
81 42 85 66 360 389
69 86 92 82 571 599
38 75 47 94 540 569
13 66 17 43 511 539
64 20 68 43 421 449
69 56 82 70 511 539
77 11 52 8 450 479
25 30 35 13 331 359
0 1 16 13 1 29
6 27 16 10 331 359
22 44 37 57 390 419
18 87 19 61 331 359
38 40 47 21 450 479
56 56 75 48 481 509
36 33 30 12 391 419
41 67 38 91 541 569
15 22 40 20 91 119
90 79 65 80 422 449
37 60 22 73 540 569
64 86 47 95 392 419
94 23 73 16 480 509
57 85 43 98 481 509
31 70 49 79 391 419
63 88 55 68 540 569
34 14 47 29 330 359
9 97 16 77 181 209
28 98 14 85 541 569
18 68 39 75 390 419
45 36 71 34 300 329
46 62 28 72 570 599
49 40 68 47 422 449
3 26 24 20 91 119
24 18 9 30 121 149
13 41 40 40 150 179
76 18 52 14 330 359
80 38 79 64 241 269
45 35 20 37 241 269
7 51 20 37 61 89
19 66 3 54 300 329
2 53 17 65 331 359
35 65 60 66 272 299
1 76 17 65 391 419
9 39 4 17 61 89
79 32 66 17 240 269
53 70 68 83 480 509
68 84 80 68 510 539
62 48 68 70 270 299
62 59 88 58 571 599
0 1 1 28 1 29
41 83 61 76 421 449
0 1 9 20 1 29
20 25 40 32 91 119
34 61 40 83 540 569
26 63 2 59 300 329
34 41 41 21 151 179
41 32 40 58 91 119
7 12 24 23 60 89
65 35 50 22 270 299
83 11 58 9 541 569
27 89 42 77 541 569
56 90 57 63 450 479
6 65 25 57 211 239
24 35 49 37 511 539
26 23 0 24 151 179
0 1 9 20 1 29
22 21 35 6 420 449
58 5 75 15 511 539
30 34 16 46 212 239
80 8 65 20 361 389
17 17 40 14 92 119
35 68 53 78 540 569
53 46 41 32 422 449
15 12 15 39 31 59
28 50 45 39 150 179
53 4 35 12 362 389
9 31 34 29 61 89
12 37 36 41 480 509
41 91 57 80 361 389
14 70 7 50 301 329
41 28 66 30 91 119
42 57 45 81 451 479
51 42 41 58 122 149
38 77 38 51 302 329
44 70 53 51 450 479
46 27 24 32 271 299
31 35 18 50 390 419
28 41 48 33 480 509
6 47 26 54 151 179
0 27 21 33 31 59
63 22 45 12 240 269
4 43 1 18 60 89
57 53 36 47 541 569
33 9 34 35 481 509
27 47 41 35 152 179
38 8 26 23 421 449
65 35 53 50 181 209
54 68 69 56 181 209
41 34 41 62 180 209
80 37 59 43 391 419
43 21 36 42 150 179
40 80 26 92 512 539
81 86 73 66 360 389
27 55 30 31 481 509
7 79 23 67 570 599
4 57 0 80 91 119
46 48 51 69 212 239
16 60 36 52 270 299
16 60 40 56 510 539
8 82 31 78 181 209
25 5 16 24 30 59
84 54 60 58 270 299
77 67 86 48 330 359
31 20 36 42 91 119
74 58 90 47 361 389
42 20 47 42 181 209
35 37 35 64 481 509
21 46 41 54 180 209
86 60 72 46 270 299
62 36 37 37 152 179
22 12 1 18 421 449
42 44 65 40 361 389
41 59 55 46 421 449
8 40 22 53 61 89
0 1 8 21 1 29
37 32 41 8 120 149
47 36 46 10 151 179
18 10 34 21 61 89
34 53 16 62 331 359
61 33 49 48 301 329
59 98 43 87 331 359
99 83 88 99 541 569
38 68 56 78 390 419
93 28 82 45 180 209
23 30 17 52 300 329
42 12 46 36 330 359
41 45 18 49 541 569
55 45 60 68 570 599
31 33 51 25 270 299
56 1 73 12 420 449
1 1 11 18 2 29
35 14 20 1 360 389
17 10 8 29 60 89
22 68 41 76 541 569
14 35 14 7 240 269
81 35 95 21 510 539
11 31 25 44 121 149
38 88 17 81 450 479
46 11 45 38 540 569
0 2 18 11 2 29
83 24 89 45 511 539
1 18 12 1 60 89
26 34 32 55 481 509
44 18 52 37 301 329
34 63 61 64 480 509
45 24 59 12 302 329
31 72 27 95 331 359
33 16 44 33 240 269
60 59 75 46 240 269
46 62 44 87 301 329
14 45 35 39 391 419
46 16 43 39 272 299
50 50 36 64 330 359
57 27 57 0 481 509
33 82 37 59 511 539
21 75 20 48 570 599
74 61 81 41 331 359
27 97 18 79 181 209
37 21 43 42 61 89
85 61 88 86 570 599
3 40 25 35 271 299
9 32 33 28 420 449
29 42 17 57 331 359
68 78 51 68 541 569
28 29 27 2 60 89
18 12 7 29 30 59
19 60 4 48 391 419
33 42 40 61 422 449
31 47 38 67 361 389
88 68 88 96 570 599
43 55 48 32 270 299
73 33 77 10 421 449
93 49 94 23 541 569
24 38 19 16 361 389
15 28 3 43 271 299
68 44 58 26 510 539
37 63 19 55 212 239
80 67 74 89 240 269
56 65 60 88 211 239
69 12 69 39 451 479
19 36 2 47 60 89
51 18 47 42 240 269
23 58 22 32 211 239
37 82 42 59 420 449
43 10 55 25 151 179
1 1 18 11 2 29
36 50 24 64 572 599
26 33 34 53 60 89
17 7 41 10 181 209
35 67 58 64 512 539
52 27 37 40 180 209
6 56 16 74 510 539
10 19 27 29 391 419
19 84 16 59 240 269
13 16 32 8 451 479
41 43 43 69 510 539
0 79 19 86 302 329
26 43 51 45 91 119
41 14 43 39 571 599
0 1 22 7 1 29
30 90 9 83 450 479
4 26 18 12 30 59
65 22 74 40 331 359
0 1 10 19 1 29
29 25 9 33 150 179
10 34 32 29 181 209
84 71 79 93 451 479
14 46 24 64 390 419
32 25 12 32 271 299
44 45 33 29 271 299
45 13 71 14 61 89
49 33 75 34 421 449
0 3 16 13 3 29
34 57 25 76 420 449
33 26 31 1 91 119
54 38 30 42 390 419
25 55 48 58 512 539
26 25 49 29 391 419
48 71 48 43 360 389
73 66 78 88 571 599
10 56 33 60 121 149
49 11 51 37 150 179
54 6 30 8 92 119
78 56 58 64 210 239
10 40 14 63 541 569
73 62 96 67 420 449
45 18 35 2 182 209
80 59 86 80 391 419
48 28 23 31 270 299
39 31 22 20 390 419
27 7 51 3 210 239
2 1 4 25 3 29
21 92 31 75 331 359
1 30 9 11 31 59
87 42 89 67 271 299
65 24 67 50 480 509
2 24 10 42 32 59
23 32 10 19 182 209
25 28 23 2 60 89
91 12 68 16 151 179
89 48 68 42 391 419
17 38 24 19 62 89
23 34 11 19 91 119
11 17 13 42 121 149
42 57 37 79 391 419
68 42 56 26 450 479
67 83 43 87 390 419
5 36 21 48 180 209
13 66 38 67 122 149
42 0 18 3 301 329
18 4 41 9 330 359
0 1 12 17 1 29
84 34 81 9 330 359
64 37 79 24 420 449
34 98 33 71 510 539
22 34 45 39 390 419
79 24 93 37 511 539
49 65 65 54 121 149
67 43 53 57 150 179
68 1 48 9 240 269
34 22 21 7 150 179
22 49 0 55 120 149
35 80 55 72 480 509
69 23 43 21 450 479
22 33 2 41 60 89
44 29 22 24 271 299
59 16 37 22 180 209
35 21 12 25 241 269
25 23 40 35 241 269
5 25 16 42 30 59
38 6 58 14 210 239
39 62 23 51 451 479
82 39 73 56 422 449
12 16 39 15 30 59
77 22 93 11 451 479
0 1 2 27 1 29
31 29 9 24 121 149
51 57 51 31 572 599
16 70 38 74 272 299
5 23 16 6 30 59
37 58 42 35 360 389
61 8 80 0 451 479
45 4 38 24 91 119
39 65 32 45 121 149
83 17 84 43 301 329
29 38 7 43 91 119
30 34 41 50 541 569
53 1 57 24 241 269
19 52 14 30 511 539
31 60 21 78 420 449
68 30 57 46 301 329
34 22 23 6 61 89
30 89 13 78 540 569
37 1 49 15 152 179
66 24 85 15 330 359
1 1 6 23 2 29
52 72 45 53 392 419
53 8 76 11 542 569
55 31 43 15 90 119
21 11 40 2 330 359
20 11 14 32 31 59
0 39 7 18 360 389
19 31 36 41 541 569
3 18 16 5 122 149
26 12 32 34 510 539
45 60 57 75 211 239
65 50 75 68 300 329
15 83 29 95 272 299
55 9 56 36 270 299
35 5 23 20 241 269
38 31 37 57 331 359
40 41 47 20 180 209
66 5 69 29 511 539
48 31 52 55 240 269
81 59 79 34 541 569
18 61 39 54 420 449
26 73 6 67 182 209
3 9 27 13 570 599
48 29 50 54 211 239
49 52 60 35 120 149
27 6 14 20 451 479
36 15 37 42 120 149
4 30 11 9 390 419
68 39 86 48 211 239
1 75 19 65 150 179
59 77 55 53 570 599
28 48 44 60 210 239
39 64 41 89 331 359
14 13 0 26 31 59
22 35 44 40 151 179
4 90 15 73 330 359
62 33 62 7 362 389
1 1 12 17 2 29
45 12 24 6 451 479
25 51 8 61 241 269
17 66 39 72 540 569
92 30 80 45 301 329
50 69 70 77 240 269
28 24 42 37 121 149
36 81 13 86 300 329
45 47 68 43 481 509
3 5 14 21 481 509
13 14 26 29 120 149
63 54 36 55 480 509
57 31 70 16 510 539
9 98 30 91 240 269
37 54 54 44 511 539
48 27 61 41 451 479
24 1 38 14 91 119
44 6 48 29 61 89
45 6 52 27 120 149
42 27 54 43 480 509
50 6 40 24 450 479
50 41 26 38 511 539
14 47 36 42 511 539
30 55 32 81 240 269
95 61 79 73 390 419
24 61 10 47 540 569
18 77 33 89 211 239
44 77 34 95 240 269
63 44 44 53 240 269
11 46 25 33 451 479
25 42 11 55 91 119
55 99 46 80 570 599
20 72 8 88 210 239
3 25 10 4 30 59
46 18 23 22 121 149
16 31 34 21 240 269
18 72 21 48 301 329
32 71 22 89 120 149
26 30 35 11 150 179
45 29 72 30 390 419
36 42 36 68 212 239
19 37 40 43 61 89
15 24 5 41 91 119
22 18 42 10 150 179
36 44 26 62 270 299
44 80 65 86 541 569
15 16 13 41 31 59
68 58 70 33 241 269
26 26 21 48 241 269
74 71 70 94 271 299
4 23 15 7 31 59
0 1 2 27 1 29
60 54 64 31 181 209
54 57 28 59 360 389
4 25 13 44 360 389
57 79 71 93 390 419
42 59 52 41 540 569
49 52 72 49 542 569
36 50 49 63 92 119
76 39 82 61 540 569
16 26 8 45 121 149
23 50 23 24 422 449
3 31 13 48 481 509
10 4 35 7 210 239
34 15 14 22 511 539
0 1 14 15 1 29
38 65 52 78 271 299
2 1 1 26 3 29
49 96 36 82 451 479
13 44 11 20 62 89
77 24 71 46 120 149
47 60 39 40 360 389
42 38 28 52 150 179
40 31 64 28 151 179
59 32 71 16 120 149
39 74 20 65 420 449
13 17 36 12 30 59
20 10 45 12 421 449
75 35 72 10 450 479
57 68 63 89 271 299
35 49 30 72 150 179
52 43 65 57 571 599
55 59 40 46 570 599
42 58 49 39 392 419
40 99 41 73 511 539
68 81 46 86 571 599
60 72 75 84 421 449
35 23 46 40 390 419
37 25 58 18 450 479
24 27 51 26 60 89
37 66 64 67 240 269
40 50 13 49 330 359
49 27 53 50 421 449
16 23 11 0 300 329
7 70 30 65 300 329
92 64 80 79 361 389
44 76 63 85 450 479
23 86 47 90 300 329
75 26 79 48 242 269
71 47 66 25 301 329
25 15 32 35 301 329
11 47 11 20 121 149
44 18 37 39 570 599
6 51 28 56 271 299
32 45 38 24 571 599
42 22 39 46 541 569
27 7 24 30 152 179
0 1 21 8 1 29
21 9 2 18 30 59
1 17 18 27 61 89
18 34 17 8 181 209
19 11 7 27 510 539
40 2 31 20 61 89
59 34 55 10 240 269
22 9 39 19 31 59
16 51 38 47 182 209
16 15 9 35 31 59
78 48 75 73 330 359
77 97 56 91 421 449
24 65 39 52 420 449
62 37 52 19 300 329
26 80 48 86 150 179
34 41 27 21 451 479
68 77 72 55 482 509
15 35 13 9 510 539
14 10 30 21 541 569
37 55 19 46 241 269
74 42 66 23 481 509
22 1 3 10 540 569
55 27 53 2 181 209
2 1 12 17 3 29
34 20 26 0 270 299
65 11 88 16 570 599
5 4 15 20 62 89
1 40 16 53 60 89
73 31 62 47 241 269
3 20 27 18 302 329
52 39 60 58 391 419
83 19 93 37 330 359
6 48 31 46 181 209
36 67 28 47 180 209
40 19 59 10 540 569
97 81 72 78 450 479
71 95 76 72 510 539
40 36 37 61 570 599
31 42 46 55 360 389
33 76 44 92 571 599
36 9 43 29 331 359
73 15 46 16 510 539
25 26 31 48 420 449
38 9 54 20 271 299
89 62 97 81 271 299
32 80 5 79 270 299
26 37 24 11 180 209
40 6 64 10 210 239
28 87 45 76 480 509
18 95 18 67 360 389
21 11 27 32 301 329
16 91 33 81 211 239
37 46 31 68 360 389
32 52 53 46 121 149
19 24 14 47 300 329
15 65 9 45 212 239
59 50 86 51 180 209
11 67 35 69 512 539
27 81 38 66 212 239
57 42 81 39 511 539
13 75 20 56 92 119
76 84 52 80 450 479
52 33 74 28 151 179
23 25 48 28 450 479
0 1 4 25 1 29
34 27 59 29 151 179
61 45 48 31 361 389
4 23 13 5 31 59
41 74 20 80 571 599
7 42 13 62 242 269
34 9 33 35 91 119
4 48 26 43 541 569
22 16 30 36 330 359
4 23 14 40 31 59
42 26 22 19 421 449
63 47 87 43 510 539
31 23 43 7 270 299
67 47 45 52 421 449
37 76 33 52 540 569
33 54 47 67 571 599
1 1 22 7 2 29
55 8 54 34 391 419
52 77 78 78 571 599
2 42 29 41 90 119
43 24 67 21 391 419
81 16 62 7 420 449
0 2 2 27 2 29
35 22 35 50 60 89
15 34 12 11 302 329
50 40 66 28 330 359
86 27 64 32 211 239
90 51 79 67 331 359
18 20 25 40 241 269
10 48 14 25 241 269
18 1 18 28 211 239
17 27 36 18 150 179
58 30 52 8 150 179
15 84 23 64 180 209
49 62 49 34 420 449
62 76 38 80 330 359
41 67 54 53 421 449
0 65 8 84 151 179
23 2 13 20 60 89
39 79 64 81 541 569
14 88 33 81 572 599
24 84 9 72 301 329
53 39 30 43 421 449
12 16 28 4 150 179
8 21 6 46 31 59
15 70 36 77 480 509
58 38 68 21 301 329
86 30 67 38 481 509
25 23 33 43 150 179
76 25 61 37 391 419
17 31 43 33 450 479
8 88 8 60 390 419
1 1 12 17 2 29
16 35 41 37 391 419
20 23 0 15 360 389
67 56 51 45 391 419
2 29 22 22 31 59
21 33 36 46 90 119
13 42 2 25 300 329
23 50 2 57 480 509
6 19 30 22 451 479
26 94 27 67 570 599
94 82 80 95 481 509
11 34 37 32 120 149
13 42 38 45 60 89
49 36 43 14 540 569
14 65 36 60 271 299
7 76 7 49 331 359
19 38 17 12 180 209
42 16 27 28 61 89
49 49 46 73 421 449
20 8 20 36 30 59
0 1 12 17 1 29
20 10 46 8 30 59
84 64 84 37 301 329
30 69 28 44 571 599
1 1 6 23 2 29
26 27 52 28 151 179
30 40 53 44 181 209
42 24 16 26 210 239
10 16 9 42 301 329
54 95 29 97 331 359
0 1 16 13 1 29
38 17 14 13 240 269
34 47 25 28 240 269
47 31 67 39 270 299
24 15 36 31 240 269
12 19 38 20 31 59
88 2 78 19 481 509
53 26 80 25 240 269
9 29 27 38 61 89
3 48 19 37 91 119
37 7 29 26 121 149
67 40 60 60 211 239
44 80 34 63 481 509
11 59 3 79 330 359
53 45 30 40 150 179
26 75 48 69 300 329
8 21 4 44 31 59
67 49 79 33 510 539
15 36 8 15 120 149
9 16 26 26 151 179
27 4 21 25 91 119
21 36 18 11 240 269
6 48 11 26 61 89
35 49 20 62 510 539
22 44 6 32 210 239
20 4 17 29 270 299
42 74 39 98 361 389
26 90 47 83 330 359
56 7 37 14 122 149
62 44 60 19 301 329
51 18 25 16 120 149
31 57 14 67 481 509
50 43 27 38 120 149
0 1 20 9 1 29
51 26 25 28 300 329
39 67 40 93 301 329
39 56 25 69 451 479
78 98 75 73 510 539
58 59 49 76 122 149
60 54 51 35 330 359
73 79 78 57 181 209
38 36 16 30 210 239
59 63 76 73 241 269
1 54 25 51 91 119
36 31 36 4 91 119
12 14 37 11 150 179
51 70 58 50 571 599
46 13 53 33 331 359
58 54 47 38 541 569
50 49 55 27 331 359
25 48 27 23 511 539
25 58 6 66 151 179
1 1 25 4 2 29
8 19 31 16 242 269
41 90 33 71 451 479
12 83 1 67 271 299
15 9 38 5 61 89
37 6 37 33 91 119
39 46 39 73 91 119
7 33 30 29 61 89
57 16 81 12 240 269
31 47 38 26 510 539
24 51 17 30 480 509
17 66 37 58 420 449
72 83 88 94 391 419
57 43 80 38 390 419
36 28 19 39 210 239
40 25 24 37 480 509
59 46 69 64 540 569
21 43 30 61 181 209
63 40 70 61 360 389
50 20 29 26 481 509
19 16 44 14 391 419
27 26 27 53 571 599
57 4 36 10 151 179
32 34 12 26 330 359
35 44 48 59 240 269
29 27 25 4 121 149
63 17 75 1 270 299
53 62 53 34 120 149
19 91 42 95 541 569
44 34 45 61 270 299
63 18 55 38 240 269
55 37 72 26 270 299
27 68 37 86 240 269
17 59 29 74 361 389
13 45 13 72 61 89
83 65 71 80 361 389
16 56 34 46 210 239
0 1 20 9 1 29
39 59 37 84 541 569
25 76 43 67 151 179
8 62 30 57 541 569
49 35 39 18 121 149
0 2 18 11 2 29
18 13 25 33 31 59
19 75 2 65 361 389
58 8 67 26 541 569
9 34 15 13 91 119
49 75 68 66 450 479
42 15 22 7 60 89
51 74 54 50 511 539
1 1 25 4 2 29
25 32 16 13 120 149
40 77 25 90 540 569
0 2 5 24 2 29
40 53 48 33 540 569
10 85 18 66 571 599
85 13 70 25 241 269
0 2 23 6 2 29
56 6 67 22 481 509
41 44 49 63 451 479
28 60 24 36 390 419
50 32 59 51 150 179
19 2 26 22 151 179
21 31 36 18 450 479
65 62 47 53 451 479
16 11 28 26 31 59
1 1 1 28 2 29
22 18 7 30 421 449
21 51 35 38 181 209
39 98 60 91 240 269
39 4 47 23 271 299
23 70 27 93 271 299
21 57 21 30 421 449
31 95 35 71 330 359
15 41 5 24 61 89
69 30 89 22 540 569
51 15 30 21 121 149
14 33 3 17 271 299
29 7 18 24 330 359
7 20 16 39 300 329
1 1 11 18 2 29
26 65 18 45 420 449
79 73 74 96 450 479
15 1 38 6 390 419
15 27 3 12 121 149
0 1 8 21 1 29
0 1 15 14 1 29
18 12 43 15 30 59
82 26 69 11 570 599
44 5 26 13 242 269
98 15 91 35 571 599
9 23 30 16 270 299
46 55 71 58 180 209
0 73 2 47 180 209
73 61 56 52 272 299
7 27 33 28 61 89
45 38 45 66 420 449
31 24 48 34 91 119
5 25 0 46 92 119
35 83 15 76 241 269
75 80 96 73 540 569
11 45 34 40 390 419
83 66 62 60 571 599
49 39 73 43 510 539
18 67 22 43 240 269
38 85 14 88 511 539
38 84 55 95 270 299
42 14 43 40 181 209
52 56 42 73 181 209
61 63 72 47 361 389
0 2 6 23 2 29
68 8 49 0 301 329
52 69 40 85 300 329
29 66 34 43 420 449
50 25 37 11 91 119
33 20 26 41 60 89
55 73 78 69 421 449
79 68 65 81 451 479
20 36 4 25 61 89
14 38 30 27 61 89
1 1 3 26 2 29
17 81 43 83 210 239
23 74 46 70 271 299
44 32 19 33 92 119
14 37 36 42 151 179
16 13 3 27 31 59
60 77 43 67 451 479
54 51 37 61 451 479
6 40 22 52 270 299
53 44 68 56 211 239
48 58 71 63 570 599
87 7 86 34 270 299
80 49 99 58 300 329
16 27 6 9 240 269
23 25 47 23 92 119
10 43 22 59 60 89
51 71 64 85 361 389
45 56 20 53 120 149
56 67 58 41 300 329
64 61 43 67 571 599
1 1 27 0 2 29
42 96 19 91 570 599
2 1 12 17 3 29
0 2 20 9 2 29
38 78 46 97 241 269
69 9 89 17 90 119
19 63 38 71 481 509
66 49 80 62 511 539
56 12 34 17 181 209
8 20 14 42 30 59
53 97 43 79 510 539
48 57 48 84 271 299
17 81 39 87 390 419
17 26 37 19 391 419
10 21 35 19 211 239
11 8 16 31 240 269
47 49 37 66 121 149
17 27 39 32 61 89
49 83 30 75 181 209
25 66 44 58 271 299
3 58 25 52 300 329
30 33 48 41 542 569
19 50 41 44 360 389
25 19 44 12 92 119
14 24 3 40 421 449
54 32 68 46 210 239
26 62 41 75 270 299
29 77 2 78 270 299
75 69 62 84 330 359
38 8 13 11 330 359
32 58 22 75 241 269
31 74 31 48 482 509
54 46 62 27 241 269
73 66 70 91 360 389
17 14 40 11 62 89
0 2 10 19 2 29
53 1 58 24 570 599
63 33 81 23 390 419
60 25 80 17 420 449
43 16 55 32 60 89
6 68 13 88 301 329
8 50 26 41 61 89
35 59 27 40 301 329
82 40 64 30 450 479
80 3 54 4 331 359
22 13 17 34 242 269
7 20 29 25 91 119
35 19 40 42 150 179
15 54 34 61 182 209
43 39 28 27 181 209
7 18 27 10 240 269
22 22 7 35 270 299
32 29 38 8 211 239
31 9 22 26 512 539
0 1 1 28 1 29
54 47 57 71 391 419
14 38 36 33 61 89
1 1 2 27 2 29
14 40 2 25 541 569
55 46 34 52 451 479
49 38 44 15 540 569
55 69 31 73 570 599
21 31 39 22 61 89
29 61 47 51 570 599
68 12 42 11 481 509
37 63 54 73 481 509
33 56 37 80 120 149
36 78 32 56 152 179
52 82 35 71 450 479
56 75 60 97 542 569
17 48 1 59 391 419
34 80 24 62 510 539
17 67 3 81 90 119
85 16 79 38 360 389
64 79 90 80 571 599
17 60 44 59 180 209
32 54 9 58 421 449
56 9 77 3 511 539
0 2 11 18 2 29
64 34 87 29 450 479
14 87 33 96 540 569
19 31 36 41 121 149
30 9 15 22 240 269
26 5 42 16 31 59
42 17 37 40 60 89
12 51 18 29 480 509
90 1 83 20 302 329
64 33 53 48 182 209
55 25 41 12 541 569
36 5 39 30 120 149
87 47 92 69 481 509
45 77 40 54 510 539
4 23 9 1 31 59
17 62 36 54 271 299
5 32 5 6 362 389
53 53 29 50 481 509
32 62 7 61 512 539
44 68 33 84 481 509
19 16 30 1 482 509
70 41 61 23 511 539
30 22 32 48 330 359
16 75 42 74 271 299
2 1 20 9 3 29
71 29 82 13 481 509
26 74 45 66 301 329
48 32 69 39 570 599
7 62 21 74 542 569
42 28 51 46 361 389
45 74 64 83 420 449
43 42 35 61 571 599
19 64 7 78 542 569
29 2 11 11 511 539
6 45 17 61 151 179
0 26 19 35 150 179
52 30 28 26 90 119
18 69 21 93 391 419
21 89 22 63 121 149
53 93 41 78 481 509
62 84 86 81 481 509
51 23 63 8 241 269
20 61 14 40 571 599
30 10 29 36 61 89
19 28 19 0 120 149
21 9 21 35 32 59
1 1 4 25 2 29
34 50 56 56 90 119
41 14 54 28 151 179
35 50 49 63 151 179
2 25 0 50 31 59
85 1 69 13 510 539
22 29 6 19 242 269
3 31 27 28 541 569
60 46 87 47 450 479
14 56 19 77 332 359
5 22 6 48 31 59
7 45 12 68 90 119
76 38 55 32 421 449
9 77 24 65 241 269
16 41 43 42 60 89
50 13 39 29 511 539
58 41 35 46 420 449
14 26 22 46 570 599
50 85 24 86 211 239
69 51 48 57 421 449
36 56 45 74 241 269
47 68 30 58 451 479
41 76 61 83 511 539
51 13 40 30 90 119
39 44 43 20 180 209
43 21 55 37 210 239
52 1 30 6 211 239
44 97 38 76 511 539
74 66 95 60 361 389
61 35 62 61 241 269
70 82 67 59 332 359
21 7 31 25 30 59
59 56 64 33 420 449
0 2 0 29 2 29
87 28 85 2 480 509
1 1 27 2 2 29
60 19 35 18 122 149
72 69 57 57 451 479
54 24 80 25 361 389
1 1 7 22 2 29
0 2 19 10 2 29
37 41 54 52 150 179
43 88 48 65 360 389
18 84 27 65 150 179
26 66 21 88 181 209
26 37 36 19 540 569
55 91 49 69 270 299
54 42 52 68 510 539
19 23 14 0 210 239
73 40 80 21 422 449
31 49 15 37 390 419
46 4 57 20 61 89
73 29 47 28 421 449
17 21 35 30 61 89
41 76 60 67 300 329
11 16 33 21 31 59
70 78 77 57 270 299
21 17 24 42 570 599
54 50 70 61 421 449
18 12 7 29 30 59
26 3 4 8 151 179
34 17 44 34 211 239
52 34 70 43 301 329
29 90 16 77 542 569
47 44 45 69 151 179
68 47 73 70 240 269
3 55 20 46 212 239
42 61 30 46 451 479
60 42 66 64 210 239
52 7 56 31 180 209
8 1 19 16 122 149
0 2 22 7 2 29
37 42 41 19 91 119
0 1 11 18 1 29
84 51 64 57 482 509
60 11 66 32 151 179
56 12 52 35 301 329
47 84 55 64 360 389
91 12 73 2 540 569
21 27 0 21 121 149
8 23 14 44 31 59
37 45 30 24 90 119
5 47 12 27 61 89
38 33 18 40 151 179
19 42 25 62 182 209
51 61 26 64 390 419
42 34 68 32 270 299
52 33 63 17 211 239
47 28 59 13 151 179
42 10 19 14 241 269
26 27 28 53 180 209
42 39 39 63 91 119
48 18 26 23 361 389
74 71 48 70 331 359
38 79 16 84 391 419
38 46 44 25 361 389
18 6 39 12 61 89
64 71 84 78 571 599
40 29 15 31 271 299
55 40 53 14 240 269
79 94 85 73 331 359
22 92 14 74 152 179
15 26 22 47 60 89
60 9 69 27 571 599
31 45 22 27 181 209
50 70 73 66 421 449
15 43 13 17 210 239
29 83 15 69 450 479
68 38 63 60 241 269
46 37 71 35 211 239
29 60 37 80 360 389
15 20 30 8 211 239
32 14 11 7 390 419
27 1 8 10 30 59
33 25 34 51 61 89
2 65 25 69 91 119
17 50 23 72 240 269
0 1 4 25 1 29
16 66 36 59 361 389
50 61 35 50 122 149
29 21 21 40 541 569
21 26 34 40 91 119
35 41 60 43 121 149
54 81 67 95 331 359
84 39 89 17 331 359
21 48 16 70 391 419
31 5 32 30 332 359
1 1 22 7 2 29
2 25 22 18 31 59
35 46 11 43 271 299
47 91 35 75 330 359
43 28 47 51 451 479
44 27 32 11 420 449
89 17 69 24 421 449
47 77 27 70 481 509
2 85 14 70 391 419
28 25 28 52 91 119
32 42 54 47 541 569
40 59 16 62 151 179
10 46 18 27 61 89
23 8 47 11 31 59
39 28 14 25 540 569
73 64 75 39 391 419
73 6 65 25 451 479
74 35 72 10 571 599
75 65 71 42 481 509
34 48 11 44 541 569
33 18 7 16 420 449
6 24 6 52 30 59
54 43 46 63 540 569
21 47 40 56 330 359
76 10 77 37 390 419
16 29 36 37 120 149
94 37 85 19 511 539
28 73 49 67 331 359
39 38 59 44 122 149
19 38 40 32 211 239
15 67 31 78 421 449
6 49 15 68 60 89
15 37 41 38 241 269
30 94 36 73 481 509
29 5 16 19 361 389
1 1 23 6 2 29
25 57 20 79 241 269
48 38 48 66 270 299
25 3 7 13 30 59
16 97 12 73 480 509
18 46 4 32 450 479
43 78 37 56 480 509
11 55 15 32 241 269
14 9 9 31 331 359
49 41 62 56 390 419
32 4 44 19 541 569
50 30 36 17 241 269
51 25 77 26 361 389
60 86 57 61 210 239
27 22 51 19 451 479
36 71 49 57 571 599
61 4 38 8 91 119
2 26 12 44 30 59
1 56 9 37 511 539
44 15 21 18 542 569
46 35 62 23 360 389
12 16 37 17 32 59
93 73 80 88 390 419
28 33 9 25 331 359
23 59 3 66 541 569
47 38 47 11 271 299
48 12 36 27 301 329
38 38 54 26 390 419
0 2 10 19 2 29
19 19 26 39 121 149
25 38 8 49 420 449
19 16 19 43 451 479
4 24 21 14 481 509
9 65 10 92 90 119
48 94 27 87 450 479
1 39 15 53 450 479
28 31 5 26 240 269
75 13 78 37 541 569
37 16 14 21 180 209
10 93 19 74 120 149
30 12 8 16 92 119
39 6 44 27 242 269
20 4 40 11 301 329
67 64 51 75 571 599
37 36 46 17 240 269
7 28 29 34 120 149
76 74 81 51 270 299
60 11 65 34 180 209
28 54 47 62 181 209
65 23 65 51 270 299
61 66 54 47 422 449
10 21 4 43 540 569
4 84 21 94 301 329
64 16 66 41 181 209
20 34 0 41 121 149
50 4 34 16 510 539
53 66 55 91 151 179
49 62 24 59 180 209
83 12 88 34 511 539
27 67 22 89 121 149
11 15 29 25 90 119
25 42 39 56 300 329
71 32 49 37 331 359
59 17 68 36 210 239
34 49 32 24 391 419
23 63 2 70 210 239
2 26 13 43 90 119
64 58 85 51 330 359
5 38 18 53 60 89
30 56 57 57 90 119
75 22 56 30 571 599
54 74 39 61 510 539
29 20 12 30 511 539
37 47 16 42 512 539
15 43 23 62 541 569
23 63 37 49 570 599
9 73 34 70 330 359
11 19 37 17 30 59
28 39 1 38 480 509
40 57 40 83 242 269
89 8 98 26 271 299
51 12 71 4 360 389
26 40 1 38 421 449
50 56 35 69 210 239
52 2 45 23 330 359
41 36 39 11 271 299
39 13 14 11 301 329
5 32 2 7 60 89
12 17 34 12 31 59
10 33 22 48 451 479
36 20 54 11 181 209
58 64 44 77 421 449
40 41 40 67 302 329
71 43 73 18 361 389
10 9 35 7 211 239
76 33 77 59 391 419
51 62 31 54 300 329
9 19 1 39 30 59
37 38 42 16 151 179
51 76 73 82 240 269
38 46 36 22 92 119
0 2 13 16 2 29
45 26 37 45 331 359
85 40 77 59 331 359
9 77 21 93 570 599
45 41 36 59 241 269
10 64 21 47 150 179
31 55 31 83 330 359
46 59 57 76 420 449
33 72 33 44 540 569
16 9 11 32 360 389
74 38 76 13 481 509
51 21 51 48 421 449
18 31 20 56 511 539
80 93 57 89 511 539
1 30 6 8 91 119
10 17 23 3 31 59
12 1 32 8 331 359
30 36 24 14 210 239
36 16 35 43 210 239
43 80 51 60 360 389
52 57 38 44 151 179
32 63 6 64 511 539
53 43 34 52 510 539
7 65 32 68 450 479
38 82 37 56 541 569
4 50 25 56 421 449
45 19 33 35 330 359
0 2 19 10 2 29
23 86 24 60 331 359
81 69 68 83 241 269
17 85 18 58 330 359
15 70 21 91 91 119
70 76 54 65 481 509
73 42 57 54 540 569
28 12 6 6 510 539
28 75 21 55 391 419
68 40 49 31 390 419
63 33 68 55 421 449
67 54 59 74 300 329
0 1 12 17 1 29
19 34 7 50 420 449
16 16 42 15 181 209
48 46 31 36 361 389
71 36 85 22 540 569
0 1 1 28 1 29
73 50 96 55 180 209
3 29 26 24 210 239
26 33 29 57 91 119
26 65 7 74 300 329
5 83 13 64 421 449
24 6 15 25 30 59
26 75 26 47 480 509
0 1 0 29 1 29
33 99 36 75 241 269
37 49 37 76 301 329
0 1 15 14 1 29
40 91 31 74 302 329
0 1 25 4 1 29
29 56 49 49 571 599
20 39 47 38 120 149
22 31 39 21 331 359
3 26 23 33 31 59
28 25 4 29 360 389
30 45 16 59 480 509
28 12 4 14 272 299
70 85 62 65 540 569
22 16 20 41 181 209
43 34 19 31 331 359
42 81 19 85 211 239
17 41 2 29 421 449
9 52 4 29 180 209
6 5 13 26 540 569
14 18 19 39 32 59
26 20 35 38 181 209
1 1 13 16 2 29
74 29 98 33 180 209
2 25 25 29 31 59
23 26 35 11 211 239
36 44 15 51 90 119
30 23 54 27 120 149
20 45 23 69 91 119
22 34 39 44 61 89
0 27 22 32 31 59
22 64 40 74 150 179
3 45 9 24 301 329
23 21 46 26 270 299
81 61 56 59 421 449
26 79 41 66 360 389
32 21 33 47 151 179
56 94 53 69 510 539
10 69 23 84 240 269
63 87 78 99 481 509
37 43 51 56 121 149
31 29 48 39 61 89
7 20 26 12 31 59
0 1 22 7 1 29
1 58 9 38 420 449
33 51 27 71 392 419
99 58 90 76 391 419
22 6 46 2 30 59
26 52 32 30 150 179
1 14 18 4 211 239
77 28 72 5 360 389
11 13 21 31 150 179
33 7 58 10 270 299
39 50 45 71 451 479
48 38 26 33 361 389
53 53 51 78 481 509
29 26 26 50 211 239
84 45 83 72 420 449
20 67 12 87 360 389
94 26 76 35 361 389
30 74 34 98 210 239
74 36 63 52 481 509
18 23 19 49 91 119
12 37 31 46 480 509
2 27 6 50 31 59
39 30 33 51 91 119
27 1 24 26 30 59
72 1 56 12 571 599
85 68 90 90 331 359
20 13 24 36 391 419
73 75 52 81 421 449
55 54 68 67 302 329
14 20 22 0 510 539
19 69 4 81 541 569
31 2 50 11 60 89
32 40 29 16 121 149
39 22 42 46 91 119
57 74 77 80 542 569
21 64 28 84 451 479
55 78 46 60 391 419
1 20 12 4 151 179
8 55 22 42 331 359
41 19 43 44 61 89
76 76 92 65 481 509
40 19 64 22 211 239
78 91 94 79 420 449
74 49 49 47 331 359
0 3 17 12 3 29
14 28 38 24 330 359
22 26 28 5 301 329
55 71 69 57 210 239
28 55 28 27 300 329
0 2 20 9 2 29
97 17 90 37 181 209
20 11 0 18 271 299
95 90 81 76 360 389
81 73 77 95 392 419
4 80 23 87 452 479
49 64 38 81 480 509
54 44 50 22 392 419
0 1 4 25 1 29
18 23 40 27 122 149
27 58 17 75 211 239
14 67 27 82 240 269
42 47 42 75 540 569
49 78 57 58 420 449
3 23 24 28 32 59
0 1 10 19 1 29
60 45 55 67 151 179
6 26 6 0 92 119
48 1 28 9 120 149
69 30 86 41 240 269
86 79 90 55 420 449
22 47 12 65 480 509
0 2 16 13 2 29
56 54 51 31 390 419
21 34 45 30 60 89
6 46 26 38 150 179
39 72 52 58 451 479
28 24 32 47 241 269
9 51 21 36 301 329
73 55 64 74 510 539
91 41 76 52 392 419
47 53 35 69 270 299
26 28 13 14 421 449
18 97 36 88 331 359
6 26 17 9 90 119
0 2 5 24 2 29
22 33 35 48 120 149
40 55 56 43 480 509
48 9 68 2 211 239
63 57 37 58 421 449
28 32 37 14 121 149
33 46 57 49 571 599
0 2 0 29 2 29
52 33 52 6 511 539
51 48 64 34 391 419
83 61 58 58 270 299
42 58 39 82 481 509
16 15 16 41 182 209
46 61 49 85 151 179
15 15 31 3 30 59
46 52 69 56 481 509
32 19 9 22 242 269
33 79 32 52 390 419
37 54 26 70 571 599
26 49 32 28 271 299
82 18 84 44 390 419
37 33 57 25 150 179
34 25 12 19 360 389
9 4 20 21 60 89
18 77 26 95 242 269
87 55 60 56 510 539
50 31 33 41 511 539
59 25 35 21 330 359
10 33 35 32 62 89
37 78 26 94 571 599
57 88 30 89 420 449
13 17 30 28 30 59
38 20 50 5 421 449
61 67 48 54 512 539
25 34 20 12 211 239
8 30 22 17 61 89
74 39 82 19 360 389
95 82 80 70 331 359
1 1 10 19 2 29
29 13 16 27 421 449
0 2 0 29 2 29
27 77 11 66 361 389
56 51 77 58 540 569
44 56 48 33 301 329
15 7 12 30 212 239
57 56 40 46 571 599
35 58 21 72 120 149
36 91 59 88 362 389
62 49 39 44 120 149
27 85 37 68 481 509
28 3 46 12 31 59
76 25 93 15 331 359
4 78 8 54 390 419
2 66 29 67 390 419
67 97 82 85 541 569
12 62 31 71 210 239
36 23 45 4 120 149
64 40 46 50 570 599
37 79 42 58 332 359
59 66 72 52 271 299
69 76 81 91 331 359
52 28 77 31 150 179
36 8 59 12 241 269
79 37 89 20 181 209
96 39 71 37 511 539
30 81 33 57 271 299
54 66 38 54 510 539
58 44 64 64 332 359
44 12 69 10 421 449
42 69 19 65 391 419
65 33 53 18 241 269
0 2 8 21 2 29
38 56 52 70 330 359
44 36 30 48 572 599
39 26 18 20 91 119
96 74 77 65 570 599
1 2 22 7 3 29
43 18 29 30 302 329
25 52 29 29 271 299
7 49 6 75 61 89
47 85 53 64 301 329
13 28 30 38 151 179
63 36 88 33 540 569
52 43 46 22 211 239
39 43 35 66 181 209
49 58 44 80 451 479
36 16 42 38 270 299
40 3 39 29 331 359
26 22 22 45 61 89
59 18 52 38 391 419
52 39 25 38 420 449
60 58 39 64 241 269
30 37 42 53 240 269
24 6 38 20 30 59
18 47 26 65 242 269
43 72 24 81 180 209
57 32 37 24 420 449
1 1 12 17 2 29
14 37 31 48 360 389
82 77 58 80 511 539
19 48 18 21 120 149
35 47 27 28 241 269
37 92 54 82 571 599
14 22 38 18 210 239
5 23 15 5 150 179
13 14 33 21 271 299
26 38 10 26 150 179
75 79 55 72 481 509
20 55 14 33 120 149
29 23 13 35 150 179
8 30 8 2 90 119
66 53 56 70 151 179
96 90 99 66 481 509
0 2 16 13 2 29
1 2 5 24 3 29
81 58 81 85 331 359
35 51 11 47 150 179
64 29 82 20 571 599
15 38 40 35 60 89
52 2 61 21 90 119
38 35 14 32 391 419
15 53 30 42 212 239
52 22 69 11 570 599
50 73 77 72 360 389
96 54 81 67 210 239
16 14 25 33 30 59
82 44 64 34 450 479
46 9 71 7 211 239
74 62 90 51 181 209
42 47 54 32 151 179
8 68 28 62 512 539
65 22 41 25 391 419
0 1 21 8 1 29
57 97 83 95 510 539
30 40 52 45 181 209
71 78 87 67 571 599
18 38 40 43 61 89
13 14 25 29 31 59
0 2 26 3 2 29
24 59 10 45 360 389
38 83 33 61 451 479
1 36 24 40 151 179
6 5 16 23 120 149
20 56 24 79 181 209
39 83 54 70 570 599
44 17 57 3 271 299
53 68 67 82 360 389
85 79 99 67 332 359
54 63 74 56 331 359
64 88 83 80 301 329
50 30 34 41 421 449
37 67 34 92 150 179
48 27 34 13 480 509
46 18 23 15 152 179
3 69 23 76 361 389
22 68 13 87 570 599
31 39 34 15 181 209
45 29 45 57 90 119
43 4 26 15 60 89
98 70 95 93 512 539
25 23 46 28 212 239
11 36 2 18 391 419
23 29 30 9 61 89
0 2 1 28 2 29
16 54 30 68 90 119
20 61 13 41 271 299
48 27 47 0 180 209
2 23 22 30 331 359
41 34 22 43 180 209
23 55 47 59 390 419
64 82 78 96 450 479
77 56 88 39 300 329
49 52 67 62 420 449
58 74 36 69 541 569
45 46 70 44 331 359
2 18 27 21 450 479
54 29 30 32 211 239
59 63 44 51 541 569
34 37 14 44 571 599
36 49 59 53 151 179
51 32 50 59 120 149
38 47 51 33 91 119
66 46 56 63 361 389
56 58 49 38 481 509
13 15 34 22 30 59
17 28 44 27 180 209
49 89 57 70 301 329
17 34 13 12 62 89
63 46 80 57 360 389
40 45 27 60 180 209
39 23 44 46 90 119
9 26 30 19 480 509
16 70 0 59 541 569
21 87 35 74 361 389
72 15 71 42 480 509
88 96 75 83 572 599
66 58 69 33 390 419
18 10 11 31 30 59
46 7 41 30 60 89
79 2 60 10 151 179
70 95 84 81 300 329
36 39 15 45 151 179
15 47 20 25 181 209
1 30 6 8 31 59
11 86 32 92 211 239
39 15 61 10 421 449
72 76 61 60 541 569
26 4 33 25 30 59
0 44 16 55 181 209
24 21 31 1 571 599
27 55 14 69 121 149
8 60 22 46 90 119
80 58 96 70 510 539
19 10 22 34 31 59
20 35 2 45 60 89
19 45 44 43 241 269
75 82 79 59 451 479
13 14 5 33 31 59
51 24 48 0 91 119
11 64 37 62 360 389
12 20 7 41 32 59
14 67 38 70 151 179
38 72 18 79 181 209
65 38 46 47 360 389
26 37 45 45 151 179
56 53 56 26 151 179
19 75 33 62 301 329
36 50 22 62 332 359
37 45 10 46 210 239
39 63 13 61 390 419
36 71 43 91 511 539
18 9 1 19 31 59
6 33 19 18 360 389
22 4 41 12 241 269
78 27 54 30 391 419
6 72 28 77 421 449
78 48 66 63 421 449
42 48 64 53 181 209
8 29 8 56 151 179
42 8 30 23 121 149
22 47 42 40 211 239
1 49 25 46 301 329
31 22 46 34 91 119
75 15 98 20 210 239
56 27 52 3 300 329
8 22 16 42 30 59
77 62 85 44 422 449
56 58 36 51 121 149
6 24 6 52 30 59
1 1 14 15 2 29
41 68 30 84 451 479
81 23 61 31 450 479
40 32 65 30 421 449
27 16 38 0 391 419
35 17 42 37 61 89
21 49 30 30 270 299
