100 100 250 1000 44 120
1 1 18 11 2 29
8 20 19 37 30 59
31 25 8 29 61 89
1 1 3 26 2 29
4 27 26 32 31 59
17 47 39 43 92 119
45 16 66 22 91 119
0 2 17 12 2 29
21 35 46 33 61 89
12 18 38 16 30 59
4 23 13 5 31 59
0 2 11 18 2 29
1 27 18 38 30 59
14 17 5 35 31 59
13 7 38 9 61 89
16 15 38 20 31 59
13 17 26 2 30 59
36 22 59 18 61 89
4 27 16 12 31 59
12 28 28 18 92 119
23 29 30 9 61 89
32 24 7 22 61 89
66 11 45 17 91 119
0 1 0 29 1 29
0 2 20 9 2 29
17 3 23 24 61 89
18 39 41 36 62 89
1 1 21 8 2 29
0 1 15 14 1 29
31 22 10 27 62 89
10 58 10 86 90 119
66 14 47 23 90 119
61 4 38 8 91 119
1 1 20 9 2 29
35 48 47 63 91 119
1 1 21 8 2 29
0 2 14 15 2 29
21 10 42 4 31 59
34 5 11 0 60 89
26 21 45 30 60 89
13 12 23 30 60 89
0 1 7 22 1 29
17 38 24 19 62 89
26 19 51 17 91 119
0 2 5 24 2 29
13 19 24 34 32 59
1 2 22 7 3 29
41 12 65 16 60 89
0 1 0 29 1 29
0 1 16 13 1 29
0 1 4 25 1 29
1 30 13 45 91 119
37 11 26 28 90 119
0 1 26 3 1 29
2 27 22 35 60 89
53 30 73 23 91 119
45 29 45 57 90 119
7 21 1 42 61 89
1 59 16 46 90 119
24 6 5 15 30 59
0 1 13 16 1 29
10 19 36 20 31 59
0 2 18 11 2 29
45 36 67 31 91 119
51 11 42 30 90 119
23 33 49 32 61 89
26 0 24 25 61 89
4 24 16 8 30 59
0 1 2 27 1 29
14 14 11 39 90 119
0 1 21 8 1 29
18 63 2 74 91 119
34 9 33 35 91 119
36 48 51 59 92 119
14 14 19 37 30 59
0 3 17 12 3 29
16 65 35 73 91 119
1 27 22 20 30 59
1 1 13 16 2 29
6 23 7 49 31 59
1 1 5 24 2 29
5 9 1 32 61 89
25 2 35 19 31 59
2 28 29 27 90 119
12 15 6 36 31 59
10 20 33 15 30 59
26 5 35 23 31 59
22 7 30 26 31 59
43 41 39 65 90 119
15 41 5 24 61 89
1 30 17 41 31 59
20 20 0 12 90 119
12 47 12 75 60 89
20 9 15 31 91 119
11 41 15 64 61 89
45 9 49 32 61 89
1 1 18 11 2 29
41 12 50 30 91 119
11 7 21 24 61 89
10 42 22 58 90 119
32 14 53 7 90 119
21 34 45 30 60 89
32 25 50 34 91 119
15 14 36 8 31 59
0 1 21 8 1 29
36 25 34 1 62 89
41 17 26 29 61 89
58 29 40 38 91 119
0 1 2 27 1 29
0 28 21 21 30 59
35 24 47 8 60 89
20 12 37 2 61 89
0 2 24 5 2 29
49 31 62 46 90 119
8 20 12 42 32 59
18 40 20 15 61 89
0 2 6 23 2 29
12 35 20 15 60 89
7 32 1 10 60 89
6 35 2 11 60 89
1 2 24 5 3 29
7 23 17 5 30 59
33 25 34 51 61 89
1 1 5 24 2 29
7 19 14 0 32 59
24 7 2 12 31 59
23 24 38 12 91 119
0 3 17 12 3 29
0 1 10 19 1 29
10 18 23 3 30 59
5 16 24 24 91 119
14 17 39 15 31 59
0 2 3 26 2 29
21 37 6 24 90 119
14 12 4 28 32 59
41 47 37 25 92 119
0 3 3 26 3 29
20 10 33 25 30 59
1 1 1 28 2 29
8 20 19 3 30 59
0 1 15 14 1 29
9 22 23 9 31 59
0 1 19 10 1 29
2 30 8 50 32 59
3 23 22 16 32 59
0 1 14 15 1 29
17 36 0 47 60 89
43 42 41 17 91 119
0 1 27 2 1 29
50 27 37 13 91 119
1 2 14 15 3 29
20 7 38 16 31 59
38 17 45 38 60 89
4 27 17 13 31 59
21 7 29 27 30 59
1 1 9 20 2 29
33 35 23 53 90 119
26 1 19 21 31 59
0 2 3 26 2 29
24 60 38 74 90 119
22 9 39 19 31 59
27 1 9 11 30 59
7 23 23 11 30 59
7 33 30 29 61 89
4 27 28 23 60 89
22 22 37 10 61 89
1 1 13 16 2 29
14 1 37 6 60 89
0 1 24 5 1 29
24 6 51 7 30 59
2 11 23 4 60 89
1 21 2 48 90 119
33 22 52 29 62 89
26 34 7 26 61 89
14 17 4 34 31 59
10 26 35 29 90 119
0 1 4 25 1 29
1 27 15 41 30 59
20 8 14 30 30 59
19 25 21 1 92 119
6 40 5 66 61 89
14 14 30 2 30 59
7 34 21 20 60 89
0 1 22 7 1 29
22 35 12 17 60 89
7 21 23 33 30 59
0 1 10 19 1 29
7 25 5 51 90 119
23 27 47 24 61 89
0 1 15 14 1 29
46 10 52 31 61 89
29 33 11 43 90 119
23 2 2 8 91 119
21 6 46 4 31 59
15 14 41 13 31 59
55 3 64 22 90 119
30 2 32 28 90 119
1 2 5 24 3 29
11 3 19 22 61 89
0 2 18 11 2 29
19 11 16 34 92 119
1 1 17 12 2 29
55 24 42 10 91 119
1 1 6 23 2 29
15 14 40 12 31 59
9 28 32 24 91 119
12 15 3 33 31 59
22 38 3 46 61 89
10 21 23 35 31 59
9 38 33 34 60 89
1 1 13 16 2 29
1 43 9 63 90 119
0 1 9 20 1 29
1 1 7 22 2 29
38 15 29 34 60 89
4 29 28 32 91 119
23 7 22 34 90 119
11 19 23 35 30 59
41 43 59 33 90 119
7 21 32 24 90 119
0 2 23 6 2 29
25 32 20 55 60 89
9 39 4 17 61 89
1 1 19 10 2 29
14 15 7 35 31 59
13 41 13 67 92 119
31 28 5 30 60 89
10 50 36 51 61 89
43 40 42 66 91 119
46 14 40 35 61 89
3 48 19 37 91 119
6 43 13 63 91 119
21 6 20 32 31 59
0 1 27 2 1 29
17 12 25 31 31 59
1 1 15 14 2 29
0 1 19 10 1 29
26 6 51 7 32 59
25 30 42 41 60 89
13 18 29 29 91 119
14 18 32 26 32 59
0 2 12 17 2 29
18 17 21 41 91 119
0 1 20 9 1 29
0 1 1 28 1 29
1 27 8 6 30 59
0 3 1 28 3 29
49 31 59 49 90 119
19 21 24 44 90 119
25 5 2 0 30 59
2 28 21 37 30 59
0 1 2 27 1 29
0 1 22 7 1 29
7 19 1 39 92 119
4 27 4 54 31 59
11 16 10 42 31 59
3 24 21 33 31 59
9 48 20 32 91 119
0 1 24 5 1 29
2 26 26 30 30 59
0 2 20 9 2 29
30 27 57 28 60 89
0 3 16 13 3 29
39 48 62 44 91 119
31 8 28 32 91 119
13 17 34 11 61 89
28 52 16 66 92 119
12 17 31 9 91 119
0 1 12 17 1 29
56 5 48 24 91 119
26 30 45 22 61 89
21 9 46 12 90 119
0 1 14 15 1 29
13 14 10 38 31 59
3 25 26 20 30 59
21 27 31 10 61 89
11 31 37 33 90 119
17 13 12 36 30 59
13 16 33 24 60 89
13 14 7 35 31 59
0 3 21 8 3 29
10 17 24 30 31 59
0 1 7 22 1 29
6 22 26 30 30 59
1 1 24 5 2 29
18 9 44 10 31 59
21 38 15 60 60 89
0 1 2 27 1 29
22 32 22 59 61 89
15 12 15 39 31 59
13 17 9 39 32 59
5 22 11 1 31 59
1 1 13 16 2 29
19 8 7 23 31 59
7 2 1 22 62 89
20 4 8 19 61 89
10 8 35 11 90 119
1 1 15 14 2 29
2 1 22 7 3 29
56 21 32 24 91 119
1 1 18 11 2 29
9 42 35 40 60 89
0 3 20 9 3 29
0 1 2 27 1 29
1 1 11 18 2 29
10 19 17 39 31 59
18 38 43 36 61 89
16 31 8 49 62 89
39 19 62 15 61 89
26 22 42 11 61 89
33 14 42 33 60 89
24 34 29 56 61 89
0 1 20 9 1 29
32 6 20 21 61 89
8 51 29 58 60 89
27 59 46 66 92 119
0 1 12 17 1 29
12 15 31 7 31 59
23 7 23 35 30 59
23 6 49 5 91 119
36 50 57 43 90 119
1 1 11 18 2 29
31 17 41 0 61 89
13 43 1 28 61 89
51 26 71 19 91 119
38 32 39 5 90 119
53 27 41 11 90 119
28 58 33 37 92 119
25 10 22 33 62 89
38 21 60 27 60 89
23 18 39 29 91 119
17 10 41 7 31 59
0 1 10 19 1 29
5 17 30 19 61 89
35 24 35 50 62 89
11 20 36 22 31 59
15 37 31 48 61 89
14 45 37 50 60 89
10 30 35 32 61 89
5 23 8 48 90 119
7 51 7 24 61 89
22 5 22 32 31 59
40 13 67 14 60 89
30 55 15 43 91 119
18 12 7 29 30 59
0 1 22 7 1 29
1 1 25 4 2 29
18 12 42 8 30 59
16 15 0 26 31 59
23 4 18 27 60 89
1 5 23 10 61 89
25 2 27 27 31 59
0 1 21 8 1 29
10 20 22 36 30 59
0 1 1 28 1 29
31 12 30 38 91 119
28 25 28 52 91 119
37 19 41 42 61 89
23 5 2 12 30 59
2 32 25 36 61 89
30 12 8 16 92 119
0 29 4 6 91 119
3 25 15 41 30 59
0 1 16 13 1 29
0 3 7 22 3 29
8 22 32 26 30 59
0 3 22 7 3 29
20 16 13 37 90 119
41 35 43 59 92 119
35 22 35 50 60 89
0 1 9 20 1 29
0 1 11 18 1 29
1 1 12 17 2 29
1 2 19 12 60 89
6 22 20 8 30 59
15 45 41 47 90 119
5 23 23 33 30 59
40 18 55 6 61 89
32 25 16 37 60 89
5 24 12 44 31 59
1 28 19 19 31 59
16 12 42 10 30 59
0 2 2 27 61 89
14 16 38 20 30 59
71 13 58 28 90 119
1 2 16 13 3 29
18 9 4 22 31 59
22 8 0 2 30 59
8 20 25 31 90 119
0 1 25 4 1 29
1 1 18 11 2 29
60 28 70 10 90 119
0 1 27 2 1 29
4 34 1 58 61 89
15 13 25 30 61 89
0 2 21 8 2 29
0 2 25 0 2 29
47 23 63 35 90 119
14 17 22 36 31 59
40 34 53 19 90 119
0 1 18 11 1 29
2 2 2 29 61 89
14 6 14 32 92 119
6 20 20 8 32 59
1 1 11 18 2 29
1 1 8 21 2 29
8 3 19 18 62 89
21 33 46 31 61 89
40 16 23 26 61 89
18 10 29 27 30 59
1 27 5 51 30 59
1 2 4 25 3 29
1 1 3 26 2 29
2 1 8 21 3 29
0 2 24 5 2 29
1 1 1 28 2 29
24 36 46 41 61 89
11 17 12 44 30 59
40 12 22 4 92 119
1 1 23 6 61 89
0 1 8 21 1 29
23 8 34 24 91 119
1 46 16 33 60 89
17 13 1 1 30 59
26 31 51 28 60 89
1 1 26 3 2 29
2 11 17 23 91 119
5 22 22 12 31 59
22 33 20 58 91 119
7 24 1 45 31 59
39 17 18 11 61 89
21 31 46 33 61 89
0 3 10 19 3 29
22 14 10 29 61 89
19 20 45 18 60 89
15 13 2 28 30 59
24 36 21 60 61 89
0 2 7 22 2 29
9 20 33 23 31 59
16 62 23 41 90 119
17 35 31 22 61 89
21 6 7 19 31 59
8 52 23 40 61 89
0 2 11 18 2 29
16 12 26 30 30 59
6 21 30 18 31 59
9 21 29 29 30 59
11 62 36 64 91 119
1 1 18 11 2 29
22 56 26 80 90 119
17 33 0 23 61 89
1 1 14 15 2 29
20 8 16 32 30 59
11 45 24 59 61 89
25 3 35 21 30 59
0 1 8 21 1 29
0 2 22 7 2 29
1 1 13 16 2 29
25 2 31 23 31 59
16 35 13 59 91 119
0 1 15 14 1 29
40 11 29 28 60 89
1 1 20 9 2 29
30 31 49 23 91 119
5 22 18 8 31 59
1 1 11 18 2 29
28 28 28 55 61 89
0 1 13 16 1 29
42 10 16 12 90 119
12 16 6 38 30 59
6 23 9 47 31 59
43 44 53 27 91 119
5 22 17 37 31 59
34 25 44 42 91 119
1 1 5 24 2 29
0 2 2 27 2 29
18 10 8 28 30 59
4 30 20 18 90 119
7 36 27 43 91 119
1 1 18 11 2 29
2 29 22 22 31 59
17 40 39 46 60 89
37 21 43 42 61 89
18 12 41 17 30 59
20 14 41 21 90 119
0 1 2 27 1 29
35 4 24 21 60 89
48 27 35 13 91 119
0 2 5 24 2 29
24 4 0 0 30 59
21 6 46 8 31 59
18 31 34 20 91 119
1 1 8 21 2 29
9 22 28 14 91 119
5 50 25 43 91 119
17 12 20 37 60 89
19 39 41 44 61 89
20 34 17 10 61 89
1 1 1 28 2 29
25 29 23 4 61 89
53 29 69 17 90 119
24 56 28 34 92 119
26 31 7 22 60 89
5 49 17 64 61 89
16 14 40 10 30 59
0 1 11 18 1 29
7 20 17 38 60 89
26 0 25 27 90 119
16 15 33 25 31 59
9 19 24 32 30 59
1 1 20 9 2 29
12 16 37 17 32 59
6 10 21 23 90 119
22 6 39 17 30 59
0 2 15 14 2 29
20 57 41 63 91 119
68 16 91 11 90 119
0 1 4 25 1 29
44 38 66 32 90 119
26 43 51 45 91 119
25 6 26 32 31 59
15 15 41 17 30 59
36 4 61 6 61 89
8 30 22 17 61 89
0 3 10 19 3 29
4 27 9 49 31 59
20 30 5 42 61 89
13 14 6 34 31 59
1 1 16 13 2 29
3 24 11 5 31 59
38 15 54 27 60 89
12 19 31 11 91 119
16 13 35 5 31 59
23 32 23 4 60 89
22 25 38 14 91 119
27 1 8 10 30 59
0 1 1 28 1 29
0 1 10 19 1 29
0 3 8 21 3 29
22 5 24 30 31 59
9 30 17 49 91 119
24 19 17 39 91 119
9 48 19 30 60 89
19 31 22 56 90 119
1 1 1 28 2 29
25 1 38 16 30 59
51 5 61 22 61 89
16 7 10 29 60 89
0 2 5 24 2 29
20 12 4 22 32 59
22 60 3 69 90 119
18 13 37 5 31 59
0 2 15 14 2 29
47 2 57 20 60 89
5 67 11 89 90 119
20 7 26 28 31 59
0 3 4 25 3 29
7 43 4 67 61 89
1 1 19 10 2 29
42 32 19 37 90 119
6 21 25 13 31 59
67 15 86 6 90 119
2 28 18 40 30 59
45 24 29 35 91 119
10 26 31 19 90 119
0 1 22 7 1 29
17 39 11 60 61 89
37 5 52 18 90 119
10 10 12 36 90 119
20 9 20 36 31 59
0 1 11 18 1 29
25 33 26 7 61 89
39 9 39 37 90 119
45 32 33 47 91 119
0 1 17 12 1 29
4 35 10 57 60 89
40 14 55 2 61 89
1 1 7 22 2 29
29 30 10 21 60 89
2 30 27 29 32 59
23 6 15 25 91 119
7 25 18 8 90 119
22 24 15 4 61 89
2 29 16 16 31 59
47 32 66 40 91 119
16 11 14 36 31 59
22 14 46 18 90 119
0 2 10 19 2 29
22 21 48 19 60 89
15 6 11 29 91 119
1 1 7 22 2 29
16 13 17 39 31 59
16 13 2 0 31 59
26 31 42 43 60 89
0 1 6 23 1 29
62 13 46 24 91 119
0 1 12 17 1 29
14 15 40 14 31 59
26 28 19 49 90 119
43 22 54 6 91 119
2 28 17 41 30 59
18 12 35 23 30 59
27 3 22 26 30 59
23 18 49 19 91 119
29 25 41 40 61 89
19 10 45 11 31 59
1 27 15 13 30 59
1 1 5 24 2 29
11 76 8 52 91 119
1 1 18 11 2 29
43 40 25 31 91 119
34 53 16 44 91 119
17 12 15 37 31 59
8 22 33 25 30 59
15 13 7 33 30 59
30 17 45 29 91 119
45 11 35 29 90 119
16 16 14 40 32 59
26 31 14 15 60 89
0 1 8 21 1 29
0 2 19 10 2 29
23 3 13 20 61 89
6 27 1 4 60 89
0 1 3 26 1 29
3 27 8 4 30 59
45 13 71 14 61 89
24 33 43 24 60 89
10 31 36 32 91 119
0 1 16 13 1 29
0 2 16 13 2 29
5 53 29 50 61 89
29 49 34 26 90 119
40 37 21 45 91 119
26 32 15 16 61 89
0 1 14 15 1 29
1 1 15 14 2 29
7 20 29 25 91 119
1 1 24 5 2 29
22 5 47 3 31 59
20 10 17 35 30 59
16 34 11 57 90 119
15 63 38 66 92 119
25 4 1 7 31 59
0 1 0 29 1 29
1 1 2 27 2 29
26 33 31 10 60 89
2 29 14 14 31 59
60 4 72 20 90 119
1 1 5 24 2 29
0 1 5 24 1 29
1 1 22 7 2 29
17 3 39 8 61 89
0 1 16 13 1 29
1 1 8 21 2 29
21 59 22 32 90 119
12 20 2 36 32 59
0 2 2 27 2 29
21 9 30 28 30 59
13 14 9 37 31 59
24 39 17 59 91 119
20 40 46 39 61 89
1 38 26 41 60 89
36 32 35 5 90 119
1 1 8 21 2 29
27 27 8 19 61 89
0 30 14 16 30 59
25 28 51 29 91 119
19 8 25 29 31 59
18 37 14 60 91 119
52 5 32 13 60 89
3 15 2 41 61 89
2 1 14 15 3 29
22 6 4 16 30 59
33 34 56 30 91 119
0 1 25 4 1 29
6 23 30 26 91 119
17 7 7 24 61 89
10 40 32 35 61 89
0 3 18 11 3 29
7 24 7 51 91 119
0 1 8 21 1 29
9 17 9 43 32 59
0 2 7 22 2 29
14 12 4 29 61 89
29 24 15 36 62 89
19 11 33 25 30 59
35 30 61 31 91 119
15 39 36 33 61 89
0 2 4 25 2 29
31 25 7 22 61 89
2 26 27 23 30 59
1 1 4 25 2 29
20 9 21 36 60 89
13 12 20 32 91 119
8 19 17 37 31 59
10 19 6 42 31 59
46 6 65 14 61 89
23 29 23 1 90 119
9 48 33 44 60 89
0 2 6 23 2 29
0 2 10 19 2 29
1 1 19 10 2 29
23 24 40 14 91 119
20 11 34 24 31 59
13 74 37 77 91 119
0 1 1 28 1 29
20 9 13 30 60 89
28 26 30 1 61 89
31 13 17 1 92 119
12 21 26 8 91 119
41 13 44 37 61 89
28 17 52 21 60 89
0 1 24 5 1 29
20 7 43 11 31 59
0 1 9 20 1 29
32 23 37 45 91 119
12 19 12 46 31 59
22 28 28 6 90 119
34 51 44 68 91 119
52 31 63 15 91 119
18 11 9 29 91 119
1 58 1 85 91 119
23 29 10 43 61 89
51 5 68 15 61 89
1 2 4 25 3 29
20 41 2 32 91 119
18 40 32 27 61 89
0 2 20 9 2 29
37 34 25 49 91 119
29 27 17 43 90 119
15 43 2 57 61 89
15 66 19 89 91 119
34 3 30 26 91 119
0 1 21 8 1 29
0 1 1 28 1 29
19 5 42 9 61 89
35 18 59 21 91 119
14 17 17 41 31 59
48 12 57 30 61 89
59 31 71 45 92 119
10 16 22 2 32 59
0 1 17 12 1 29
0 2 13 16 2 29
0 1 9 20 1 29
35 39 14 32 90 119
29 26 38 45 60 89
1 1 25 4 2 29
0 1 1 28 1 29
18 28 30 12 90 119
19 12 26 32 31 59
61 21 79 11 90 119
2 10 9 31 90 119
3 53 24 59 61 89
2 43 2 16 91 119
33 27 21 42 61 89
16 39 15 64 62 89
16 11 35 20 60 89
1 1 26 3 2 29
22 38 29 19 92 119
1 1 15 14 2 29
6 24 19 39 30 59
0 3 23 6 3 29
19 21 8 37 61 89
0 46 7 67 90 119
46 13 37 32 60 89
2 29 15 15 31 59
24 14 19 36 61 89
19 10 24 32 31 59
16 39 33 29 91 119
38 10 22 22 90 119
11 43 27 54 61 89
46 34 69 29 90 119
31 43 17 31 92 119
0 1 6 23 1 29
27 8 5 13 91 119
0 1 18 11 1 29
39 46 32 66 91 119
24 8 31 27 32 59
30 3 10 11 60 89
13 29 13 1 90 119
24 57 16 38 91 119
20 34 21 59 92 119
0 1 12 17 1 29
29 26 14 39 60 89
38 18 22 29 61 89
27 2 41 15 31 59
17 43 34 53 61 89
2 26 6 50 30 59
4 19 26 15 62 89
41 9 38 33 61 89
35 18 9 20 60 89
0 2 20 9 2 29
3 15 29 14 61 89
1 29 13 13 30 59
24 6 48 10 30 59
20 11 3 21 31 59
24 31 22 57 60 89
20 7 28 26 31 59
32 50 21 35 92 119
8 19 10 44 31 59
0 1 13 16 1 29
16 13 4 28 31 59
1 2 5 24 3 29
1 30 27 29 31 59
4 23 22 13 60 89
0 24 26 26 90 119
40 11 54 25 60 89
25 6 23 31 31 59
0 1 16 13 1 29
2 29 7 51 31 59
0 1 18 11 1 29
20 15 45 13 91 119
21 7 44 12 30 59
19 9 39 17 30 59
11 20 20 2 31 59
1 1 6 23 2 29
0 1 16 13 1 29
25 35 25 63 90 119
9 13 26 23 61 89
0 1 26 3 1 29
1 2 3 26 3 29
30 20 48 29 61 89
26 29 53 30 60 89
13 17 30 28 30 59
0 1 2 27 1 29
13 36 16 61 60 89
2 11 23 4 60 89
12 15 38 16 31 59
0 3 2 27 3 29
24 6 12 22 30 59
12 23 30 13 60 89
1 1 16 13 2 29
3 28 20 38 31 59
0 2 20 9 2 29
35 26 10 27 62 89
1 1 15 14 2 29
42 7 50 25 62 89
1 1 14 15 2 29
33 22 33 48 62 89
59 19 34 22 90 119
0 1 24 5 1 29
0 1 2 27 1 29
16 18 15 44 61 89
19 10 10 28 31 59
31 29 48 39 61 89
10 20 14 44 30 59
33 25 45 10 61 89
32 27 12 21 62 89
24 7 46 12 31 59
39 20 21 10 60 89
0 1 27 2 1 29
13 44 13 72 60 89
8 23 17 41 31 59
5 25 21 37 30 59
0 1 11 18 1 29
10 41 13 18 62 89
41 41 64 36 90 119
0 1 27 2 1 29
24 31 24 59 60 89
1 7 10 25 61 89
42 9 16 7 60 89
0 2 23 6 2 29
0 2 10 19 2 29
24 5 41 15 31 59
42 3 34 23 60 89
0 1 26 3 1 29
5 22 27 17 31 59
22 32 22 60 90 119
6 24 22 12 30 59
52 23 33 31 91 119
36 6 60 3 61 89
21 33 17 11 92 119
25 6 26 32 31 59
6 24 20 10 30 59
34 27 41 46 62 89
41 2 24 12 91 119
0 1 11 18 1 29
5 23 16 6 30 59
5 29 17 44 61 89
48 38 53 61 90 119
40 47 24 36 91 119
7 23 17 5 30 59
54 28 38 40 90 119
16 12 13 37 30 59
1 1 27 0 2 29
10 20 9 47 30 59
24 31 44 39 60 89
30 34 15 21 90 119
12 1 36 4 91 119
3 22 25 16 60 89
19 36 4 49 60 89
33 26 12 20 91 119
25 14 8 24 91 119
13 15 26 30 30 59
20 36 43 40 61 89
43 13 66 9 61 89
2 1 12 17 3 29
16 52 24 72 90 119
38 48 33 69 92 119
0 1 25 4 1 29
19 9 11 27 92 119
26 3 24 28 31 59
36 19 60 15 60 89
37 0 54 10 91 119
14 14 2 30 30 59
26 2 1 5 30 59
33 26 31 1 91 119
46 37 47 63 91 119
67 15 48 8 92 119
15 11 34 4 32 59
31 20 36 42 91 119
1 1 16 13 2 29
0 1 20 9 1 29
14 16 13 43 30 59
44 10 53 28 61 89
3 25 0 2 32 59
0 1 14 15 1 29
27 22 17 39 91 119
23 5 27 29 90 119
0 1 7 22 1 29
20 9 18 33 62 89
15 13 29 27 30 59
6 36 6 9 61 89
26 2 21 25 30 59
10 18 1 37 30 59
0 1 5 24 1 29
1 26 17 37 31 59
0 3 26 1 60 89
0 1 7 22 60 89
8 22 35 21 30 59
0 30 5 7 30 59
18 10 40 16 30 59
0 1 13 16 1 29
17 7 41 10 61 89
21 8 3 17 31 59
59 17 77 25 92 119
31 24 48 34 91 119
15 11 6 28 32 59
22 14 11 30 61 89
14 34 32 25 61 89
1 1 16 13 2 29
64 13 73 31 91 119
0 1 14 15 1 29
22 15 30 33 62 89
21 19 26 42 90 119
0 1 27 0 1 29
24 10 22 35 61 89
27 1 52 4 30 59
17 17 40 14 92 119
2 35 8 57 60 89
1 3 28 4 90 119
9 17 21 31 92 119
1 1 14 15 2 29
2 26 5 3 92 119
16 12 24 32 30 59
0 2 25 4 2 29
27 16 51 12 60 89
6 23 31 25 31 59
9 21 16 2 32 59
33 46 42 28 91 119
12 18 35 23 30 59
0 2 2 27 2 29
7 27 33 28 61 89
20 10 46 12 30 59
15 14 32 25 60 89
3 26 29 27 31 59
0 2 22 7 2 29
26 14 8 24 90 119
1 2 7 22 3 29
28 13 43 1 91 119
0 2 22 7 2 29
46 43 21 45 91 119
0 1 7 22 1 29
22 5 20 30 31 59
16 0 27 16 61 89
27 4 13 17 31 59
6 21 28 16 31 59
17 35 20 11 61 89
40 16 66 15 61 89
6 23 16 6 31 59
17 11 32 24 30 59
47 32 36 16 91 119
5 34 16 51 60 89
50 18 36 6 92 119
0 1 20 9 1 29
16 38 14 13 61 89
16 29 10 9 62 89
1 25 19 16 61 89
27 17 26 44 90 119
8 56 17 75 90 119
0 1 24 5 1 29
47 6 50 30 91 119
1 1 9 20 2 29
7 20 20 34 31 59
9 22 30 16 31 59
4 66 12 46 90 119
9 20 14 42 91 119
0 2 14 15 2 29
0 3 10 19 3 29
8 8 26 17 61 89
