100 100 2 30 0 150
11 25 15 29 90 150
4 10 5 18 59 150
9 9 16 7 19 150
23 20 18 16 129 150
1 3 3 10 19 150
9 14 4 10 49 150
13 19 11 26 79 150
12 4 12 13 99 150
14 2 17 8 79 150
9 32 11 39 129 150
15 29 8 31 99 150
18 16 18 7 139 150
17 18 23 20 120 150
12 13 17 17 109 150
8 1 1 3 9 150
9 4 7 11 49 150
11 39 19 40 139 150
2 34 9 32 119 150
6 3 14 2 69 150
0 0 6 3 0 150
17 8 12 4 89 150
7 11 6 3 59 150
9 5 9 14 39 150
0 0 8 1 0 150
3 1 9 4 39 150
5 18 13 19 69 150
8 32 2 34 110 150
6 3 9 9 9 150
3 10 3 1 29 150
16 7 9 5 29 150
