100 100 2 30 11 225
29 50 25 41 165 225
0 14 5 23 14 225
5 23 14 18 29 225
18 49 30 48 195 225
17 11 26 6 29 225
23 29 22 42 74 225
16 52 26 56 194 225
11 28 23 29 60 225
36 40 31 49 119 225
27 28 15 27 120 225
15 38 21 45 150 225
30 48 22 54 209 225
25 41 18 48 179 225
15 26 15 39 135 225
5 10 17 11 15 225
31 49 25 41 134 225
43 33 36 40 104 225
14 40 16 52 179 225
26 55 20 48 210 225
31 37 27 27 104 225
45 8 44 20 75 225
44 20 43 33 89 225
35 3 45 7 59 225
0 1 5 9 1 225
14 18 11 29 44 225
21 46 14 40 165 225
0 1 0 14 1 225
22 42 31 37 89 225
26 7 35 3 45 225
25 42 29 51 150 225
