100 100 2 30 11 225
29 50 25 41 0 225
0 14 5 23 0 225
5 23 14 18 0 225
18 49 30 48 0 225
17 11 26 6 0 225
23 29 22 42 0 225
16 52 26 56 0 225
11 28 23 29 0 225
36 40 31 49 0 225
27 28 15 27 0 225
15 38 21 45 0 225
30 48 22 54 0 225
25 41 18 48 0 225
15 26 15 39 0 225
5 10 17 11 0 225
31 49 25 41 0 225
43 33 36 40 0 225
14 40 16 52 0 225
26 55 20 48 0 225
31 37 27 27 0 225
45 8 44 20 0 225
44 20 43 33 0 225
35 3 45 7 0 225
0 1 5 9 0 225
14 18 11 29 0 225
21 46 14 40 0 225
0 1 0 14 0 225
22 42 31 37 0 225
26 7 35 3 0 225
25 42 29 51 0 225
