50 50 2 30 11 225
29 32 25 23 0 179
0 14 5 23 0 29
5 23 14 18 0 44
18 31 30 30 0 209
17 11 26 6 0 44
23 29 22 42 0 89
16 28 26 32 0 209
11 28 23 29 0 74
36 40 31 49 0 134
27 28 15 27 0 134
15 38 21 45 0 164
30 30 22 36 0 224
25 23 18 30 0 194
15 26 15 39 0 149
5 10 17 11 0 29
31 49 25 41 0 149
43 33 36 40 0 119
14 40 16 28 0 194
26 31 20 24 0 224
31 37 27 27 0 119
45 8 44 20 0 89
44 20 43 33 0 104
35 3 45 7 0 74
0 1 5 9 0 14
14 18 11 29 0 59
21 46 14 40 0 179
0 1 0 14 0 14
22 42 31 37 0 104
26 7 35 3 0 59
25 42 29 33 0 164
