50 50 2 30 7 150
20 5 20 14 89 99
3 1 8 5 59 69
3 15 2 23 19 29
23 20 18 16 129 139
1 3 3 10 19 29
5 8 3 1 49 59
14 2 20 5 79 89
12 4 12 13 99 109
14 2 17 8 79 89
8 19 10 26 129 139
20 14 23 20 99 109
18 16 18 7 139 149
17 18 23 20 120 129
12 13 17 17 109 119
8 1 1 3 9 19
9 4 7 11 49 59
10 26 18 27 139 149
15 21 8 19 119 129
6 3 14 2 69 79
0 0 3 6 0 9
17 8 12 4 89 99
7 11 6 3 59 69
2 14 5 8 39 49
0 0 8 1 0 9
3 1 9 4 39 49
8 4 14 2 70 79
23 20 15 21 109 119
3 6 3 15 9 19
3 10 3 1 29 39
2 23 2 14 29 39
