100 100 2 30 11 225
29 50 25 41 165 179
0 14 5 23 14 29
5 23 14 18 29 44
18 49 30 48 195 209
17 11 26 6 29 44
23 29 22 42 74 89
16 52 26 56 194 209
11 28 23 29 60 74
36 40 31 49 119 134
27 28 15 27 120 134
15 38 21 45 150 164
30 48 22 54 209 224
25 41 18 48 179 194
15 26 15 39 135 149
5 10 17 11 15 29
31 49 25 41 134 149
43 33 36 40 104 119
14 40 16 52 179 194
26 55 20 48 210 224
31 37 27 27 104 119
45 8 44 20 75 89
44 20 43 33 89 104
35 3 45 7 59 74
0 1 5 9 1 14
14 18 11 29 44 59
21 46 14 40 165 179
0 1 0 14 1 14
22 42 31 37 89 104
26 7 35 3 45 59
25 42 29 51 150 164
