100 100 2 30 0 150
11 25 15 29 90 99
4 10 5 18 59 69
9 9 16 7 19 29
23 20 18 16 129 139
1 3 3 10 19 29
9 14 4 10 49 59
13 19 11 26 79 89
12 4 12 13 99 109
14 2 17 8 79 89
9 32 11 39 129 139
15 29 8 31 99 109
18 16 18 7 139 149
17 18 23 20 120 129
12 13 17 17 109 119
8 1 1 3 9 19
9 4 7 11 49 59
11 39 19 40 139 149
2 34 9 32 119 129
6 3 14 2 69 79
0 0 6 3 0 9
17 8 12 4 89 99
7 11 6 3 59 69
9 5 9 14 39 49
0 0 8 1 0 9
3 1 9 4 39 49
5 18 13 19 69 79
8 32 2 34 110 119
6 3 9 9 9 19
3 10 3 1 29 39
16 7 9 5 29 39
