50 50 2 30 7 150
20 5 20 14 89 150
3 1 8 5 59 150
3 15 2 23 19 150
23 20 18 16 129 150
1 3 3 10 19 150
5 8 3 1 49 150
14 2 20 5 79 150
12 4 12 13 99 150
14 2 17 8 79 150
8 19 10 26 129 150
20 14 23 20 99 150
18 16 18 7 139 150
17 18 23 20 120 150
12 13 17 17 109 150
8 1 1 3 9 150
9 4 7 11 49 150
10 26 18 27 139 150
15 21 8 19 119 150
6 3 14 2 69 150
0 0 3 6 0 150
17 8 12 4 89 150
7 11 6 3 59 150
2 14 5 8 39 150
0 0 8 1 0 150
3 1 9 4 39 150
8 4 14 2 70 150
23 20 15 21 109 150
3 6 3 15 9 150
3 10 3 1 29 150
2 23 2 14 29 150
