100 100 500 1000 58 80
2 1 28 11 0 39
37 2 37 39 0 79
1 1 9 30 0 39
1 1 6 33 0 39
23 19 36 42 0 79
30 13 3 5 0 79
17 20 21 53 0 79
2 1 28 11 0 39
0 3 34 1 0 39
27 12 39 37 0 79
16 21 43 11 0 79
0 2 12 27 0 39
5 32 30 44 0 79
33 8 7 19 0 79
0 2 29 10 0 39
16 26 12 58 0 79
20 21 25 53 0 79
1 1 19 20 0 39
24 18 36 42 0 79
30 13 47 31 0 79
0 2 29 10 0 39
0 3 34 1 0 39
14 27 33 45 0 79
1 1 30 9 0 39
0 3 11 28 0 39
0 2 24 15 0 39
0 4 24 15 0 39
1 2 12 27 0 39
1 1 20 19 0 39
3 1 29 10 0 39
35 6 56 22 0 79
27 12 56 20 0 79
27 9 13 31 0 79
0 3 28 11 0 39
24 13 49 25 0 79
2 1 31 8 0 39
0 3 5 34 0 39
2 40 5 7 0 79
1 1 34 5 0 39
1 1 15 24 0 39
0 2 6 33 0 39
0 2 0 39 0 39
0 4 22 17 0 39
16 22 32 2 0 79
0 3 23 16 0 39
10 27 13 59 0 79
3 1 37 0 0 39
1 1 34 5 0 39
0 2 30 9 0 39
1 1 12 27 0 39
0 2 17 22 0 39
6 30 18 54 0 79
7 34 35 25 0 79
1 1 6 33 0 39
0 2 17 22 0 39
35 1 64 8 0 79
29 8 37 37 0 79
1 2 34 5 0 39
8 33 6 68 0 79
6 35 38 30 0 79
1 1 35 4 0 39
9 30 39 37 0 79
0 2 2 37 0 39
18 19 26 48 0 79
0 37 20 20 0 79
2 1 19 20 0 39
1 2 12 27 0 39
17 22 2 0 0 79
1 1 23 16 0 39
31 6 28 40 0 79
0 2 22 17 0 39
6 33 40 36 0 79
32 4 31 39 0 79
35 4 52 22 0 79
17 22 49 17 0 79
0 4 11 28 0 39
20 21 31 47 0 79
32 5 11 21 0 79
1 2 13 26 0 39
14 28 24 54 0 79
1 2 32 7 0 39
2 1 6 33 0 39
15 22 31 43 0 79
16 25 25 53 0 79
22 14 46 2 0 79
12 27 33 11 0 79
29 12 50 28 0 79
31 8 45 31 0 79
26 15 21 47 0 79
2 1 30 9 0 39
9 32 21 57 0 79
5 32 5 69 0 79
1 1 16 23 0 39
25 11 20 42 0 79
2 1 24 15 0 39
1 1 36 3 0 39
1 1 12 27 0 39
10 30 37 21 0 79
0 2 26 13 0 39
35 2 5 9 0 79
21 20 27 51 0 79
1 1 29 10 0 39
16 20 43 29 0 79
15 25 36 10 0 79
0 2 36 3 0 39
2 2 22 17 0 39
0 2 24 15 0 39
21 20 56 22 0 79
0 2 19 20 0 39
1 36 4 2 0 79
1 1 10 29 0 39
1 2 27 12 0 39
0 2 6 33 0 39
35 2 68 6 0 79
2 37 6 68 0 79
1 1 20 19 0 39
1 2 7 32 0 39
0 2 17 22 0 39
1 1 15 24 0 39
0 2 26 13 0 39
0 4 31 0 0 39
13 28 21 57 0 79
2 1 30 9 0 39
1 1 13 26 0 39
29 10 53 21 0 79
4 38 35 43 0 79
8 32 32 20 0 79
1 3 9 30 0 39
0 2 28 11 0 39
27 10 57 3 0 79
25 14 35 41 0 79
30 12 64 10 0 79
0 2 30 9 0 39
10 31 4 0 0 79
30 5 20 30 0 79
17 26 6 2 0 79
0 4 20 19 0 39
10 29 22 54 0 79
0 3 9 30 0 39
7 30 25 11 0 79
1 1 29 10 0 39
19 22 39 5 0 79
1 1 37 0 0 39
30 13 8 26 0 79
30 5 55 15 0 79
1 1 33 6 0 39
1 1 10 29 0 39
27 15 56 8 0 79
1 1 36 3 0 39
28 13 63 11 0 79
1 3 16 23 0 39
19 17 28 44 0 79
1 1 18 21 0 39
13 28 34 12 0 79
24 13 35 39 0 79
2 1 28 11 0 39
15 26 39 39 0 79
14 25 49 27 0 79
2 1 14 25 0 39
4 37 30 48 0 79
39 1 65 11 0 79
28 11 6 26 0 79
23 18 46 4 0 79
0 2 17 22 0 39
1 1 12 27 0 39
0 3 6 33 0 39
1 2 22 17 0 39
0 2 25 14 0 39
0 2 31 8 0 39
16 25 37 41 0 79
0 2 27 12 0 39
34 1 68 4 0 79
2 2 36 3 0 39
2 1 1 36 0 39
29 11 10 28 0 79
7 30 13 61 0 79
1 1 13 26 0 39
2 35 22 52 0 79
35 2 23 27 0 79
26 17 35 43 0 79
0 2 35 4 0 39
30 7 22 36 0 79
1 1 11 28 0 39
0 2 8 31 0 39
1 1 25 14 0 39
35 2 18 22 0 79
0 2 4 35 0 39
1 34 3 69 0 79
1 2 7 32 0 39
0 2 2 37 0 39
2 1 35 4 0 39
15 24 31 45 0 79
7 30 39 35 0 79
6 34 13 5 0 79
16 22 8 50 0 79
33 2 56 16 0 79
32 9 52 26 0 79
3 1 28 11 0 39
0 2 0 39 0 39
2 1 20 19 0 39
15 28 12 60 0 79
1 1 13 26 0 39
1 35 23 21 0 79
2 1 7 32 0 39
30 8 5 19 0 79
10 28 42 24 0 79
36 2 27 29 0 79
0 3 1 38 0 39
2 36 33 41 0 79
1 1 15 24 0 39
0 3 21 18 0 39
33 6 64 12 0 79
0 2 14 25 0 39
1 1 14 25 0 39
1 1 14 25 0 39
35 2 32 36 0 79
5 36 30 48 0 79
18 23 39 39 0 79
14 27 17 61 0 79
4 33 14 60 0 79
2 1 16 23 0 39
0 2 14 25 0 39
0 2 24 15 0 39
1 1 12 27 0 39
1 37 8 8 0 79
32 9 14 26 0 79
1 1 36 3 0 39
2 1 37 2 0 39
16 22 35 39 0 79
0 2 27 12 0 39
1 40 13 15 0 79
3 38 31 47 0 79
3 33 13 7 0 79
1 1 22 17 0 39
26 14 43 33 0 79
0 3 23 16 0 39
1 1 35 4 0 39
4 35 18 56 0 79
0 2 27 12 0 39
25 17 59 19 0 79
13 30 2 54 0 79
0 3 3 36 0 39
3 37 15 13 0 79
1 1 25 14 0 39
0 2 0 39 0 39
0 37 1 1 0 79
0 4 31 0 0 39
18 19 53 21 0 79
1 38 29 47 0 79
19 22 7 47 0 79
32 7 65 11 0 79
1 1 9 30 0 39
1 1 28 11 0 39
32 3 32 38 0 79
24 17 31 47 0 79
27 9 8 26 0 79
7 31 25 49 0 79
27 12 55 3 0 79
1 1 25 14 0 39
1 34 29 43 0 79
0 2 35 4 0 39
0 2 20 19 0 39
3 1 4 35 0 39
10 32 42 28 0 79
2 34 32 40 0 79
2 1 32 7 0 39
8 33 32 44 0 79
19 18 5 41 0 79
1 1 35 4 0 39
9 30 28 48 0 79
2 1 21 18 0 39
12 27 15 61 0 79
0 2 32 7 0 39
24 16 54 22 0 79
30 7 17 31 0 79
2 1 3 36 0 39
6 35 13 65 0 79
11 30 32 46 0 79
0 2 23 16 0 39
5 32 2 66 0 79
1 3 25 14 0 39
21 15 16 46 0 79
0 2 14 25 0 39
8 29 11 63 0 79
1 2 15 24 0 39
18 18 53 19 0 79
0 2 6 33 0 39
0 2 33 6 0 39
1 1 2 37 0 39
15 21 15 57 0 79
3 36 25 49 0 79
17 19 32 40 0 79
2 1 23 16 0 39
34 2 22 26 0 79
0 4 34 3 0 39
0 2 30 9 0 39
28 9 7 25 0 79
1 2 24 15 0 39
0 4 4 35 0 39
25 14 51 25 0 79
2 1 28 11 0 39
0 2 4 35 0 39
0 4 33 2 0 39
1 1 11 28 0 39
2 1 1 36 0 39
0 37 28 46 0 79
0 3 16 23 0 39
3 1 26 13 0 39
0 3 5 34 0 39
0 3 34 1 0 39
0 2 3 36 0 39
1 1 29 10 0 39
0 2 30 9 0 39
2 1 5 34 0 39
0 2 32 7 0 39
29 8 50 22 0 79
1 1 25 14 0 39
23 13 24 48 0 79
16 25 9 55 0 79
17 24 47 17 0 79
36 1 58 16 0 79
0 3 1 38 0 39
1 2 29 10 0 39
0 3 3 36 0 39
0 37 4 4 0 79
25 12 55 5 0 79
25 14 12 38 0 79
23 20 24 54 0 79
3 1 23 16 0 39
1 1 7 32 0 39
21 15 37 35 0 79
14 24 47 21 0 79
1 1 35 4 0 39
1 2 8 31 0 39
2 2 24 15 0 39
36 3 35 39 0 79
0 2 27 12 0 39
0 2 24 15 0 39
1 2 8 31 0 39
30 7 38 36 0 79
0 2 17 22 0 39
2 36 20 18 0 79
1 1 18 21 0 39
31 9 25 39 0 79
18 23 10 52 0 79
1 1 30 9 0 39
1 1 14 25 0 39
35 6 44 34 0 79
36 3 24 28 0 79
0 2 32 7 0 39
0 2 20 19 0 39
2 36 22 52 0 79
0 2 23 16 0 39
28 13 22 44 0 79
0 2 3 36 0 39
14 25 11 59 0 79
13 29 40 38 0 79
1 2 14 25 0 39
16 21 48 16 0 79
0 3 23 16 0 39
30 13 62 16 0 79
3 39 7 7 0 79
14 23 49 25 0 79
0 2 16 23 0 39
0 4 23 16 0 39
7 34 23 55 0 79
3 1 12 27 0 39
19 20 17 55 0 79
15 20 46 24 0 79
0 2 33 6 0 39
0 2 8 31 0 39
0 2 28 11 0 39
1 1 2 37 0 39
0 2 9 30 0 39
6 31 29 17 0 79
35 4 5 11 0 79
14 25 28 48 0 79
2 1 8 31 0 39
1 1 26 13 0 39
26 14 60 16 0 79
16 23 21 55 0 79
12 27 15 61 0 79
0 2 15 24 0 39
19 20 3 41 0 79
16 21 47 15 0 79
0 4 2 37 0 39
12 24 26 2 0 79
7 34 29 19 0 79
31 10 15 31 0 79
1 1 1 38 0 39
1 1 7 32 0 39
6 33 11 1 0 79
1 1 16 23 0 39
1 1 8 31 0 39
1 1 1 38 0 39
0 2 30 9 0 39
1 2 35 0 0 39
6 31 25 49 0 79
22 19 42 36 0 79
28 11 38 38 0 79
1 1 21 18 0 39
0 3 9 30 0 39
16 19 12 50 0 79
7 28 18 4 0 79
1 1 1 38 0 39
1 1 7 32 0 39
1 3 1 38 0 39
1 1 14 25 0 39
1 1 6 33 0 39
36 1 39 35 0 79
20 17 49 25 0 79
3 1 10 29 0 39
2 1 31 8 0 39
2 2 2 37 0 39
0 3 33 6 0 39
1 1 37 2 0 39
2 1 33 6 0 39
5 34 5 71 0 79
32 3 25 31 0 79
1 2 5 34 0 39
0 2 12 27 0 39
19 17 39 1 0 79
0 2 21 18 0 39
16 25 39 11 0 79
0 2 0 39 0 39
1 1 27 12 0 39
17 25 11 55 0 79
6 30 32 20 0 79
17 20 11 51 0 79
31 7 64 10 0 79
1 2 4 35 0 39
1 1 24 15 0 39
2 2 4 35 0 39
1 2 13 26 0 39
1 1 17 22 0 39
15 22 36 38 0 79
2 1 32 7 0 39
1 2 35 0 0 39
21 19 45 31 0 79
21 20 25 53 0 79
0 2 22 17 0 39
32 6 0 2 0 79
0 3 15 24 0 39
0 2 4 35 0 39
17 20 20 54 0 79
4 33 34 26 0 79
13 26 18 58 0 79
2 39 25 53 0 79
0 3 35 2 0 39
7 30 27 47 0 79
0 2 5 34 0 39
0 3 31 8 0 39
3 34 3 71 0 79
1 2 14 25 0 39
33 2 68 0 0 79
0 2 1 38 0 39
2 1 6 33 0 39
1 1 29 10 0 39
14 23 30 2 0 79
13 23 43 29 0 79
0 2 3 36 0 39
1 1 26 13 0 39
0 3 1 38 0 39
17 24 28 50 0 79
7 30 21 7 0 79
0 3 10 29 0 39
1 1 20 19 0 39
1 1 20 19 0 39
14 25 38 38 0 79
1 36 24 50 0 79
1 36 25 49 0 79
30 12 40 38 0 79
23 13 2 28 0 79
14 24 24 50 0 79
1 1 24 15 0 39
2 1 0 35 0 39
7 30 6 66 0 79
9 30 20 4 0 79
1 36 5 69 0 79
1 2 18 21 0 39
38 3 73 1 0 79
1 1 10 29 0 39
0 3 33 6 0 39
31 10 39 39 0 79
16 21 35 39 0 79
0 2 28 11 0 39
0 2 32 7 0 39
6 31 31 19 0 79
0 2 7 32 0 39
10 29 33 15 0 79
29 8 6 22 0 79
14 24 39 13 0 79
1 1 27 12 0 39
3 36 19 15 0 79
9 32 35 21 0 79
1 1 7 32 0 39
1 1 17 22 0 39
2 1 14 25 0 39
0 3 18 21 0 39
1 2 21 18 0 39
23 14 37 37 0 79
6 29 20 8 0 79
1 1 4 35 0 39
2 1 5 34 0 39
1 38 14 14 0 79
1 1 15 24 0 39
0 2 14 25 0 39
7 30 15 59 0 79
1 40 0 76 0 79
8 29 42 32 0 79
1 1 37 2 0 39
2 35 26 46 0 79
10 31 12 66 0 79
27 10 34 40 0 79
1 2 7 32 0 39
14 28 44 34 0 79
7 32 26 14 0 79
0 2 16 23 0 39
4 37 7 3 0 79
9 32 21 57 0 79
34 8 53 25 0 79
19 20 14 52 0 79
2 1 27 12 0 39
0 2 35 0 0 39
1 3 22 17 0 39
14 28 46 32 0 79
0 2 2 37 0 39
32 4 16 24 0 79
1 1 1 38 0 39
16 21 13 55 0 79
0 2 32 7 0 39
28 9 17 35 0 79
26 12 36 38 0 79
1 1 7 32 0 39
22 16 38 36 0 79
22 15 0 30 0 79
0 2 5 34 0 39
0 2 4 35 0 39
2 2 8 31 0 39
28 9 57 1 0 79
12 28 29 47 0 79
33 5 17 25 0 79
0 2 5 34 0 39
5 36 36 42 0 79
1 1 20 19 0 39
36 1 69 5 0 79
0 2 21 18 0 39
0 2 18 21 0 39
2 1 16 23 0 39
15 28 15 63 0 79
1 38 15 61 0 79
11 31 39 23 0 79
0 2 11 28 0 39
0 2 26 13 0 39
34 5 7 15 0 79
38 0 62 12 0 79
1 3 23 16 0 39
1 1 26 13 0 39
1 1 19 20 0 39
4 35 30 46 0 79
25 11 26 46 0 79
18 23 19 59 0 79
30 11 30 48 0 79
21 21 5 41 0 79
10 31 23 7 0 79
1 1 1 38 0 39
0 2 2 37 0 39
25 12 55 19 0 79
9 30 9 67 0 79
38 1 60 16 0 79
0 2 21 18 0 39
1 1 30 9 0 39
8 33 34 44 0 79
15 27 45 33 0 79
0 2 16 23 0 39
0 2 35 4 0 39
0 3 33 0 0 39
1 1 13 26 0 39
0 2 4 35 0 39
24 13 1 1 0 79
27 15 62 16 0 79
19 22 54 20 0 79
1 2 35 0 0 39
9 32 43 29 0 79
15 27 25 53 0 79
13 25 33 9 0 79
4 37 10 68 0 79
1 2 20 19 0 39
0 2 6 33 0 39
37 1 15 15 0 79
1 1 5 34 0 39
2 34 12 8 0 79
7 29 39 25 0 79
0 2 28 11 0 39
1 1 10 29 0 39
5 31 12 60 0 79
0 2 13 26 0 39
5 33 31 23 0 79
24 13 53 21 0 79
11 25 31 9 0 79
33 8 67 11 0 79
20 19 55 21 0 79
15 26 12 60 0 79
36 2 28 30 0 79
1 2 4 35 0 39
32 3 28 36 0 79
30 1 0 8 0 79
1 1 17 22 0 39
15 25 3 1 0 79
1 2 18 21 0 39
33 4 32 40 0 79
30 11 7 25 0 79
27 12 10 32 0 79
0 39 13 63 0 79
23 14 22 50 0 79
10 30 34 42 0 79
31 10 31 47 0 79
2 37 33 41 0 79
0 2 31 8 0 39
1 1 35 4 0 39
2 1 1 36 0 39
1 1 5 34 0 39
0 2 23 16 0 39
0 2 24 15 0 39
20 21 11 49 0 79
0 2 16 23 0 39
0 2 11 28 0 39
19 23 45 33 0 79
1 1 11 28 0 39
0 2 16 23 0 39
0 3 6 33 0 39
5 32 38 28 0 79
23 16 18 48 0 79
2 1 0 35 0 39
1 1 20 19 0 39
2 1 7 32 0 39
23 13 54 18 0 79
1 1 9 30 0 39
8 29 36 20 0 79
13 28 1 53 0 79
20 19 44 32 0 79
7 36 3 67 0 79
32 6 17 27 0 79
1 1 1 38 0 39
1 1 17 22 0 39
1 1 2 37 0 39
19 23 49 17 0 79
0 41 22 56 0 79
1 1 30 9 0 39
0 2 17 22 0 39
2 1 5 34 0 39
0 2 7 32 0 39
0 2 33 6 0 39
0 3 7 32 0 39
31 6 47 27 0 79
23 20 48 30 0 79
2 1 13 26 0 39
36 5 56 22 0 79
29 7 25 39 0 79
17 23 51 25 0 79
2 1 10 29 0 39
1 1 9 30 0 39
3 34 7 1 0 79
1 1 37 0 0 39
0 2 30 9 0 39
31 10 8 24 0 79
3 37 29 47 0 79
35 2 66 8 0 79
15 24 39 37 0 79
0 2 21 18 0 39
0 2 18 21 0 39
2 2 28 11 0 39
3 34 21 15 0 79
23 16 50 6 0 79
0 2 19 20 0 39
16 21 41 33 0 79
0 3 19 20 0 39
0 2 22 17 0 39
3 1 30 9 0 39
19 19 46 10 0 79
1 1 20 19 0 39
27 8 58 12 0 79
2 1 27 12 0 39
0 3 10 29 0 39
0 4 13 26 0 39
19 22 24 54 0 79
8 29 43 31 0 79
1 2 4 35 0 39
2 1 24 15 0 39
0 3 24 15 0 39
19 18 33 41 0 79
2 1 14 25 0 39
0 2 10 29 0 39
0 32 7 3 0 79
20 17 11 45 0 79
38 1 20 20 0 79
0 2 27 12 0 39
5 32 12 2 0 79
0 2 33 6 0 39
2 1 8 31 0 39
1 2 20 19 0 39
0 3 0 39 0 39
10 26 18 54 0 79
1 39 6 8 0 79
4 34 28 46 0 79
0 2 32 7 0 39
0 2 4 35 0 39
1 1 32 7 0 39
2 39 27 29 0 79
4 35 18 12 0 79
0 3 3 36 0 39
1 1 32 7 0 39
1 1 0 37 0 39
11 26 5 57 0 79
0 2 4 35 0 39
22 14 45 27 0 79
20 21 44 8 0 79
9 28 31 13 0 79
10 26 20 52 0 79
36 6 56 22 0 79
8 29 43 27 0 79
22 17 34 42 0 79
1 1 36 3 0 39
0 3 8 31 0 39
1 3 24 15 0 39
23 13 23 49 0 79
2 1 16 23 0 39
0 2 15 24 0 39
33 8 20 32 0 79
25 12 13 37 0 79
1 2 23 16 0 39
26 16 30 48 0 79
20 16 51 21 0 79
1 1 4 35 0 39
1 1 21 18 0 39
1 2 15 24 0 39
13 24 17 57 0 79
30 12 51 27 0 79
0 3 9 30 0 39
10 33 25 53 0 79
13 22 16 54 0 79
0 2 11 28 0 39
1 2 5 34 0 39
1 1 19 20 0 39
5 34 38 30 0 79
0 2 10 29 0 39
0 3 33 0 0 39
1 1 16 23 0 39
31 8 67 7 0 79
20 22 54 24 0 79
20 17 26 48 0 79
26 11 58 16 0 79
0 3 3 36 0 39
16 22 43 13 0 79
2 1 23 16 0 39
0 4 19 20 0 39
0 2 13 26 0 39
1 1 29 10 0 39
8 35 32 24 0 79
1 2 24 15 0 39
10 31 7 65 0 79
2 2 2 37 0 39
0 3 2 37 0 39
10 27 30 44 0 79
1 1 33 6 0 39
10 30 23 7 0 79
1 1 7 32 0 39
29 10 41 35 0 79
28 14 20 42 0 79
29 12 24 44 0 79
1 1 5 34 0 39
34 3 50 24 0 79
32 3 28 34 0 79
0 2 5 34 0 39
30 12 8 26 0 79
0 2 27 12 0 39
11 31 4 60 0 79
12 31 31 47 0 79
1 1 8 31 0 39
4 33 39 31 0 79
16 24 8 52 0 79
9 30 39 35 0 79
0 2 28 11 0 39
1 1 33 6 0 39
0 2 9 30 0 39
27 9 32 40 0 79
2 1 10 29 0 39
24 15 60 16 0 79
2 2 32 7 0 39
0 2 25 14 0 39
0 2 25 14 0 39
1 2 21 18 0 39
2 1 19 20 0 39
21 20 39 1 0 79
24 15 24 52 0 79
13 29 5 57 0 79
0 2 8 31 0 39
22 14 39 33 0 79
28 15 1 7 0 79
35 2 55 19 0 79
0 2 25 14 0 39
24 12 3 27 0 79
1 3 0 37 0 39
18 24 10 52 0 79
1 1 4 35 0 39
5 36 15 63 0 79
1 1 1 38 0 39
34 8 23 33 0 79
0 2 36 1 0 39
13 28 13 65 0 79
1 1 35 4 0 39
8 31 18 4 0 79
23 16 10 40 0 79
0 37 4 70 0 79
14 28 14 64 0 79
1 2 33 6 0 39
0 2 32 7 0 39
24 15 4 32 0 79
1 2 27 12 0 39
0 2 11 28 0 39
1 3 23 16 0 39
0 2 6 33 0 39
0 2 23 16 0 39
24 15 34 42 0 79
0 2 19 20 0 39
1 1 21 18 0 39
0 2 17 22 0 39
22 15 53 21 0 79
2 2 32 7 0 39
1 38 34 34 0 79
0 2 13 26 0 39
1 1 17 22 0 39
23 17 15 45 0 79
2 1 13 26 0 39
0 4 7 32 0 39
1 2 15 24 0 39
1 3 28 11 0 39
1 1 30 9 0 39
2 2 23 16 0 39
19 22 16 56 0 79
1 1 4 35 0 39
1 1 27 12 0 39
0 2 36 3 0 39
27 13 18 40 0 79
1 1 20 19 0 39
36 5 48 30 0 79
0 3 30 9 0 39
1 3 28 11 0 39
31 3 53 17 0 79
0 2 11 28 0 39
0 2 14 25 0 39
1 1 6 33 0 39
2 39 32 46 0 79
32 9 15 29 0 79
0 2 36 1 0 39
3 1 20 19 0 39
4 37 13 9 0 79
1 1 6 33 0 39
0 2 7 32 0 39
1 2 10 29 0 39
1 1 16 23 0 39
2 1 16 23 0 39
0 2 28 11 0 39
2 34 10 62 0 79
1 1 16 23 0 39
1 1 23 16 0 39
16 20 47 15 0 79
22 15 53 21 0 79
34 7 56 22 0 79
32 9 15 29 0 79
0 2 0 39 0 39
16 19 45 13 0 79
9 32 17 3 0 79
5 36 29 23 0 79
1 3 16 23 0 39
29 12 60 18 0 79
0 2 18 21 0 39
13 24 42 16 0 79
1 1 27 12 0 39
19 18 33 41 0 79
15 25 49 23 0 79
14 27 38 14 0 79
32 9 12 26 0 79
34 5 30 38 0 79
1 1 15 24 0 39
4 37 26 52 0 79
0 2 18 21 0 39
2 37 6 4 0 79
34 2 58 14 0 79
1 1 37 0 0 39
0 2 8 31 0 39
26 16 14 40 0 79
37 3 20 22 0 79
34 3 68 6 0 79
0 2 26 13 0 39
0 3 14 25 0 39
1 3 20 19 0 39
10 31 16 62 0 79
25 12 4 26 0 79
0 2 15 24 0 39
7 34 25 17 0 79
35 4 13 19 0 79
1 1 30 9 0 39
27 10 32 42 0 79
0 37 34 40 0 79
23 14 11 39 0 79
10 26 21 1 0 79
10 27 22 52 0 79
36 3 30 32 0 79
14 27 13 61 0 79
22 15 42 32 0 79
2 1 17 22 0 39
1 1 36 3 0 39
5 36 12 66 0 79
0 2 24 15 0 39
27 14 22 44 0 79
0 2 1 38 0 39
29 11 19 37 0 79
20 19 42 34 0 79
1 1 33 6 0 39
0 4 13 26 0 39
30 9 49 27 0 79
1 2 10 29 0 39
10 27 6 60 0 79
20 17 16 50 0 79
1 1 13 26 0 39
16 21 35 39 0 79
0 2 8 31 0 39
0 2 21 18 0 39
11 28 20 0 0 79
31 10 24 40 0 79
2 35 16 58 0 79
0 2 23 16 0 39
1 1 11 28 0 39
27 13 9 31 0 79
30 13 58 20 0 79
35 3 52 22 0 79
26 13 11 33 0 79
0 2 5 34 0 39
0 2 35 0 0 39
1 2 16 23 0 39
27 9 54 18 0 79
0 2 33 6 0 39
0 4 3 36 0 39
11 26 37 37 0 79
0 2 29 10 0 39
1 1 19 20 0 39
16 21 20 54 0 79
0 39 6 10 0 79
1 1 7 32 0 39
24 15 14 42 0 79
23 12 20 44 0 79
2 1 15 24 0 39
6 29 34 22 0 79
17 20 42 32 0 79
2 1 9 30 0 39
0 2 0 39 0 39
31 8 24 38 0 79
7 30 16 4 0 79
23 14 37 37 0 79
4 37 37 41 0 79
0 2 30 9 0 39
0 2 10 29 0 39
30 11 43 35 0 79
0 2 24 15 0 39
8 30 34 40 0 79
0 3 4 35 0 39
32 5 16 26 0 79
0 4 25 14 0 39
19 17 43 5 0 79
0 2 27 12 0 39
31 7 65 9 0 79
0 2 6 33 0 39
5 32 2 66 0 79
0 3 11 28 0 39
6 36 38 40 0 79
1 38 26 26 0 79
0 2 26 13 0 39
0 3 26 13 0 39
26 14 7 31 0 79
11 26 30 44 0 79
26 14 55 7 0 79
1 1 9 30 0 39
6 29 3 61 0 79
0 2 3 36 0 39
2 1 0 35 0 39
1 3 28 11 0 39
1 1 7 32 0 39
11 30 27 9 0 79
6 31 33 41 0 79
0 2 33 6 0 39
10 27 10 64 0 79
2 1 37 2 0 39
26 11 41 33 0 79
3 37 33 31 0 79
26 11 26 48 0 79
30 12 35 43 0 79
0 2 29 10 0 39
2 2 13 26 0 39
0 2 18 21 0 39
