100 100 500 5000 58 400
37 41 2 43 0 119
37 2 37 39 0 79
37 43 13 32 0 119
39 82 16 95 0 359
6 66 16 39 0 199
29 23 33 56 0 199
31 43 39 14 0 199
44 3 77 7 0 319
43 33 78 31 0 199
50 0 57 30 0 279
68 34 43 45 0 159
0 2 27 12 0 39
75 64 86 39 0 279
47 18 66 36 0 159
28 13 58 6 0 79
37 56 23 33 0 319
35 26 44 54 0 239
0 3 16 23 0 39
57 40 82 29 0 199
45 13 67 27 0 319
58 20 35 34 0 199
77 20 84 50 0 399
2 29 29 19 0 399
49 37 41 65 0 399
59 38 47 63 0 159
74 41 46 32 0 159
38 49 38 86 0 399
21 44 53 49 0 399
49 64 53 97 0 159
64 1 79 21 0 239
42 2 20 16 0 159
0 2 0 39 0 39
89 25 55 28 0 199
31 10 14 30 0 159
40 14 18 29 0 119
11 30 27 9 0 79
45 80 40 49 0 279
28 27 25 61 0 399
65 13 54 39 0 119
21 20 19 55 0 79
0 2 30 9 0 39
43 38 68 48 0 159
23 92 56 96 0 399
75 63 65 90 0 359
51 39 17 42 0 279
31 62 58 72 0 239
55 41 88 45 0 359
43 77 11 72 0 279
16 64 34 45 0 199
74 17 67 47 0 399
9 32 35 21 0 79
42 57 12 50 0 399
8 63 31 77 0 399
73 63 87 86 0 359
91 51 80 25 0 199
33 84 67 87 0 399
41 42 41 5 0 399
36 72 48 47 0 279
85 73 66 55 0 359
33 89 56 76 0 399
45 35 39 5 0 399
58 8 56 43 0 359
28 28 40 53 0 359
33 41 28 9 0 119
42 48 63 64 0 199
43 31 63 47 0 159
58 65 77 47 0 239
93 48 98 80 0 319
2 34 32 40 0 79
81 10 92 35 0 199
26 58 3 46 0 359
17 28 31 51 0 319
42 37 68 47 0 119
13 29 25 53 0 79
32 46 65 50 0 119
44 52 51 82 0 359
10 9 23 32 0 279
24 13 38 36 0 79
35 54 3 59 0 319
71 47 93 33 0 319
48 33 43 65 0 319
25 13 25 50 0 199
33 17 18 39 0 119
64 74 41 60 0 279
29 13 29 50 0 199
51 68 61 95 0 399
63 41 57 10 0 279
2 1 25 14 0 39
67 65 90 79 0 199
1 1 33 6 0 39
29 7 50 23 0 199
44 93 37 65 0 319
35 15 5 8 0 199
37 13 39 46 0 279
29 6 51 20 0 199
79 74 99 57 0 239
56 52 67 26 0 279
67 23 53 1 0 319
71 16 39 13 0 399
53 84 42 58 0 319
22 68 52 73 0 279
51 30 87 31 0 399
33 38 46 14 0 239
94 44 79 66 0 359
51 17 87 18 0 199
51 51 26 40 0 319
9 31 0 4 0 79
15 31 37 45 0 319
16 24 2 2 0 79
34 74 64 68 0 399
41 34 8 37 0 119
57 37 46 63 0 359
48 39 44 8 0 399
18 22 50 26 0 79
45 68 44 32 0 159
11 64 23 40 0 119
33 98 32 63 0 359
58 37 60 2 0 159
16 22 43 13 0 79
22 85 6 66 0 319
37 77 2 79 0 279
53 78 53 41 0 399
0 3 13 26 0 39
45 92 61 73 0 319
1 40 30 34 0 79
14 25 49 23 0 79
37 45 22 25 0 119
5 50 2 18 0 159
63 22 51 47 0 239
41 69 61 53 0 399
51 5 76 17 0 119
77 37 68 65 0 279
2 1 0 35 0 39
57 31 24 34 0 319
14 28 46 32 0 79
28 17 50 32 0 159
63 53 80 34 0 159
26 17 35 43 0 79
90 34 64 45 0 279
33 15 23 41 0 399
34 40 25 12 0 359
11 30 39 39 0 79
23 12 50 21 0 279
10 25 32 40 0 239
0 3 34 1 0 39
39 58 58 76 0 239
57 75 48 47 0 279
33 37 12 21 0 119
1 1 21 18 0 39
29 18 62 22 0 319
42 3 46 35 0 279
1 84 11 57 0 319
70 96 44 85 0 359
10 29 29 11 0 159
73 31 71 66 0 199
40 15 64 4 0 239
80 67 57 79 0 399
58 19 32 9 0 119
62 31 33 23 0 319
15 1 48 5 0 359
39 28 23 49 0 399
8 29 11 63 0 79
2 2 29 10 0 39
11 50 37 60 0 199
64 32 53 6 0 359
23 20 48 30 0 79
20 69 34 47 0 279
55 28 41 51 0 399
30 15 66 14 0 159
0 2 29 10 0 39
38 14 25 38 0 359
31 46 26 15 0 119
2 16 2 52 0 159
14 5 39 15 0 319
11 11 10 47 0 119
43 29 49 60 0 199
2 41 37 39 0 159
18 59 5 83 0 319
24 69 57 66 0 279
27 87 26 52 0 159
0 2 32 7 0 39
50 56 80 50 0 239
31 7 4 17 0 119
49 35 27 49 0 239
42 15 58 34 0 319
1 1 2 37 0 39
70 66 90 82 0 319
44 9 50 38 0 239
0 4 31 0 0 39
75 69 44 75 0 359
54 39 88 42 0 159
1 2 19 20 0 39
61 86 77 65 0 399
32 81 48 60 0 319
9 70 27 52 0 119
49 25 59 52 0 119
49 54 53 21 0 399
1 1 10 29 0 39
33 3 33 40 0 359
0 2 20 19 0 39
0 5 10 31 0 119
68 61 33 63 0 319
1 1 34 5 0 39
90 30 84 61 0 199
43 68 16 60 0 159
44 20 75 15 0 399
4 61 27 48 0 119
14 7 38 20 0 159
55 38 59 71 0 239
23 35 53 29 0 399
76 45 48 36 0 319
73 38 44 32 0 159
27 49 25 84 0 119
52 63 65 40 0 359
24 66 10 89 0 279
36 1 1 3 0 239
52 47 48 80 0 159
9 67 7 32 0 359
21 20 38 2 0 79
0 3 32 7 0 39
0 2 29 10 0 39
19 30 49 37 0 159
0 29 36 30 0 239
1 1 26 13 0 39
12 51 23 76 0 199
5 41 8 8 0 159
36 19 70 16 0 239
14 27 40 16 0 79
20 13 48 22 0 319
96 14 84 38 0 399
73 31 39 28 0 279
9 28 31 13 0 79
0 6 28 15 0 119
45 22 17 14 0 199
65 63 84 80 0 239
29 44 57 36 0 359
44 77 29 98 0 199
66 53 34 58 0 239
2 78 29 88 0 119
32 11 56 24 0 319
2 43 16 66 0 159
11 31 39 23 0 79
4 47 18 70 0 399
24 47 20 79 0 119
48 50 48 87 0 199
26 42 16 17 0 119
24 35 31 5 0 239
0 2 33 6 0 39
35 77 20 56 0 159
72 38 37 39 0 399
30 65 18 41 0 359
0 2 4 35 0 39
45 27 51 57 0 159
10 27 10 64 0 79
97 11 94 45 0 199
22 1 8 24 0 239
46 31 65 13 0 319
26 56 28 89 0 119
83 30 72 55 0 279
34 87 30 54 0 239
88 83 62 93 0 279
27 15 59 19 0 79
59 41 23 42 0 359
60 17 90 24 0 159
58 92 52 61 0 359
97 40 96 76 0 399
35 2 14 18 0 79
29 35 7 20 0 199
96 5 89 33 0 239
90 67 76 46 0 399
22 14 45 1 0 79
2 1 4 35 0 39
1 40 26 52 0 79
6 31 29 17 0 239
34 37 3 42 0 119
69 17 64 49 0 359
30 13 3 5 0 79
13 29 15 62 0 119
24 34 39 13 0 319
60 33 87 23 0 159
63 36 49 58 0 359
49 97 19 90 0 359
73 54 40 50 0 319
37 71 26 46 0 239
61 59 32 52 0 399
43 50 31 25 0 239
2 1 16 23 0 39
34 57 9 69 0 319
90 39 67 25 0 319
71 44 43 52 0 279
55 15 75 32 0 119
70 40 61 14 0 279
28 30 37 2 0 199
65 38 77 63 0 399
33 29 56 15 0 119
17 20 22 52 0 79
67 94 33 97 0 319
25 15 10 37 0 119
34 68 35 32 0 199
4 39 32 30 0 159
49 48 80 42 0 159
12 27 40 18 0 79
36 29 19 9 0 239
23 53 0 66 0 319
23 30 22 65 0 199
21 66 49 75 0 239
54 16 86 11 0 359
2 1 10 29 0 39
21 4 27 35 0 159
3 34 21 15 0 79
44 49 18 59 0 279
66 34 56 8 0 239
0 2 24 15 0 39
50 82 62 57 0 359
26 43 60 40 0 399
6 31 19 7 0 79
39 38 29 12 0 199
58 52 55 18 0 199
53 44 57 75 0 239
36 37 39 70 0 279
81 66 58 79 0 199
52 49 87 51 0 159
90 80 55 82 0 359
0 56 15 36 0 279
50 27 64 4 0 159
35 41 4 35 0 119
0 2 14 25 0 39
1 2 7 32 0 39
78 48 94 27 0 279
45 44 64 60 0 399
4 33 14 60 0 79
62 41 34 32 0 239
8 40 18 67 0 279
52 34 20 30 0 159
1 2 12 27 0 39
28 15 51 29 0 159
59 48 56 82 0 319
63 83 54 56 0 319
91 42 65 53 0 399
23 36 58 34 0 319
14 23 50 24 0 79
52 95 35 76 0 199
15 55 42 65 0 119
58 20 81 6 0 119
15 61 31 40 0 199
26 19 4 4 0 319
35 5 32 39 0 279
55 42 76 26 0 159
71 80 45 70 0 279
53 67 75 81 0 399
96 26 78 44 0 399
33 8 20 32 0 79
0 3 10 29 0 39
23 52 52 45 0 119
92 37 76 16 0 239
0 3 16 23 0 39
27 12 56 20 0 79
30 10 0 4 0 79
54 42 19 44 0 359
3 61 14 87 0 359
49 60 49 23 0 399
90 38 93 4 0 279
22 47 21 82 0 119
17 71 15 37 0 239
33 55 10 43 0 199
28 62 15 38 0 359
51 28 33 47 0 319
15 44 46 50 0 319
48 69 48 34 0 399
31 60 19 84 0 279
47 2 66 20 0 239
14 24 24 50 0 79
2 34 33 29 0 79
72 50 59 26 0 359
14 24 7 53 0 239
39 41 53 64 0 119
39 67 5 68 0 279
18 22 33 43 0 159
0 2 27 12 0 39
40 35 35 4 0 119
52 34 84 39 0 279
36 45 51 67 0 319
6 25 36 19 0 119
0 2 1 38 0 39
35 49 71 48 0 199
28 8 59 3 0 79
26 10 61 9 0 79
46 72 15 77 0 319
13 29 41 37 0 79
5 52 37 48 0 119
32 39 44 64 0 239
50 29 15 31 0 319
34 44 49 66 0 119
44 56 23 71 0 239
72 48 41 43 0 399
1 1 25 14 0 39
89 92 58 98 0 319
14 23 40 12 0 79
46 49 40 18 0 399
32 7 64 2 0 79
1 1 12 27 0 39
13 25 33 9 0 79
34 42 30 9 0 199
5 75 41 76 0 119
63 9 40 22 0 239
43 81 39 48 0 359
68 74 56 50 0 319
28 52 22 83 0 199
61 8 55 39 0 319
54 45 29 33 0 239
0 4 3 36 0 39
0 2 20 19 0 39
64 25 70 55 0 279
23 32 21 66 0 359
1 1 33 6 0 39
16 62 36 45 0 119
1 1 9 30 0 39
58 55 43 77 0 399
38 40 72 37 0 279
51 51 23 60 0 279
74 60 42 55 0 359
87 55 88 91 0 199
25 48 38 71 0 119
0 2 5 34 0 39
30 48 48 30 0 239
53 69 63 42 0 279
12 37 40 46 0 159
35 67 3 63 0 319
53 77 67 54 0 199
39 74 51 49 0 159
27 22 8 39 0 199
73 26 69 58 0 279
23 89 13 62 0 359
66 69 96 74 0 399
59 16 53 47 0 399
86 63 70 84 0 239
71 36 40 30 0 159
41 82 38 48 0 319
2 2 29 10 0 39
29 57 61 52 0 199
14 37 15 2 0 279
85 29 59 18 0 359
83 90 50 86 0 399
27 11 50 24 0 79
2 1 32 7 0 39
81 15 71 41 0 159
78 63 74 30 0 319
9 8 28 26 0 319
0 2 18 21 0 39
83 32 49 34 0 279
0 2 8 31 0 39
5 97 25 81 0 399
40 61 32 90 0 319
33 12 22 38 0 159
97 67 64 69 0 359
36 46 46 19 0 359
5 60 40 58 0 319
67 46 44 59 0 199
68 35 80 60 0 159
11 65 11 28 0 119
16 25 3 49 0 79
72 55 95 41 0 239
0 2 32 7 0 39
30 39 19 15 0 239
2 2 33 6 0 39
95 44 69 55 0 239
8 15 2 45 0 199
18 59 38 76 0 239
36 89 64 81 0 279
51 54 60 82 0 239
29 42 1 51 0 159
30 12 40 38 0 79
60 23 77 42 0 279
13 24 6 54 0 79
36 48 57 32 0 199
54 20 42 45 0 359
98 6 71 15 0 399
96 44 90 75 0 199
62 7 34 16 0 159
19 20 29 47 0 79
0 4 31 0 0 39
1 2 6 33 0 39
55 11 77 25 0 159
64 56 49 35 0 399
23 56 58 58 0 319
4 26 12 55 0 119
37 1 46 28 0 79
39 38 39 74 0 119
80 27 52 18 0 159
8 62 27 44 0 359
52 24 41 50 0 199
56 3 30 14 0 239
40 54 44 22 0 399
3 1 20 19 0 39
42 48 60 29 0 359
22 45 56 42 0 239
31 10 8 24 0 79
10 27 17 57 0 79
57 77 34 91 0 359
0 3 35 2 0 39
62 41 46 61 0 199
32 29 60 22 0 239
23 5 47 18 0 119
1 45 18 65 0 119
34 42 59 32 0 199
32 7 36 40 0 399
53 7 61 36 0 279
52 43 75 30 0 279
51 13 69 31 0 239
0 2 31 8 0 39
75 69 49 78 0 279
7 6 39 1 0 239
30 23 38 51 0 119
73 81 71 46 0 199
78 31 86 2 0 399
51 61 18 57 0 199
46 16 76 23 0 279
53 21 57 53 0 239
40 89 31 62 0 279
21 52 52 58 0 399
1 2 20 19 0 39
20 17 16 50 0 79
15 51 23 80 0 119
2 4 0 38 0 239
41 18 46 50 0 239
1 3 17 22 0 39
36 85 66 79 0 279
32 65 41 93 0 399
48 20 59 46 0 119
15 58 21 88 0 279
38 10 30 38 0 239
57 25 80 12 0 159
34 40 58 51 0 119
57 50 68 24 0 159
67 23 98 17 0 199
98 19 78 36 0 239
43 3 78 4 0 239
91 43 57 40 0 279
48 9 35 33 0 159
96 63 92 96 0 399
78 37 49 29 0 239
1 36 25 49 0 79
75 77 47 69 0 399
30 21 61 27 0 159
22 13 50 6 0 319
2 2 13 26 0 39
50 29 72 14 0 319
34 7 29 39 0 399
30 89 16 67 0 359
6 44 24 25 0 119
27 20 29 55 0 159
15 81 43 90 0 359
21 79 44 65 0 279
0 68 5 36 0 279
6 49 9 83 0 399
30 39 56 28 0 399
71 94 40 88 0 399
5 1 15 28 0 119
16 17 5 43 0 159
1 16 35 14 0 199
5 46 33 54 0 199
37 35 9 26 0 119
59 13 39 28 0 119
23 34 58 36 0 159
22 48 32 23 0 119
27 15 50 27 0 199
4 7 29 19 0 159
74 19 41 15 0 319
2 1 12 27 0 39
8 75 36 68 0 399
93 77 89 45 0 319
11 26 37 37 0 79
22 18 34 42 0 79
34 1 56 16 0 239
80 60 50 53 0 279
24 26 41 8 0 199
55 48 22 51 0 359
42 32 59 50 0 119
70 24 63 53 0 239
38 44 44 75 0 279
64 41 87 54 0 279
78 7 77 42 0 279
42 13 60 31 0 199
1 2 14 25 0 39
1 2 3 36 0 39
42 25 36 55 0 199
14 97 47 93 0 159
21 65 29 37 0 399
46 11 11 9 0 319
68 63 90 48 0 319
55 60 34 44 0 159
4 9 20 30 0 159
3 2 3 38 0 119
57 41 35 26 0 199
1 1 9 30 0 39
49 39 49 76 0 279
2 30 26 18 0 159
11 81 30 99 0 359
45 53 47 19 0 399
52 20 30 34 0 159
1 1 21 18 0 39
40 33 67 24 0 119
17 22 43 33 0 79
5 37 24 20 0 79
89 75 57 79 0 319
46 39 81 37 0 239
67 58 87 75 0 399
75 42 83 13 0 239
68 15 94 4 0 319
12 14 38 4 0 399
39 40 43 71 0 159
44 34 44 71 0 279
18 22 37 5 0 79
29 21 58 13 0 359
32 32 39 62 0 279
51 39 80 31 0 359
30 3 2 11 0 199
2 2 11 28 0 39
50 4 49 40 0 279
38 31 71 27 0 399
66 27 43 14 0 359
1 39 6 8 0 79
2 1 8 31 0 39
37 39 3 36 0 119
1 2 24 15 0 39
0 3 25 14 0 39
46 64 56 37 0 359
36 14 66 9 0 199
93 46 70 32 0 319
70 23 99 31 0 399
0 3 6 33 0 39
52 33 35 53 0 319
19 67 37 86 0 279
72 31 75 65 0 399
88 65 67 80 0 199
0 2 27 12 0 39
3 1 19 20 0 39
37 37 69 42 0 119
85 48 70 70 0 239
7 19 21 42 0 119
42 64 53 38 0 279
59 55 27 59 0 239
57 15 67 42 0 119
53 60 67 83 0 159
11 22 10 58 0 159
70 53 60 26 0 239
33 4 26 34 0 79
55 30 22 34 0 239
50 65 83 69 0 319
65 70 74 42 0 399
31 13 67 14 0 119
2 1 16 23 0 39
38 56 8 49 0 279
70 34 37 38 0 279
8 27 40 32 0 159
69 98 73 65 0 239
3 1 18 21 0 39
45 29 15 24 0 279
62 81 98 80 0 399
30 51 25 81 0 159
47 27 38 55 0 119
6 33 8 68 0 79
11 65 39 56 0 119
72 23 67 55 0 159
67 52 90 39 0 199
91 77 71 61 0 319
68 6 80 31 0 119
99 36 68 42 0 399
11 3 24 27 0 119
28 19 61 15 0 319
2 1 32 7 0 39
78 53 61 73 0 399
28 11 42 34 0 79
40 74 34 43 0 199
68 59 56 34 0 399
23 60 20 94 0 319
0 2 24 15 0 39
71 56 41 63 0 319
1 1 16 23 0 39
2 36 29 27 0 399
75 38 75 1 0 399
55 9 65 36 0 359
11 43 33 28 0 119
23 52 54 57 0 119
0 2 25 14 0 39
0 41 12 16 0 79
90 97 54 96 0 239
62 47 31 52 0 359
6 48 13 76 0 199
58 72 92 74 0 399
0 3 26 13 0 39
14 27 38 14 0 79
45 79 30 57 0 279
22 34 32 60 0 159
11 68 41 61 0 319
64 60 45 77 0 319
39 55 43 22 0 279
14 65 41 57 0 159
53 11 57 43 0 159
53 87 84 83 0 279
12 26 14 60 0 79
5 16 40 15 0 279
28 54 40 29 0 199
33 33 14 51 0 359
49 32 83 35 0 399
8 73 40 78 0 239
41 5 69 14 0 279
14 36 30 16 0 319
0 2 2 37 0 39
0 2 23 16 0 39
18 37 46 29 0 359
1 1 18 21 0 39
69 32 97 39 0 159
26 11 40 32 0 159
40 29 48 1 0 199
2 1 28 11 0 39
5 49 23 68 0 119
74 35 66 6 0 239
56 34 90 35 0 359
31 34 63 30 0 119
2 1 5 34 0 39
17 66 43 76 0 359
3 67 26 81 0 119
28 80 57 73 0 159
43 43 59 23 0 159
1 1 10 29 0 39
85 50 99 28 0 279
1 1 11 28 0 39
25 5 57 2 0 119
37 7 70 3 0 359
1 2 23 16 0 39
0 2 18 21 0 39
21 16 27 47 0 79
5 33 25 17 0 159
34 49 15 67 0 319
40 7 26 30 0 239
16 30 50 33 0 359
17 19 44 28 0 79
5 30 25 47 0 399
60 35 75 55 0 399
44 89 36 60 0 399
0 3 33 0 0 39
79 71 71 42 0 359
54 53 43 79 0 399
18 55 47 48 0 119
0 2 11 28 0 39
2 1 11 28 0 39
76 10 45 6 0 279
34 55 29 23 0 319
72 85 67 54 0 279
9 10 10 45 0 199
30 25 36 56 0 159
37 58 48 32 0 239
35 37 36 71 0 119
10 40 11 4 0 119
84 31 65 49 0 159
32 27 15 8 0 119
63 33 93 39 0 399
37 39 36 3 0 119
15 32 22 61 0 119
8 83 38 76 0 239
35 14 64 22 0 319
34 61 39 29 0 319
57 33 45 9 0 159
61 51 82 36 0 319
7 30 20 54 0 79
18 94 34 73 0 359
40 19 16 6 0 319
53 58 65 33 0 159
1 2 5 34 0 39
31 39 17 16 0 279
12 33 7 65 0 159
30 11 30 48 0 79
50 22 42 51 0 119
49 27 72 13 0 119
1 1 36 3 0 39
75 87 50 99 0 359
25 55 57 60 0 119
84 51 64 66 0 399
1 1 35 4 0 39
17 20 44 30 0 79
26 21 43 2 0 279
3 36 7 69 0 159
82 33 60 18 0 159
36 35 57 19 0 159
6 6 16 33 0 119
53 46 22 52 0 319
6 52 0 83 0 119
45 57 73 48 0 359
29 79 62 82 0 399
13 64 39 75 0 239
13 24 42 16 0 79
32 46 32 9 0 279
56 21 21 19 0 399
64 1 98 3 0 199
5 19 40 18 0 239
87 38 70 58 0 319
25 49 11 27 0 159
60 51 57 17 0 239
61 46 42 63 0 199
1 64 28 74 0 399
24 12 3 27 0 79
4 26 15 0 0 119
61 62 43 81 0 399
31 31 58 41 0 199
40 86 35 55 0 239
36 1 52 21 0 119
45 43 32 67 0 199
16 16 12 49 0 119
48 13 36 38 0 399
49 72 33 52 0 279
18 76 27 48 0 359
85 17 89 50 0 359
20 17 55 16 0 119
23 46 52 40 0 319
50 60 20 66 0 239
68 24 56 49 0 359
56 39 67 65 0 399
70 75 75 43 0 399
60 92 74 71 0 359
28 7 58 0 0 159
10 68 0 95 0 119
23 95 40 76 0 239
53 18 35 36 0 119
55 87 51 54 0 199
38 69 26 94 0 159
62 39 62 2 0 319
0 2 8 31 0 39
44 67 48 35 0 279
22 84 15 55 0 399
0 2 8 31 0 39
33 38 20 14 0 239
26 85 61 83 0 319
49 5 66 25 0 199
38 86 62 98 0 399
19 83 7 59 0 319
26 15 5 31 0 79
48 51 72 64 0 319
64 18 40 6 0 399
80 67 77 33 0 399
23 92 0 78 0 239
37 27 16 11 0 359
43 31 7 32 0 119
6 33 36 40 0 159
52 59 25 69 0 159
96 34 75 50 0 199
61 66 51 41 0 399
30 7 54 20 0 79
4 33 17 57 0 79
0 2 0 39 0 39
51 29 67 49 0 159
37 3 20 22 0 79
17 24 0 44 0 79
99 94 84 72 0 319
56 11 23 9 0 239
8 41 43 39 0 239
17 39 3 18 0 119
69 46 98 38 0 319
2 27 12 54 0 159
99 30 97 64 0 359
92 42 78 65 0 279
0 2 30 9 0 39
43 69 20 83 0 359
50 94 84 96 0 319
53 95 32 79 0 279
57 38 91 39 0 239
33 35 29 2 0 199
6 2 12 33 0 119
1 1 1 38 0 39
38 3 44 34 0 399
28 9 2 20 0 79
10 31 23 7 0 79
22 6 22 43 0 119
31 6 41 33 0 79
37 22 62 33 0 119
18 27 46 18 0 159
75 17 74 53 0 279
2 88 17 68 0 359
10 78 43 82 0 279
28 70 58 76 0 399
1 1 36 3 0 39
23 67 10 43 0 279
38 12 45 42 0 119
54 48 56 15 0 199
24 37 22 2 0 399
21 43 46 54 0 399
84 40 66 59 0 279
42 38 69 48 0 279
2 1 19 20 0 39
72 83 49 97 0 399
2 1 32 7 0 39
36 27 59 13 0 399
0 2 30 9 0 39
27 8 26 42 0 79
10 55 32 41 0 199
58 55 80 70 0 239
79 71 50 79 0 279
49 81 30 98 0 319
30 96 65 98 0 359
53 53 34 71 0 359
36 30 16 45 0 279
50 48 17 45 0 319
20 42 26 73 0 199
52 88 50 53 0 359
35 97 21 74 0 199
69 29 84 7 0 279
83 36 63 53 0 319
79 38 45 41 0 399
0 3 16 23 0 39
1 19 32 24 0 399
30 45 59 53 0 159
70 21 62 49 0 279
23 89 50 79 0 279
18 99 5 75 0 159
15 42 18 74 0 399
9 74 7 39 0 239
53 48 29 61 0 319
10 60 0 87 0 199
11 10 30 27 0 119
17 94 37 77 0 399
64 27 63 63 0 159
49 26 72 13 0 119
5 65 36 71 0 279
1 2 34 5 0 39
1 2 28 11 0 39
32 25 17 3 0 239
79 26 68 2 0 159
86 81 71 60 0 359
73 39 43 32 0 199
53 56 59 87 0 239
54 40 87 36 0 279
15 62 43 53 0 239
8 34 38 27 0 359
3 37 29 47 0 79
0 3 25 14 0 39
6 19 16 45 0 119
51 51 73 36 0 199
24 15 50 4 0 79
41 45 16 56 0 159
59 35 43 15 0 159
3 1 23 16 0 39
16 26 12 58 0 79
0 2 21 18 0 39
73 36 47 47 0 319
12 73 24 49 0 279
62 30 90 22 0 239
45 91 61 71 0 319
36 34 50 57 0 199
70 48 64 79 0 279
37 14 53 35 0 399
0 2 18 21 0 39
33 41 22 15 0 119
60 24 71 50 0 359
90 43 60 37 0 199
21 46 53 49 0 159
0 2 18 21 0 39
19 41 16 7 0 199
40 73 33 43 0 319
30 81 62 85 0 279
22 18 32 44 0 79
9 32 28 14 0 159
0 2 9 30 0 39
21 18 2 1 0 199
39 45 47 74 0 199
72 11 79 41 0 159
59 52 46 76 0 239
42 31 42 68 0 239
36 3 60 16 0 79
21 18 48 8 0 79
67 83 89 98 0 199
2 1 33 6 0 39
1 1 13 26 0 39
32 43 62 50 0 319
15 35 26 61 0 119
2 55 11 27 0 159
3 34 33 27 0 79
0 3 35 2 0 39
1 5 28 15 0 119
40 52 27 28 0 359
69 36 34 38 0 319
2 1 0 35 0 39
1 34 29 43 0 79
27 44 25 10 0 119
36 12 32 45 0 279
39 41 21 60 0 199
31 64 43 39 0 239
17 39 44 31 0 279
0 2 36 3 0 39
89 31 85 64 0 199
13 24 44 30 0 159
56 35 44 12 0 399
44 24 56 49 0 359
19 30 23 62 0 119
4 48 18 69 0 279
31 83 6 95 0 199
68 77 33 76 0 359
34 40 23 66 0 359
48 63 30 82 0 159
43 95 14 87 0 359
52 39 33 21 0 399
49 66 59 39 0 399
57 72 36 86 0 239
42 50 26 71 0 279
24 48 32 77 0 119
12 30 46 28 0 79
10 40 30 56 0 159
32 73 20 98 0 399
11 43 33 29 0 159
65 92 45 75 0 319
71 53 95 66 0 199
0 2 3 36 0 39
5 52 38 56 0 399
0 2 35 4 0 39
28 9 39 35 0 79
94 59 99 27 0 319
9 85 12 52 0 319
54 63 60 33 0 279
92 83 99 53 0 319
9 43 44 41 0 279
75 66 43 61 0 399
30 46 8 31 0 119
96 71 93 37 0 399
38 58 74 59 0 199
16 19 40 8 0 79
0 2 10 29 0 39
50 33 28 18 0 159
47 30 69 43 0 319
74 38 95 22 0 279
38 78 36 43 0 279
65 12 74 39 0 119
50 86 23 95 0 319
33 4 66 8 0 79
30 36 62 31 0 279
17 38 20 4 0 239
98 59 94 91 0 279
2 66 32 59 0 199
31 10 33 45 0 79
29 52 62 55 0 199
0 2 1 38 0 39
54 59 36 40 0 319
30 10 21 38 0 359
52 54 76 41 0 279
37 6 42 38 0 239
1 33 3 67 0 159
30 48 61 54 0 119
1 1 30 9 0 39
20 82 52 78 0 159
80 66 84 98 0 319
5 76 39 79 0 319
34 55 21 79 0 319
1 2 3 36 0 39
6 93 6 56 0 239
2 35 17 13 0 79
45 59 33 82 0 359
24 29 5 47 0 159
56 27 42 5 0 199
22 65 51 72 0 199
57 60 69 85 0 319
29 85 36 56 0 399
44 61 45 96 0 279
0 2 13 26 0 39
76 14 51 25 0 159
29 26 6 12 0 159
61 44 90 36 0 239
0 4 33 2 0 39
61 73 39 88 0 359
86 44 65 58 0 279
25 53 7 72 0 199
1 1 6 33 0 39
56 16 23 12 0 119
2 1 21 18 0 39
32 37 22 64 0 319
34 35 47 58 0 279
8 31 11 65 0 79
24 38 22 5 0 199
24 73 57 77 0 319
58 16 27 20 0 119
90 53 94 84 0 399
76 56 96 73 0 359
84 60 90 29 0 359
43 9 33 36 0 359
46 90 26 74 0 239
47 63 58 38 0 239
86 0 76 27 0 359
87 41 66 26 0 319
9 20 34 9 0 279
68 4 91 18 0 199
29 32 6 46 0 399
21 76 50 69 0 359
52 18 24 27 0 119
33 56 60 48 0 239
56 38 35 52 0 279
31 3 37 33 0 79
10 39 20 12 0 399
66 12 57 40 0 199
7 67 15 96 0 119
26 38 7 20 0 279
76 72 54 57 0 279
20 21 20 58 0 79
32 23 6 34 0 399
36 38 53 57 0 159
40 28 70 21 0 199
1 37 17 17 0 79
5 66 37 63 0 239
23 53 15 25 0 239
42 5 21 20 0 279
44 42 12 47 0 199
9 31 9 67 0 79
40 54 68 63 0 279
54 24 69 2 0 359
20 19 56 18 0 79
31 74 36 43 0 279
28 19 33 51 0 399
21 21 38 40 0 79
36 6 36 42 0 79
69 14 75 44 0 279
59 37 23 38 0 279
0 2 11 28 0 39
51 27 38 51 0 199
45 68 70 78 0 239
1 1 24 15 0 39
4 34 17 57 0 79
32 8 53 23 0 319
40 79 65 90 0 279
39 56 72 53 0 199
67 60 93 50 0 279
0 90 5 59 0 239
20 21 44 8 0 79
17 18 51 19 0 79
52 56 23 49 0 399
36 58 12 70 0 239
40 31 49 5 0 159
84 3 54 10 0 239
73 8 93 25 0 159
15 79 27 54 0 359
47 29 53 60 0 119
51 49 19 54 0 279
58 35 42 14 0 239
52 38 37 16 0 359
46 47 47 82 0 359
6 7 15 35 0 239
7 31 25 49 0 79
37 7 62 18 0 239
18 23 21 57 0 79
47 28 14 32 0 159
45 41 32 65 0 359
58 44 80 29 0 199
74 23 97 11 0 239
1 2 24 15 0 39
25 39 51 49 0 159
81 30 95 53 0 159
37 33 61 21 0 399
39 79 45 48 0 199
4 37 13 65 0 79
45 59 11 61 0 319
1 54 5 22 0 199
91 86 58 90 0 319
67 37 46 22 0 399
45 84 29 63 0 319
59 77 55 46 0 359
39 26 58 44 0 239
74 73 82 44 0 399
0 2 26 13 0 39
6 14 8 49 0 119
10 29 33 15 0 79
54 39 38 20 0 399
14 48 9 16 0 199
58 74 58 37 0 199
55 60 61 91 0 239
20 58 53 62 0 199
0 2 35 0 0 39
25 33 59 30 0 119
75 53 86 27 0 199
89 6 69 23 0 399
11 25 36 14 0 79
6 66 36 72 0 239
61 78 41 63 0 239
8 28 26 47 0 279
95 59 96 94 0 319
0 41 19 23 0 79
52 19 87 17 0 159
35 41 61 52 0 119
31 57 37 87 0 239
6 36 15 63 0 79
37 41 64 31 0 119
23 50 50 60 0 239
36 30 57 45 0 319
59 95 61 60 0 359
17 5 27 32 0 359
35 4 40 36 0 159
0 2 9 30 0 39
29 45 11 64 0 359
17 22 46 29 0 119
40 34 38 68 0 159
20 3 16 36 0 239
65 37 32 33 0 199
12 42 30 61 0 279
68 88 48 73 0 279
83 20 80 54 0 399
56 47 50 18 0 399
48 51 23 61 0 159
23 52 7 72 0 279
41 84 24 65 0 359
44 47 59 68 0 279
34 96 62 87 0 279
28 14 13 34 0 199
16 35 18 0 0 319
10 91 28 72 0 319
8 31 37 23 0 79
0 3 18 21 0 39
16 25 34 6 0 79
33 28 0 24 0 399
9 21 36 30 0 319
28 76 60 81 0 199
4 37 24 54 0 79
21 86 56 84 0 239
57 83 84 73 0 279
35 2 23 27 0 79
83 40 61 26 0 359
22 27 44 13 0 119
74 64 42 59 0 359
22 75 23 39 0 239
47 62 21 71 0 239
22 45 51 53 0 239
98 33 97 67 0 319
60 43 91 38 0 279
51 22 63 47 0 319
11 58 29 41 0 399
14 58 27 82 0 119
24 85 50 74 0 159
30 97 25 65 0 239
44 63 9 61 0 319
65 42 51 65 0 239
70 12 71 47 0 239
21 15 12 43 0 199
97 51 70 42 0 399
0 2 30 9 0 39
53 86 50 52 0 399
31 49 25 20 0 359
21 0 57 1 0 319
12 27 40 18 0 79
59 34 61 0 0 199
18 21 41 35 0 79
51 7 71 24 0 359
21 79 36 57 0 199
0 2 6 33 0 39
33 20 48 41 0 279
23 68 12 43 0 199
12 27 7 59 0 79
35 73 70 75 0 279
47 50 21 61 0 159
32 42 17 64 0 199
15 21 35 4 0 119
48 44 48 81 0 359
17 93 8 65 0 199
8 92 20 67 0 199
0 2 33 6 0 39
41 68 32 40 0 159
51 38 70 55 0 199
12 45 17 13 0 399
0 2 6 33 0 39
1 1 2 37 0 39
1 1 7 32 0 39
8 29 2 60 0 159
2 1 0 35 0 39
75 4 41 1 0 399
55 26 89 29 0 159
20 40 6 63 0 199
15 22 48 18 0 79
88 33 97 5 0 399
62 4 49 28 0 279
21 50 27 20 0 199
33 21 52 38 0 319
26 15 60 18 0 319
43 29 57 50 0 199
31 24 46 45 0 279
12 47 33 62 0 279
51 61 54 94 0 239
62 2 31 7 0 399
77 37 54 23 0 359
30 7 40 34 0 159
12 25 45 29 0 79
43 51 51 22 0 359
42 29 77 28 0 199
75 38 82 68 0 239
68 16 34 17 0 279
4 33 31 43 0 399
69 67 40 74 0 319
64 8 50 31 0 279
0 3 26 13 0 39
2 1 30 9 0 39
15 86 42 76 0 399
17 33 5 8 0 119
47 17 73 6 0 359
69 43 39 49 0 159
48 4 49 39 0 239
47 40 14 43 0 279
10 30 23 7 0 79
56 66 76 83 0 359
42 18 30 43 0 119
39 65 8 61 0 359
72 62 70 96 0 399
50 21 70 5 0 119
28 14 36 43 0 199
65 87 58 57 0 359
1 1 29 10 0 39
60 42 58 8 0 399
52 66 69 86 0 199
50 15 71 30 0 199
38 46 40 11 0 199
6 31 25 49 0 79
66 77 96 82 0 319
0 2 7 32 0 39
50 39 25 51 0 159
13 26 17 59 0 79
80 60 58 45 0 359
33 41 42 67 0 279
59 35 78 18 0 239
18 73 4 51 0 199
53 35 21 31 0 319
1 34 12 60 0 79
10 31 36 42 0 79
30 50 63 46 0 199
25 70 54 62 0 159
10 38 43 42 0 119
2 23 0 57 0 119
71 38 88 18 0 399
14 34 33 50 0 199
13 61 0 85 0 279
9 6 8 42 0 399
46 30 72 19 0 119
23 14 53 7 0 79
29 38 49 54 0 119
36 33 25 7 0 239
1 2 20 19 0 39
75 50 83 21 0 239
67 10 54 34 0 239
26 50 60 53 0 119
18 63 50 59 0 359
84 62 72 37 0 359
7 57 3 90 0 279
61 35 57 2 0 199
49 19 37 43 0 159
1 79 22 95 0 279
32 49 63 53 0 319
28 11 22 42 0 79
20 29 51 23 0 399
57 19 50 47 0 119
57 61 35 46 0 359
28 47 31 81 0 399
18 75 4 52 0 319
27 12 40 36 0 79
39 39 51 62 0 119
96 68 74 54 0 239
49 23 26 10 0 159
78 16 42 17 0 279
0 3 14 25 0 39
5 20 2 54 0 239
21 88 26 56 0 159
69 43 73 75 0 399
1 1 14 25 0 39
9 32 20 6 0 159
78 68 86 39 0 359
29 78 55 89 0 159
5 72 25 56 0 199
30 53 27 87 0 159
1 1 27 12 0 39
27 25 60 27 0 359
67 35 70 69 0 199
19 72 6 49 0 199
1 1 19 20 0 39
23 96 1 81 0 319
12 35 8 68 0 399
5 47 20 68 0 399
19 46 44 35 0 359
0 3 33 6 0 39
1 2 26 13 0 39
3 1 20 19 0 39
25 34 44 16 0 319
86 9 72 30 0 319
41 48 58 30 0 159
58 31 86 40 0 239
34 39 62 48 0 399
20 17 0 34 0 79
23 51 20 85 0 359
44 72 29 94 0 279
1 1 19 20 0 39
88 57 66 70 0 239
6 45 8 79 0 359
17 51 13 19 0 399
3 1 36 3 0 39
35 1 10 12 0 79
40 39 33 68 0 119
57 17 44 41 0 119
25 33 31 64 0 199
89 47 70 65 0 359
24 82 13 56 0 199
86 9 87 45 0 399
33 27 18 49 0 199
40 53 73 49 0 319
21 50 0 66 0 319
1 2 26 13 0 39
38 5 34 38 0 399
13 39 46 43 0 119
87 40 52 42 0 399
35 3 40 34 0 239
1 92 20 74 0 159
48 13 43 44 0 119
79 99 79 64 0 279
55 46 55 9 0 399
12 48 19 77 0 159
57 49 57 85 0 159
26 47 57 52 0 119
49 29 49 64 0 279
19 40 28 12 0 159
36 37 52 57 0 119
54 66 54 29 0 279
54 27 33 11 0 319
79 48 82 82 0 319
84 76 58 85 0 359
14 2 42 11 0 279
35 20 65 13 0 239
46 3 33 27 0 239
1 13 3 48 0 199
48 65 55 35 0 159
34 59 12 44 0 239
26 50 57 55 0 319
15 64 8 94 0 159
7 35 19 58 0 119
83 29 59 41 0 399
58 32 30 23 0 199
75 75 99 62 0 199
51 87 31 70 0 359
46 30 12 31 0 359
47 47 21 36 0 359
27 32 10 13 0 199
86 79 65 64 0 279
77 47 79 13 0 399
29 11 49 27 0 79
38 19 66 12 0 159
88 46 61 56 0 359
52 27 52 64 0 159
5 76 27 61 0 399
22 77 34 52 0 239
33 59 63 52 0 199
61 47 81 64 0 279
24 22 49 34 0 119
0 35 7 6 0 119
78 36 56 51 0 359
31 73 63 68 0 359
1 1 22 17 0 39
32 37 21 12 0 279
52 66 44 95 0 359
14 6 1 29 0 399
6 35 4 0 0 79
7 50 42 48 0 239
71 12 40 18 0 159
4 12 11 42 0 199
2 37 6 4 0 79
54 58 28 68 0 159
0 3 29 10 0 39
21 16 0 32 0 79
16 66 13 32 0 359
20 27 45 38 0 359
0 4 11 28 0 39
2 2 15 24 0 39
15 96 50 98 0 319
65 72 56 44 0 319
24 65 7 45 0 399
10 44 11 8 0 119
36 42 13 56 0 119
39 39 6 35 0 199
74 78 94 61 0 279
53 83 54 48 0 319
11 25 31 9 0 79
64 16 55 44 0 119
10 0 32 14 0 399
37 41 50 18 0 159
29 7 25 39 0 79
58 17 63 49 0 319
16 63 49 67 0 159
35 4 57 19 0 79
11 2 10 36 0 239
35 19 24 44 0 159
56 12 77 28 0 199
25 57 39 79 0 319
20 16 52 21 0 279
68 91 34 94 0 319
34 57 11 70 0 199
52 37 27 48 0 359
0 3 12 27 0 39
28 70 46 89 0 359
25 53 1 40 0 199
8 25 27 7 0 319
56 22 58 57 0 359
30 35 64 32 0 239
25 49 42 30 0 159
54 55 77 69 0 319
85 76 59 87 0 239
65 35 39 24 0 199
1 1 4 35 0 39
30 7 0 0 0 79
0 2 26 13 0 39
76 19 87 45 0 319
2 1 23 16 0 39
24 17 44 33 0 279
33 8 44 34 0 79
23 35 58 34 0 399
1 2 16 23 0 39
30 18 60 12 0 319
58 47 61 80 0 199
48 49 59 75 0 319
11 59 27 38 0 119
41 21 49 50 0 119
38 16 51 39 0 239
67 45 58 18 0 399
58 36 37 21 0 239
57 84 50 54 0 399
7 32 15 3 0 159
63 89 93 82 0 279
58 36 33 24 0 279
6 34 19 57 0 79
35 24 7 16 0 119
28 38 58 31 0 199
90 73 65 61 0 239
50 61 31 79 0 239
38 97 63 85 0 399
0 4 13 26 0 39
43 18 58 39 0 199
53 74 19 77 0 319
40 36 16 49 0 279
42 65 9 69 0 319
41 54 21 71 0 399
71 73 59 97 0 319
22 17 58 16 0 159
2 42 34 38 0 239
70 18 53 38 0 279
52 59 23 67 0 159
59 55 37 41 0 239
34 60 8 50 0 239
29 35 38 7 0 119
1 37 8 8 0 79
0 2 33 6 0 39
42 36 8 33 0 119
43 9 58 31 0 119
35 2 32 36 0 79
1 1 32 7 0 39
35 40 53 23 0 319
0 3 19 20 0 39
16 26 29 3 0 79
9 60 10 24 0 319
34 1 58 14 0 79
30 9 49 27 0 79
24 72 58 70 0 239
52 53 19 50 0 199
13 18 16 50 0 399
58 44 90 40 0 159
46 70 17 78 0 279
13 15 48 17 0 119
45 48 50 80 0 399
38 30 25 54 0 199
78 72 64 95 0 359
51 12 30 27 0 119
90 37 89 73 0 239
95 3 76 20 0 319
32 50 11 36 0 279
5 6 26 21 0 199
63 56 57 86 0 279
1 1 4 35 0 39
44 75 56 50 0 399
37 65 10 75 0 279
36 14 45 40 0 359
67 24 37 30 0 199
18 79 17 45 0 399
27 80 36 52 0 239
18 52 0 69 0 119
43 42 55 17 0 159
41 46 50 18 0 399
21 20 5 39 0 159
13 41 17 9 0 319
61 20 48 42 0 319
98 51 75 64 0 359
4 33 32 42 0 79
62 83 42 66 0 239
44 22 20 34 0 319
51 40 41 13 0 399
26 30 62 29 0 279
48 47 26 32 0 159
1 1 3 36 0 39
67 39 88 24 0 319
21 36 47 26 0 119
14 28 41 37 0 79
15 64 40 76 0 399
81 64 89 91 0 319
44 72 78 70 0 319
9 6 30 22 0 239
24 40 23 76 0 199
31 79 5 90 0 359
26 46 52 57 0 119
59 56 75 76 0 359
23 12 12 37 0 359
1 2 10 29 0 39
1 1 11 28 0 39
43 35 20 49 0 119
58 30 58 67 0 199
53 61 38 83 0 279
23 18 0 32 0 79
1 38 23 53 0 239
46 3 17 10 0 119
35 33 21 55 0 399
1 2 3 36 0 39
34 6 48 28 0 79
50 58 20 64 0 399
32 43 67 41 0 319
42 32 11 38 0 119
35 54 11 67 0 239
2 1 27 12 0 39
6 33 40 36 0 79
0 3 14 25 0 39
0 2 24 15 0 39
73 46 76 14 0 319
27 9 44 28 0 79
19 5 39 22 0 119
43 60 35 89 0 159
94 47 87 17 0 239
47 31 64 51 0 199
1 1 20 19 0 39
63 50 67 17 0 319
72 52 78 21 0 359
26 13 4 28 0 79
70 2 82 27 0 359
17 25 22 56 0 79
54 17 43 41 0 239
41 51 28 73 0 359
57 79 32 67 0 279
51 6 17 9 0 319
52 29 30 15 0 279
34 48 49 27 0 159
31 8 67 7 0 79
47 34 25 49 0 399
58 51 71 75 0 159
55 21 45 48 0 119
1 1 34 5 0 39
60 58 33 67 0 399
31 66 40 40 0 319
47 20 58 46 0 319
46 72 26 55 0 279
9 49 38 57 0 279
6 33 40 36 0 79
3 5 6 37 0 119
1 1 16 23 0 39
0 42 5 73 0 79
34 42 61 32 0 119
71 86 58 62 0 319
1 1 35 4 0 39
73 44 60 22 0 239
61 21 92 27 0 279
74 53 59 32 0 199
3 38 30 48 0 79
59 90 26 87 0 279
41 13 36 44 0 399
35 6 37 41 0 79
14 27 25 1 0 79
94 2 99 34 0 359
81 10 75 40 0 199
2 1 23 16 0 39
28 14 57 21 0 79
17 58 15 24 0 119
35 59 67 54 0 199
64 74 53 48 0 279
1 1 14 25 0 39
34 8 23 33 0 79
81 9 74 39 0 359
39 24 48 50 0 159
50 22 60 49 0 359
60 30 83 43 0 239
45 92 39 61 0 319
62 27 64 62 0 239
15 56 42 48 0 399
45 64 47 99 0 399
58 36 60 1 0 359
63 32 76 8 0 399
94 50 69 38 0 359
94 3 87 31 0 319
65 73 45 90 0 279
34 2 58 14 0 79
30 2 30 38 0 239
90 47 68 33 0 359
22 43 51 36 0 119
2 28 6 61 0 119
37 89 5 85 0 319
70 54 89 72 0 279
14 46 30 27 0 119
94 9 69 19 0 319
95 44 85 19 0 399
38 4 64 13 0 199
56 14 45 39 0 399
47 64 38 36 0 239
47 5 69 20 0 279
10 19 21 45 0 399
5 37 7 71 0 159
29 21 5 33 0 239
23 79 41 60 0 359
49 50 49 13 0 319
56 39 73 19 0 159
40 31 42 66 0 239
20 39 44 26 0 239
1 1 28 11 0 39
32 75 60 66 0 159
20 54 49 48 0 119
28 65 8 50 0 399
18 23 46 32 0 79
26 49 55 41 0 239
82 97 71 73 0 399
28 37 54 48 0 319
1 1 26 13 0 39
28 15 35 44 0 279
57 12 92 10 0 319
85 41 83 75 0 319
54 66 57 34 0 199
44 73 57 96 0 359
18 22 33 1 0 319
61 54 50 29 0 279
70 32 88 51 0 279
80 12 96 32 0 159
41 72 63 87 0 239
38 44 46 15 0 279
75 78 89 55 0 399
52 23 73 8 0 119
70 26 91 10 0 359
41 62 64 76 0 239
24 48 3 32 0 359
91 50 75 71 0 319
2 39 11 11 0 79
11 44 31 60 0 199
38 41 14 28 0 319
29 4 25 36 0 359
0 67 23 81 0 159
2 0 14 25 0 119
56 61 28 54 0 399
57 12 84 2 0 399
20 28 51 34 0 359
40 29 24 49 0 119
37 45 46 18 0 239
23 41 19 74 0 279
12 30 28 50 0 79
52 21 44 49 0 359
77 24 83 55 0 319
71 43 95 31 0 399
36 30 50 7 0 279
1 1 9 30 0 39
0 2 5 34 0 39
33 4 19 25 0 79
72 11 75 45 0 159
2 37 33 41 0 79
15 30 0 52 0 239
16 48 32 28 0 159
84 63 54 56 0 239
19 50 31 75 0 319
1 1 35 4 0 39
39 75 17 60 0 359
48 33 83 34 0 119
0 2 25 14 0 39
63 3 43 20 0 119
50 52 56 83 0 279
81 74 98 54 0 239
66 9 62 41 0 119
31 10 8 24 0 239
57 26 86 18 0 319
15 19 45 25 0 159
39 21 60 36 0 239
62 27 38 40 0 399
32 75 15 95 0 239
26 35 53 44 0 199
12 14 19 44 0 119
93 68 67 57 0 239
66 56 92 45 0 279
75 39 99 52 0 359
71 65 91 82 0 279
32 7 66 10 0 79
77 41 72 72 0 399
31 7 65 9 0 79
38 25 58 42 0 159
7 94 24 74 0 159
2 70 23 86 0 199
22 63 11 89 0 239
12 90 45 94 0 279
9 6 19 33 0 319
21 92 46 80 0 239
46 47 71 58 0 279
25 34 36 10 0 239
27 11 42 33 0 199
68 1 38 7 0 199
2 1 1 36 0 39
55 70 38 89 0 279
27 43 57 50 0 119
18 41 18 4 0 319
40 74 15 85 0 319
47 10 62 31 0 279
4 9 0 40 0 239
12 25 29 45 0 79
26 13 5 29 0 79
98 51 98 15 0 279
58 49 58 13 0 359
17 59 52 61 0 119
65 74 48 93 0 279
43 29 76 26 0 239
33 57 27 88 0 279
55 72 52 38 0 319
2 25 19 44 0 199
20 17 42 32 0 79
36 6 45 33 0 79
33 37 67 34 0 119
59 27 32 36 0 319
0 2 34 5 0 39
85 28 88 62 0 159
48 35 58 8 0 159
18 15 1 35 0 239
22 45 21 81 0 159
54 34 20 37 0 199
26 55 51 65 0 239
61 43 29 38 0 359
6 32 30 19 0 279
0 3 28 11 0 39
36 61 15 46 0 279
1 1 13 26 0 39
14 25 31 5 0 79
20 13 13 43 0 159
52 66 52 30 0 159
44 49 49 17 0 239
31 1 31 36 0 119
23 46 34 20 0 239
66 59 55 85 0 319
18 41 7 17 0 159
60 61 37 75 0 239
36 3 27 30 0 119
64 7 90 17 0 279
30 12 38 40 0 319
95 26 69 37 0 399
76 33 76 70 0 239
0 3 12 27 0 39
24 11 3 27 0 399
1 80 28 90 0 319
87 44 74 21 0 279
2 46 29 56 0 199
26 53 38 28 0 239
26 27 2 39 0 279
16 50 51 49 0 239
33 8 33 45 0 159
53 16 80 26 0 399
54 15 60 44 0 319
66 14 32 12 0 239
40 20 60 37 0 119
27 20 55 11 0 159
12 54 27 76 0 119
49 38 50 2 0 319
60 37 57 4 0 359
44 34 30 11 0 199
52 45 86 42 0 239
95 24 95 61 0 319
33 78 27 49 0 159
47 76 75 85 0 239
52 75 68 96 0 239
12 65 43 71 0 159
72 49 84 24 0 399
23 59 55 55 0 399
57 92 22 93 0 199
38 38 30 9 0 279
16 45 16 82 0 319
86 25 63 39 0 239
10 8 35 20 0 119
32 69 55 55 0 239
54 82 39 60 0 199
1 38 36 40 0 239
39 36 73 34 0 199
25 53 11 30 0 119
82 34 56 23 0 359
57 18 32 30 0 319
5 70 7 35 0 319
38 72 70 67 0 359
82 68 62 51 0 279
17 24 9 51 0 79
36 46 40 13 0 199
16 30 32 9 0 359
30 77 24 47 0 199
54 51 77 63 0 159
87 43 53 46 0 279
44 30 57 52 0 119
32 88 21 62 0 359
45 14 11 17 0 399
40 57 29 83 0 159
18 17 32 38 0 159
39 54 18 38 0 399
27 10 7 27 0 239
1 1 29 10 0 39
35 45 54 63 0 199
26 10 31 41 0 79
70 53 37 57 0 239
72 9 89 29 0 159
0 2 32 7 0 39
53 17 81 8 0 119
7 54 24 35 0 119
60 40 84 28 0 239
45 29 62 9 0 119
33 19 61 27 0 159
8 64 31 52 0 119
48 55 80 51 0 359
16 73 44 82 0 239
2 1 1 36 0 39
1 1 37 0 0 39
20 97 4 77 0 359
43 22 43 59 0 159
3 1 14 25 0 39
87 75 60 85 0 359
74 33 71 67 0 239
90 38 70 22 0 399
1 1 20 19 0 39
55 42 79 53 0 399
42 54 54 29 0 359
12 22 4 51 0 279
21 29 7 7 0 159
2 1 22 17 0 39
71 85 76 53 0 359
33 3 9 15 0 79
39 41 16 27 0 119
1 2 18 21 0 39
50 60 31 44 0 199
20 17 22 52 0 79
78 30 54 43 0 279
50 26 29 42 0 199
16 22 34 3 0 199
32 10 21 35 0 79
3 1 3 36 0 39
36 10 19 29 0 159
31 8 45 31 0 79
2 4 18 25 0 279
60 59 48 35 0 279
40 24 15 36 0 279
59 3 81 18 0 359
18 27 38 44 0 159
46 34 54 5 0 279
57 16 93 17 0 239
11 34 25 11 0 319
1 1 27 12 0 39
28 2 37 29 0 319
77 10 63 33 0 239
64 35 69 4 0 279
25 17 59 19 0 79
91 13 71 30 0 359
60 74 55 43 0 319
44 30 9 32 0 279
23 41 49 52 0 279
78 65 42 66 0 399
3 45 10 15 0 119
8 28 8 64 0 79
20 17 43 31 0 159
31 58 11 75 0 319
20 54 2 35 0 199
59 15 85 4 0 119
15 63 18 97 0 119
28 46 53 35 0 399
89 63 64 74 0 399
0 3 0 39 0 39
50 49 70 66 0 159
6 30 18 54 0 79
2 1 14 25 0 39
60 35 47 11 0 159
2 45 34 41 0 279
9 84 15 53 0 399
23 32 7 11 0 159
16 70 41 80 0 279
36 6 12 18 0 79
12 15 18 45 0 119
17 44 38 28 0 159
65 32 81 52 0 359
53 34 28 46 0 319
29 46 50 31 0 279
37 41 50 17 0 119
49 64 19 57 0 399
2 80 6 47 0 359
18 18 37 1 0 79
59 10 24 12 0 399
37 31 55 12 0 119
55 10 73 29 0 159
66 5 91 15 0 319
98 63 80 82 0 239
21 55 45 42 0 119
42 53 43 88 0 279
12 12 48 11 0 359
51 62 73 47 0 239
1 1 30 9 0 39
13 24 31 5 0 159
13 33 49 32 0 119
47 21 69 36 0 359
37 29 60 43 0 199
29 14 38 42 0 239
32 9 66 6 0 79
4 35 34 42 0 79
99 81 77 66 0 359
50 3 44 32 0 399
0 2 4 35 0 39
49 25 29 8 0 119
24 50 56 55 0 119
35 12 67 7 0 399
9 71 35 60 0 359
34 41 25 14 0 279
20 16 50 22 0 79
27 31 54 22 0 319
37 51 32 83 0 279
33 7 68 5 0 119
62 39 91 47 0 159
8 35 36 27 0 279
21 23 44 37 0 119
22 43 9 20 0 359
18 54 10 27 0 119
7 30 6 66 0 79
8 55 17 82 0 279
28 35 40 10 0 239
55 48 91 49 0 159
97 51 76 36 0 239
23 1 48 12 0 319
47 23 64 42 0 239
51 61 41 35 0 399
0 2 26 13 0 39
1 3 4 35 0 39
39 12 31 41 0 239
32 35 28 67 0 119
42 93 66 80 0 239
0 2 3 36 0 39
19 78 54 80 0 319
60 66 74 45 0 359
40 60 64 72 0 239
18 24 41 37 0 79
87 43 80 73 0 199
87 38 60 28 0 239
68 71 95 63 0 239
43 13 72 21 0 119
29 86 7 71 0 399
18 39 37 57 0 159
45 87 43 53 0 399
63 16 70 45 0 359
36 3 45 31 0 79
37 47 37 10 0 199
30 42 4 51 0 359
60 26 61 62 0 199
3 38 36 34 0 399
35 62 11 49 0 159
32 3 9 17 0 159
34 34 54 17 0 359
60 10 83 22 0 279
31 41 38 71 0 119
6 30 7 65 0 79
11 31 22 57 0 279
35 59 6 51 0 359
47 95 69 80 0 199
3 9 1 43 0 239
65 13 54 38 0 159
60 15 73 39 0 319
70 48 42 41 0 279
53 35 62 63 0 279
1 1 3 36 0 39
33 18 32 54 0 319
36 19 54 37 0 119
12 12 8 45 0 199
30 30 63 32 0 279
32 67 42 94 0 399
28 15 48 32 0 399
65 56 63 21 0 399
78 8 43 10 0 359
25 20 31 50 0 199
45 4 26 22 0 319
12 27 46 24 0 79
53 17 32 1 0 199
28 22 55 12 0 279
35 4 51 23 0 79
8 66 33 54 0 119
62 93 43 75 0 399
36 24 56 41 0 119
5 32 38 28 0 79
1 1 1 38 0 39
31 48 8 36 0 319
20 19 42 34 0 79
27 51 1 40 0 199
40 82 43 49 0 319
80 38 84 5 0 199
76 28 54 13 0 199
67 69 53 46 0 279
7 29 17 3 0 399
1 1 7 32 0 39
24 60 6 42 0 159
1 1 30 9 0 39
44 32 69 44 0 119
55 21 82 11 0 119
33 78 55 63 0 399
55 16 43 40 0 199
46 39 58 62 0 239
60 37 85 48 0 199
52 91 55 59 0 319
8 12 35 2 0 199
1 1 20 19 0 39
64 55 66 21 0 359
8 8 42 10 0 159
0 2 27 12 0 39
19 28 5 51 0 159
49 20 84 18 0 319
43 62 39 95 0 399
13 31 39 20 0 119
39 60 43 93 0 319
33 14 30 47 0 279
9 28 7 63 0 79
39 72 59 89 0 319
6 22 17 47 0 319
5 37 32 47 0 199
56 94 58 61 0 279
22 41 56 43 0 199
45 77 79 76 0 199
55 74 89 76 0 279
87 25 54 21 0 199
70 62 64 31 0 359
6 30 20 52 0 79
2 35 11 7 0 79
69 40 61 11 0 159
4 72 32 81 0 119
79 53 46 49 0 279
33 46 15 64 0 199
78 77 72 46 0 239
45 37 77 42 0 199
38 13 4 14 0 159
7 46 42 48 0 239
74 50 56 68 0 399
30 60 8 75 0 199
1 35 16 56 0 79
59 66 82 52 0 239
52 63 52 26 0 159
50 26 36 3 0 119
48 84 51 51 0 399
16 5 16 42 0 239
49 16 71 30 0 119
75 75 71 43 0 399
69 66 48 82 0 399
36 1 11 13 0 79
41 80 56 59 0 279
49 38 46 6 0 319
90 17 71 35 0 239
35 46 69 44 0 359
46 96 53 67 0 239
19 92 42 78 0 159
63 44 63 7 0 319
8 29 35 39 0 79
88 4 74 27 0 199
37 22 62 33 0 359
35 3 64 10 0 79
1 1 3 36 0 39
32 35 37 4 0 199
59 66 92 63 0 199
53 16 77 29 0 239
57 58 55 93 0 159
70 61 58 36 0 319
5 36 29 47 0 79
1 1 22 17 0 39
0 3 29 10 0 39
33 4 49 25 0 79
47 26 47 62 0 119
7 72 39 77 0 399
72 17 70 52 0 159
14 29 30 8 0 159
0 2 32 7 0 39
41 22 60 40 0 319
0 3 4 35 0 39
42 93 58 72 0 239
29 47 58 39 0 119
30 1 0 8 0 79
32 69 48 48 0 319
19 16 41 31 0 159
33 52 24 25 0 359
95 92 74 76 0 319
56 14 70 37 0 119
12 37 7 5 0 319
32 38 38 9 0 119
48 33 74 43 0 119
60 54 53 83 0 159
33 7 6 16 0 79
1 37 8 7 0 279
14 46 39 35 0 159
65 36 86 21 0 359
36 47 58 32 0 159
27 27 10 7 0 199
45 62 44 26 0 159
67 87 98 93 0 279
34 30 34 65 0 279
71 50 70 86 0 239
24 63 56 58 0 399
9 32 43 29 0 79
58 44 94 45 0 199
64 10 52 34 0 319
16 56 15 20 0 199
14 36 10 69 0 279
43 23 73 16 0 359
49 46 79 40 0 359
9 29 11 63 0 79
60 67 74 44 0 399
1 2 5 34 0 39
69 4 56 27 0 119
59 81 92 77 0 279
52 85 63 61 0 399
39 32 31 61 0 159
24 17 4 34 0 79
65 50 58 80 0 399
5 32 2 66 0 79
53 48 44 74 0 159
76 81 74 46 0 399
14 31 35 45 0 159
81 22 91 48 0 279
75 19 76 55 0 359
11 70 20 98 0 239
64 60 85 44 0 199
6 35 34 44 0 79
91 43 91 78 0 279
53 34 49 3 0 399
29 19 63 16 0 279
58 35 53 5 0 239
30 6 17 29 0 79
20 17 41 33 0 79
62 83 39 95 0 399
0 28 18 47 0 119
52 25 18 27 0 279
29 14 57 22 0 199
2 2 22 17 0 39
14 63 18 94 0 319
59 2 71 26 0 199
5 54 22 36 0 399
29 10 18 36 0 79
2 1 14 25 0 39
1 1 26 13 0 39
52 57 50 22 0 159
32 57 42 30 0 239
46 40 71 51 0 319
68 65 79 39 0 399
33 46 15 29 0 319
45 28 21 16 0 119
17 79 42 91 0 199
11 28 32 12 0 79
24 30 16 2 0 319
21 20 38 40 0 79
73 31 59 8 0 359
15 83 37 68 0 359
67 86 37 80 0 279
37 82 72 84 0 319
15 33 7 4 0 199
60 44 80 61 0 279
0 2 7 32 0 39
36 42 37 6 0 119
36 28 35 64 0 119
66 42 52 64 0 239
49 67 31 85 0 399
15 78 31 99 0 239
42 17 75 20 0 279
9 48 25 27 0 159
12 50 30 31 0 359
56 12 45 38 0 199
1 1 16 23 0 39
63 94 63 57 0 319
39 13 31 42 0 199
24 15 3 31 0 79
69 73 50 90 0 399
2 1 31 8 0 39
0 2 30 9 0 39
74 35 81 65 0 319
0 4 4 35 0 39
38 38 37 73 0 239
28 74 23 42 0 359
31 10 22 38 0 79
11 47 15 80 0 199
33 48 64 43 0 199
23 15 12 40 0 79
3 37 25 23 0 239
4 38 34 32 0 319
68 55 97 63 0 319
40 47 61 33 0 159
27 31 51 18 0 279
30 47 22 76 0 319
10 27 32 12 0 79
1 2 12 27 0 39
97 19 62 20 0 399
7 18 31 31 0 239
48 35 79 30 0 279
70 72 74 39 0 279
28 32 41 56 0 279
80 20 92 44 0 399
23 13 53 19 0 79
45 3 34 29 0 359
23 42 54 48 0 319
44 55 65 71 0 239
67 38 88 54 0 159
66 4 31 5 0 399
36 74 10 85 0 359
71 24 64 54 0 239
54 7 64 34 0 319
73 34 50 20 0 319
48 7 78 13 0 199
1 1 7 32 0 39
25 16 2 30 0 79
25 12 0 24 0 79
37 40 7 33 0 319
26 10 26 46 0 79
13 17 36 31 0 119
58 99 73 79 0 239
5 27 20 5 0 119
28 10 58 4 0 319
1 2 31 8 0 39
45 21 50 52 0 399
0 2 26 13 0 39
41 15 22 33 0 119
25 70 21 37 0 239
57 79 77 95 0 319
67 98 67 62 0 279
46 54 69 68 0 279
8 6 31 20 0 359
15 58 42 67 0 199
51 67 37 90 0 279
3 34 29 23 0 79
76 33 43 37 0 239
59 65 83 77 0 399
22 50 16 20 0 159
15 20 23 49 0 159
5 60 12 30 0 159
51 61 15 62 0 359
72 65 78 96 0 239
88 19 56 24 0 239
21 39 23 4 0 279
44 36 52 9 0 119
56 87 63 58 0 359
17 15 38 31 0 119
11 56 29 37 0 159
37 44 31 14 0 119
31 66 5 55 0 399
20 50 48 59 0 119
8 20 25 39 0 319
62 52 60 87 0 359
46 36 27 19 0 159
43 24 21 39 0 319
39 51 17 36 0 199
26 28 3 40 0 119
36 38 58 53 0 199
11 25 38 15 0 199
8 61 17 89 0 399
69 42 55 65 0 159
1 1 18 21 0 39
51 47 24 37 0 199
90 21 73 39 0 159
17 56 3 34 0 119
14 33 46 28 0 239
24 23 10 46 0 239
0 2 28 11 0 39
0 2 33 6 0 39
63 66 63 29 0 239
23 37 54 43 0 199
28 8 49 23 0 79
93 11 96 45 0 359
57 35 73 14 0 359
37 6 5 11 0 239
17 26 40 40 0 159
61 32 34 22 0 319
30 20 51 36 0 199
7 29 31 42 0 279
31 11 15 32 0 119
17 66 35 47 0 239
44 28 28 8 0 399
11 80 19 52 0 279
34 13 36 47 0 119
66 14 34 11 0 359
1 1 22 17 0 39
58 4 25 2 0 119
25 5 51 15 0 159
0 81 1 45 0 159
56 51 55 85 0 239
1 1 5 34 0 39
18 52 51 48 0 119
37 43 32 73 0 199
76 26 88 2 0 159
24 43 30 72 0 319
21 77 48 67 0 359
18 24 52 22 0 79
27 51 59 47 0 399
17 41 22 73 0 199
36 51 67 46 0 359
1 37 17 58 0 279
6 16 34 25 0 199
26 16 56 22 0 79
30 74 1 81 0 399
33 19 65 23 0 239
25 24 25 59 0 399
92 49 62 56 0 239
44 32 57 10 0 119
40 47 30 74 0 159
51 42 85 40 0 279
1 1 8 31 0 39
7 30 38 36 0 239
47 32 55 60 0 199
28 3 63 5 0 239
63 53 34 46 0 159
15 50 0 28 0 399
1 7 17 28 0 119
53 64 49 95 0 399
16 25 16 61 0 119
0 4 12 27 0 39
61 37 88 46 0 319
27 65 17 39 0 159
16 58 0 37 0 119
25 51 30 19 0 119
13 25 5 53 0 79
1 34 13 9 0 79
12 76 39 84 0 199
1 1 36 3 0 39
57 54 91 57 0 399
72 26 76 58 0 319
55 13 65 38 0 359
21 15 4 34 0 79
68 65 74 35 0 279
67 80 67 43 0 319
28 19 23 50 0 119
1 3 20 19 0 39
79 56 64 76 0 239
23 30 17 61 0 159
0 2 23 16 0 39
82 20 46 21 0 279
70 52 34 53 0 279
30 46 7 60 0 119
24 58 22 93 0 359
56 47 29 37 0 399
78 68 52 79 0 359
44 65 77 62 0 359
11 26 45 23 0 79
43 33 55 58 0 119
65 6 60 37 0 119
90 75 79 51 0 239
31 97 0 92 0 399
45 47 20 58 0 319
32 50 8 62 0 399
75 65 47 73 0 239
11 11 25 34 0 359
8 34 35 25 0 79
50 35 49 71 0 319
40 64 74 67 0 359
86 44 53 40 0 199
55 41 63 13 0 239
63 11 47 32 0 279
1 1 25 14 0 39
53 36 42 62 0 319
50 30 85 32 0 119
42 66 27 44 0 359
55 38 58 72 0 159
21 4 25 37 0 399
0 2 12 27 0 39
8 68 22 91 0 199
19 23 42 10 0 79
95 30 87 1 0 319
46 26 26 9 0 119
74 31 45 39 0 319
1 48 0 82 0 399
86 10 96 37 0 279
63 54 87 67 0 399
12 38 5 67 0 239
15 23 35 40 0 119
65 9 51 30 0 199
30 69 59 77 0 399
1 27 31 22 0 119
53 24 84 29 0 119
8 71 20 46 0 399
34 47 57 59 0 399
0 2 13 26 0 39
26 58 55 65 0 239
87 73 53 76 0 279
12 25 38 36 0 159
39 9 22 29 0 199
6 84 23 64 0 359
14 69 32 87 0 279
56 55 20 56 0 159
35 88 54 71 0 279
62 33 91 39 0 239
47 12 29 30 0 279
41 37 38 71 0 119
71 54 71 17 0 239
9 26 40 21 0 279
1 1 16 23 0 39
58 45 57 81 0 239
79 97 55 84 0 279
70 43 61 70 0 199
62 54 26 55 0 199
30 7 31 43 0 79
34 41 14 57 0 119
34 3 50 24 0 79
37 0 7 7 0 79
47 44 65 25 0 319
72 43 76 76 0 239
14 26 43 18 0 199
80 79 50 73 0 279
29 5 6 19 0 279
28 37 45 55 0 239
11 27 34 40 0 79
20 61 13 91 0 399
39 14 46 43 0 199
42 4 13 12 0 119
13 8 31 25 0 159
30 22 7 10 0 199
88 37 59 29 0 399
3 61 19 82 0 279
46 46 42 14 0 399
59 65 50 37 0 199
53 28 40 6 0 239
30 45 37 17 0 239
25 43 7 61 0 399
57 38 51 69 0 399
2 43 35 40 0 279
26 60 58 65 0 359
89 84 58 89 0 359
79 37 95 58 0 279
6 38 14 66 0 239
0 2 17 22 0 39
35 2 56 18 0 79
12 45 10 80 0 239
69 39 94 27 0 279
27 9 29 43 0 79
55 76 45 50 0 359
34 8 5 15 0 79
37 95 54 75 0 359
60 90 33 99 0 399
18 24 49 19 0 79
82 77 90 49 0 359
84 43 72 18 0 399
10 9 40 2 0 239
13 26 40 16 0 79
8 50 18 23 0 119
91 21 62 13 0 279
35 61 45 35 0 239
26 30 33 0 0 199
17 85 32 64 0 159
76 43 47 51 0 319
47 53 18 61 0 359
1 1 33 6 0 39
71 58 99 49 0 399
21 18 37 39 0 79
51 40 56 8 0 319
75 43 56 25 0 279
26 70 43 90 0 279
49 25 62 49 0 119
44 44 79 45 0 159
42 12 13 4 0 119
74 35 62 11 0 359
57 16 27 22 0 119
10 26 37 36 0 359
22 18 45 31 0 79
21 17 10 42 0 79
1 2 10 29 0 39
26 58 61 57 0 159
33 43 62 36 0 239
66 58 87 74 0 199
4 38 12 10 0 79
7 16 29 1 0 319
0 2 8 31 0 39
10 27 40 20 0 79
47 48 46 13 0 359
19 26 47 34 0 199
0 2 34 5 0 39
2 88 19 69 0 239
19 14 21 49 0 159
17 24 0 4 0 79
83 11 59 24 0 279
43 36 58 57 0 119
58 65 94 64 0 399
61 3 58 37 0 359
0 37 20 20 0 159
74 57 45 65 0 399
64 43 32 46 0 319
20 19 55 21 0 79
26 26 42 47 0 119
64 45 42 59 0 279
72 29 53 11 0 319
1 81 32 76 0 239
52 14 55 48 0 199
22 62 51 69 0 319
36 5 71 7 0 79
37 16 45 45 0 399
35 7 20 28 0 79
61 17 35 6 0 199
32 37 57 49 0 159
92 46 59 50 0 279
0 2 12 27 0 39
31 12 52 28 0 239
57 94 55 59 0 399
1 2 18 21 0 39
1 1 33 6 0 39
43 77 79 76 0 199
65 39 51 16 0 199
79 62 56 76 0 319
41 35 36 3 0 119
21 44 56 42 0 159
86 64 87 99 0 319
1 40 34 36 0 79
25 41 7 60 0 359
85 84 53 89 0 319
54 46 77 33 0 319
1 1 13 26 0 39
34 35 42 6 0 399
28 9 28 45 0 359
1 1 1 38 0 39
21 63 48 73 0 199
63 21 48 43 0 359
39 19 56 39 0 199
28 13 22 44 0 79
9 32 21 57 0 79
1 17 22 1 0 199
0 4 16 23 0 39
22 11 57 13 0 159
1 1 21 18 0 39
34 29 46 52 0 239
15 26 28 50 0 79
86 41 86 78 0 319
47 96 46 60 0 319
40 45 54 22 0 319
28 43 41 67 0 399
4 37 18 60 0 79
65 28 66 63 0 359
23 14 44 30 0 159
39 19 55 40 0 199
33 52 7 41 0 239
21 55 19 90 0 119
58 94 86 85 0 199
21 30 53 26 0 119
32 27 66 30 0 399
30 25 4 36 0 159
66 45 69 11 0 239
89 18 73 37 0 239
33 45 46 69 0 199
95 28 75 13 0 319
31 38 50 56 0 159
73 83 94 99 0 279
15 58 35 75 0 319
65 87 80 65 0 359
25 11 15 37 0 79
58 16 58 53 0 199
26 23 61 24 0 199
70 1 92 16 0 399
22 63 51 71 0 399
4 62 4 99 0 359
16 79 35 97 0 319
88 53 53 55 0 319
65 92 35 99 0 399
45 5 70 15 0 199
8 49 1 19 0 159
60 10 49 36 0 119
41 79 73 83 0 159
56 20 42 43 0 119
26 80 46 63 0 199
90 48 93 82 0 199
56 81 82 70 0 399
8 51 21 75 0 319
1 1 16 23 0 39
4 36 27 22 0 119
19 14 2 33 0 119
37 59 47 86 0 359
32 62 15 42 0 199
39 22 15 34 0 119
0 3 8 31 0 39
57 68 90 65 0 359
27 9 55 17 0 79
42 12 68 22 0 399
19 88 44 76 0 399
4 53 37 56 0 199
45 86 38 56 0 399
16 21 52 20 0 79
20 23 36 42 0 79
34 91 56 76 0 319
42 52 17 40 0 279
29 13 24 45 0 199
9 41 38 49 0 119
28 9 32 42 0 79
54 2 57 36 0 359
29 73 10 55 0 359
37 41 9 32 0 359
1 1 36 3 0 39
12 15 25 38 0 279
74 8 73 42 0 119
1 1 37 2 0 39
2 50 12 24 0 239
0 2 25 14 0 39
65 30 69 61 0 159
32 29 51 47 0 239
11 23 5 54 0 119
90 51 62 60 0 399
0 3 22 17 0 39
48 38 12 39 0 279
80 34 58 48 0 399
42 50 22 66 0 319
42 40 34 69 0 279
61 34 90 26 0 319
28 92 17 66 0 359
20 32 34 55 0 199
96 28 79 46 0 359
60 72 65 40 0 279
38 17 65 7 0 239
6 33 19 57 0 79
47 14 20 24 0 319
61 21 64 55 0 359
47 39 25 54 0 199
2 1 24 15 0 39
75 37 52 50 0 159
58 53 53 85 0 319
88 72 74 49 0 279
28 96 26 62 0 319
4 37 38 40 0 79
72 31 48 18 0 159
35 37 42 7 0 119
42 4 20 18 0 159
14 62 5 34 0 119
12 45 9 79 0 239
59 64 53 33 0 319
41 20 29 44 0 119
4 2 21 22 0 119
23 18 18 50 0 79
11 30 8 64 0 399
53 20 29 7 0 239
46 31 14 27 0 119
52 68 30 83 0 359
20 23 34 45 0 119
0 2 8 31 0 39
13 93 44 97 0 279
65 69 38 60 0 319
87 38 63 49 0 399
15 54 36 70 0 239
0 2 7 32 0 39
18 35 45 25 0 239
1 1 22 17 0 39
36 35 14 50 0 159
30 19 41 44 0 199
44 84 48 51 0 279
46 11 44 46 0 399
69 55 87 37 0 319
67 39 60 69 0 359
40 36 69 28 0 119
1 1 34 5 0 39
30 90 47 71 0 319
3 5 8 37 0 119
9 38 44 36 0 159
15 16 39 29 0 159
76 78 40 77 0 279
73 47 41 52 0 359
32 23 20 48 0 319
14 34 48 37 0 359
8 73 39 67 0 239
63 50 36 60 0 159
1 56 18 76 0 159
27 49 4 35 0 119
25 34 30 3 0 279
60 51 54 20 0 399
13 58 48 59 0 359
57 77 58 41 0 359
41 63 50 91 0 359
65 58 76 84 0 399
57 39 70 62 0 399
15 5 31 26 0 199
57 64 59 29 0 399
22 15 58 14 0 79
69 60 74 30 0 319
43 7 32 31 0 199
54 77 18 76 0 399
49 73 23 62 0 279
14 18 39 28 0 199
1 1 34 5 0 39
74 65 86 90 0 399
31 11 50 29 0 119
27 15 42 36 0 79
44 41 49 11 0 239
38 65 17 81 0 159
71 57 81 84 0 359
29 55 29 19 0 399
33 95 8 83 0 359
54 60 32 75 0 359
61 54 64 20 0 399
86 14 62 25 0 199
53 25 40 49 0 359
21 21 52 15 0 199
16 50 20 17 0 119
26 75 15 49 0 159
2 35 16 58 0 159
28 79 3 67 0 399
68 5 33 6 0 119
54 65 22 70 0 239
57 25 51 54 0 199
39 67 39 30 0 359
64 6 78 29 0 359
16 25 9 55 0 79
10 27 35 39 0 159
65 55 73 27 0 319
48 74 70 59 0 279
50 53 32 34 0 239
19 25 54 26 0 159
60 14 57 47 0 319
60 4 85 16 0 199
22 19 25 53 0 79
69 43 36 46 0 159
5 32 22 52 0 79
0 2 33 6 0 39
45 34 26 16 0 159
27 17 19 46 0 199
35 50 37 16 0 199
18 40 30 15 0 119
13 24 31 43 0 159
89 19 75 42 0 359
80 32 53 22 0 199
53 31 76 45 0 359
24 16 50 6 0 159
83 19 81 54 0 359
59 89 92 85 0 279
78 40 97 58 0 199
98 59 87 85 0 239
29 11 19 37 0 79
35 2 55 17 0 79
63 55 61 90 0 359
2 1 16 23 0 39
27 14 18 42 0 79
36 5 38 40 0 79
67 21 49 2 0 279
22 70 51 63 0 159
64 65 28 66 0 239
15 59 37 74 0 119
72 34 36 35 0 359
2 45 36 48 0 159
1 40 29 49 0 159
89 50 64 38 0 399
46 80 58 56 0 319
2 1 31 8 0 39
15 26 51 27 0 79
62 51 49 73 0 239
32 66 20 42 0 319
26 40 57 34 0 119
45 70 59 93 0 319
16 58 51 56 0 199
41 33 36 1 0 119
55 25 53 59 0 239
22 88 42 71 0 359
14 27 19 59 0 79
19 56 25 86 0 119
81 50 59 65 0 399
18 25 35 43 0 79
12 38 27 16 0 119
10 19 2 46 0 239
42 68 34 96 0 159
20 50 37 30 0 359
35 48 20 27 0 359
48 85 49 49 0 239
65 11 71 42 0 119
16 41 45 49 0 319
66 75 31 77 0 319
10 83 24 60 0 319
50 97 66 76 0 399
36 19 62 9 0 279
5 54 39 52 0 279
39 45 23 64 0 359
1 1 28 11 0 39
0 2 15 24 0 39
0 2 21 18 0 39
36 14 52 34 0 239
2 1 4 35 0 39
27 22 35 51 0 319
30 80 17 57 0 239
93 69 71 54 0 279
39 76 17 91 0 159
16 61 27 36 0 199
0 2 6 33 0 39
32 3 32 38 0 79
0 2 0 39 0 119
7 7 27 22 0 119
27 55 30 22 0 159
48 45 68 62 0 319
1 1 14 25 0 39
98 17 78 34 0 319
11 29 21 2 0 199
21 84 8 60 0 239
32 10 24 38 0 159
32 46 27 78 0 199
22 85 24 50 0 239
21 53 17 20 0 119
33 59 43 33 0 159
10 66 39 74 0 279
0 2 11 28 0 39
1 1 34 5 0 39
60 21 33 31 0 319
44 57 13 51 0 159
12 27 23 53 0 79
51 25 41 52 0 119
48 46 48 81 0 279
1 2 17 22 0 39
0 2 29 10 0 39
2 55 37 54 0 199
74 25 48 35 0 359
44 45 37 74 0 279
4 89 24 72 0 319
24 75 50 85 0 359
4 44 6 9 0 119
96 96 75 80 0 359
11 27 41 33 0 79
7 41 6 77 0 279
21 15 37 35 0 79
8 5 34 16 0 159
38 73 41 39 0 159
54 60 79 48 0 279
67 12 65 47 0 399
63 45 63 82 0 199
58 60 83 72 0 359
1 1 30 9 0 39
1 1 13 26 0 39
62 48 31 52 0 199
37 2 12 14 0 159
42 76 33 49 0 399
34 5 31 39 0 79
67 44 36 48 0 159
50 38 75 27 0 239
32 4 27 36 0 279
41 28 54 51 0 359
0 2 34 5 0 39
6 70 29 56 0 199
8 65 24 85 0 119
1 44 35 47 0 159
35 46 61 56 0 199
27 47 52 35 0 279
87 52 86 16 0 319
58 72 35 84 0 359
2 2 24 15 0 39
5 72 5 36 0 119
39 86 28 60 0 399
0 3 34 1 0 39
1 1 18 21 0 39
57 13 23 16 0 119
3 36 36 40 0 79
1 2 14 25 0 39
61 24 41 41 0 319
58 35 61 1 0 399
32 43 50 61 0 279
13 72 18 40 0 319
41 65 25 44 0 359
70 53 56 76 0 319
85 2 99 25 0 159
67 44 33 47 0 159
11 78 1 52 0 359
43 99 22 83 0 279
55 63 68 40 0 239
85 57 68 77 0 359
66 32 44 17 0 359
34 18 25 46 0 279
1 1 33 6 0 39
38 12 26 37 0 119
21 59 54 55 0 119
25 64 32 36 0 159
70 56 38 51 0 279
81 52 53 44 0 279
9 7 45 6 0 119
40 12 33 41 0 399
83 65 49 63 0 399
27 46 56 38 0 399
26 84 38 60 0 159
58 21 44 43 0 119
38 53 25 29 0 159
47 60 34 36 0 159
1 1 14 25 0 39
53 6 88 5 0 359
36 35 41 67 0 319
33 36 47 58 0 279
33 43 39 12 0 199
68 21 72 54 0 319
35 6 19 25 0 239
84 68 72 93 0 359
23 18 31 47 0 79
18 10 20 45 0 359
22 3 31 31 0 239
23 69 49 58 0 279
49 79 69 96 0 199
8 73 44 74 0 319
56 18 72 38 0 159
40 37 59 20 0 359
29 8 58 0 0 79
21 20 44 32 0 239
56 37 64 8 0 239
0 3 19 20 0 39
2 58 25 72 0 199
0 2 25 14 0 39
50 64 16 61 0 279
55 49 73 31 0 239
45 80 32 57 0 199
28 13 5 27 0 79
48 83 43 52 0 359
29 52 26 85 0 119
0 3 14 25 0 39
10 17 26 36 0 239
31 43 10 59 0 279
78 26 64 3 0 199
37 41 60 55 0 199
16 30 31 51 0 159
64 63 46 82 0 319
70 64 34 63 0 199
9 30 39 37 0 79
42 27 70 36 0 399
18 16 49 20 0 119
83 29 61 43 0 239
25 28 36 2 0 159
2 1 9 30 0 39
39 31 39 68 0 119
27 36 12 57 0 359
11 40 13 5 0 159
63 68 40 55 0 359
18 53 46 44 0 319
42 18 24 37 0 119
78 21 79 57 0 399
2 1 23 16 0 39
68 67 49 51 0 399
71 36 89 17 0 319
61 93 66 61 0 279
21 15 36 36 0 79
1 2 11 28 0 39
14 93 40 82 0 159
30 44 40 71 0 199
77 14 65 38 0 199
24 42 57 38 0 119
60 55 26 52 0 159
85 15 58 25 0 359
63 55 82 37 0 279
96 14 93 46 0 279
23 13 31 41 0 79
41 35 53 10 0 119
1 1 14 25 0 39
48 45 55 15 0 399
58 85 41 67 0 319
0 2 11 28 0 39
3 32 24 48 0 159
23 37 25 72 0 119
0 3 31 8 0 39
38 42 7 48 0 199
42 9 13 17 0 319
94 25 96 60 0 319
56 39 87 45 0 159
34 51 45 77 0 239
93 18 78 39 0 199
56 47 53 80 0 359
92 15 77 35 0 319
19 1 46 9 0 279
45 14 59 36 0 119
61 52 92 48 0 239
31 43 58 53 0 359
34 33 5 25 0 239
16 24 8 52 0 79
13 28 21 57 0 79
15 24 35 41 0 79
36 7 43 35 0 159
52 5 25 14 0 279
1 3 23 16 0 39
1 1 11 28 0 39
10 14 24 35 0 279
56 47 66 74 0 399
43 14 30 37 0 359
58 12 61 46 0 199
25 32 12 9 0 199
36 40 59 26 0 119
50 77 44 46 0 399
31 46 29 11 0 159
7 58 35 49 0 159
15 22 18 55 0 279
16 60 48 55 0 119
42 45 46 13 0 199
2 2 14 25 0 39
47 65 19 57 0 399
0 2 25 14 0 39
66 4 77 28 0 119
20 1 21 36 0 359
87 29 82 61 0 359
31 33 43 58 0 279
44 2 74 9 0 119
19 55 34 75 0 119
60 64 38 50 0 399
11 26 15 59 0 159
42 3 49 32 0 119
8 29 43 31 0 79
53 47 77 34 0 199
31 24 48 6 0 399
82 42 50 37 0 279
1 1 33 6 0 39
41 88 10 93 0 199
6 1 31 13 0 159
17 24 2 2 0 79
40 54 19 69 0 159
1 1 5 34 0 39
60 64 86 75 0 199
28 66 7 82 0 199
36 28 23 4 0 359
59 92 53 62 0 359
20 65 39 47 0 399
76 50 70 80 0 319
21 39 9 63 0 399
22 15 35 39 0 79
63 55 94 61 0 359
96 62 87 89 0 399
1 1 1 38 0 39
8 29 35 39 0 79
26 73 1 62 0 359
11 73 46 72 0 239
41 81 30 55 0 199
30 58 62 54 0 239
61 53 37 66 0 279
92 71 68 58 0 239
56 59 70 82 0 319
18 10 26 38 0 399
0 2 29 10 0 39
17 58 17 93 0 239
1 1 11 28 0 39
8 33 32 44 0 79
19 48 32 25 0 359
52 55 71 38 0 279
21 15 57 16 0 279
76 16 69 46 0 359
33 29 54 45 0 359
80 85 79 50 0 279
47 33 47 69 0 159
23 37 45 50 0 359
18 47 13 16 0 359
35 39 22 63 0 119
69 22 33 23 0 319
1 1 13 26 0 39
40 75 46 44 0 239
60 34 35 22 0 199
44 41 52 12 0 399
17 22 5 47 0 79
43 27 13 22 0 119
28 37 60 42 0 399
79 68 70 96 0 399
23 14 56 10 0 79
53 39 23 44 0 279
43 24 63 41 0 319
50 28 39 3 0 399
8 59 19 34 0 359
66 91 67 55 0 399
79 70 94 48 0 319
85 55 59 66 0 279
28 87 58 94 0 319
48 72 47 36 0 359
31 97 7 84 0 279
62 56 75 32 0 199
33 21 27 51 0 159
35 50 21 28 0 279
44 73 78 70 0 319
33 64 11 49 0 399
62 94 38 82 0 399
58 14 59 50 0 119
20 17 11 45 0 79
61 82 70 54 0 239
26 37 0 26 0 159
10 25 31 39 0 79
1 2 34 5 0 39
59 23 56 57 0 279
63 50 44 32 0 239
1 46 16 24 0 399
4 68 31 76 0 359
0 2 35 4 0 39
52 21 83 16 0 119
22 42 43 27 0 159
50 23 73 10 0 119
67 48 50 68 0 399
61 17 53 46 0 119
48 29 59 54 0 279
54 54 20 52 0 319
15 88 32 68 0 399
27 11 50 24 0 79
2 1 8 31 0 39
7 30 24 50 0 79
31 8 38 38 0 79
3 32 34 26 0 159
42 55 73 61 0 319
0 57 31 51 0 239
50 19 50 56 0 319
32 5 2 12 0 79
61 29 64 62 0 399
67 41 73 11 0 239
30 52 40 79 0 279
16 26 6 0 0 79
18 35 44 26 0 319
5 57 38 61 0 279
2 1 6 33 0 39
50 25 85 27 0 239
11 21 4 50 0 159
51 35 64 58 0 399
87 22 53 25 0 399
1 1 37 2 0 39
20 34 36 13 0 119
1 2 11 28 0 39
87 46 63 35 0 239
36 5 8 14 0 159
27 15 23 46 0 199
16 21 15 57 0 79
30 5 21 31 0 79
43 86 44 50 0 319
34 55 65 61 0 159
23 12 20 44 0 79
12 31 31 49 0 159
16 46 32 67 0 119
0 32 29 38 0 119
43 75 39 42 0 279
19 48 0 31 0 199
43 48 33 23 0 239
3 38 10 8 0 79
16 22 38 7 0 199
0 69 3 36 0 359
79 32 78 68 0 239
66 30 66 66 0 159
29 50 31 84 0 199
13 38 15 4 0 359
75 52 50 40 0 239
41 64 35 95 0 239
25 72 20 41 0 199
42 33 13 26 0 119
18 19 31 41 0 319
46 88 26 72 0 239
14 55 29 33 0 159
42 30 77 28 0 119
53 15 71 33 0 239
55 77 30 65 0 359
50 64 42 36 0 319
36 5 25 31 0 79
39 43 63 31 0 239
57 29 86 23 0 279
94 37 71 23 0 239
65 26 82 45 0 359
32 5 11 21 0 79
31 44 28 77 0 119
62 84 80 65 0 359
70 59 93 73 0 319
10 12 16 42 0 159
46 74 70 87 0 279
1 1 19 20 0 39
37 3 40 37 0 119
43 73 75 68 0 199
76 52 71 21 0 399
8 35 22 58 0 159
24 14 15 41 0 159
23 16 9 39 0 79
0 2 23 16 0 39
49 24 56 53 0 119
12 35 44 30 0 159
7 30 34 20 0 79
16 47 45 55 0 319
33 40 12 55 0 119
81 28 71 55 0 159
21 41 54 37 0 359
58 31 55 65 0 319
82 64 97 42 0 359
82 46 60 61 0 359
27 52 58 58 0 319
14 24 39 13 0 79
33 29 7 19 0 239
8 18 44 17 0 279
88 74 68 57 0 359
48 30 60 7 0 199
51 36 74 50 0 399
41 10 11 17 0 239
6 13 0 43 0 119
28 48 61 52 0 119
1 1 29 10 0 39
1 2 36 1 0 39
52 23 23 15 0 239
17 31 18 67 0 279
46 1 58 24 0 159
80 34 58 19 0 359
33 42 2 37 0 119
0 2 0 39 0 39
36 59 12 47 0 359
80 44 92 69 0 199
38 72 34 40 0 159
29 6 35 36 0 119
1 2 35 0 0 39
7 23 18 49 0 279
36 3 32 36 0 79
33 0 39 31 0 159
84 94 53 88 0 359
9 24 19 49 0 399
57 26 23 29 0 399
12 29 45 33 0 79
67 3 39 11 0 159
40 53 11 59 0 399
46 45 37 17 0 239
91 18 73 36 0 279
1 3 11 28 0 39
34 58 52 40 0 239
89 46 85 79 0 399
21 15 22 51 0 279
5 11 36 17 0 199
32 43 11 28 0 119
0 2 8 31 0 39
43 48 57 26 0 199
1 1 36 3 0 39
75 28 42 24 0 399
37 82 1 81 0 319
0 2 36 1 0 39
56 57 74 39 0 359
23 53 22 89 0 119
28 20 47 2 0 199
57 83 91 80 0 199
1 1 37 2 0 119
30 14 30 51 0 199
12 63 47 64 0 119
43 33 49 64 0 119
37 88 57 71 0 319
31 49 42 75 0 119
11 6 39 15 0 159
38 85 41 51 0 399
7 34 7 71 0 79
1 1 5 34 0 39
26 90 57 95 0 159
20 78 42 93 0 199
42 96 67 85 0 239
33 4 32 40 0 79
95 59 79 38 0 359
51 87 55 55 0 399
10 73 35 61 0 319
30 40 9 24 0 279
32 3 28 36 0 79
94 62 63 68 0 279
51 75 74 62 0 319
38 66 23 44 0 199
1 2 16 23 0 39
60 18 33 28 0 359
90 50 90 86 0 319
35 44 63 53 0 159
69 59 59 32 0 199
38 3 60 18 0 159
27 64 34 35 0 359
1 2 7 32 0 39
33 24 67 27 0 159
28 18 24 50 0 319
61 9 71 35 0 319
23 74 20 40 0 239
81 2 67 25 0 319
39 37 65 26 0 119
43 43 8 42 0 239
1 2 23 16 0 39
36 37 29 67 0 399
24 46 41 66 0 199
42 64 66 77 0 279
5 34 38 31 0 199
56 81 39 61 0 399
1 3 27 12 0 39
53 61 79 72 0 279
1 1 21 18 0 39
0 2 16 23 0 39
14 35 15 71 0 399
0 3 28 11 0 39
35 2 4 6 0 79
31 5 46 26 0 79
58 27 53 58 0 359
62 9 97 11 0 399
35 28 21 51 0 399
18 48 52 47 0 199
0 2 24 15 0 39
27 9 54 18 0 79
26 35 23 69 0 399
3 38 9 69 0 79
24 17 31 47 0 79
55 55 75 40 0 199
42 34 44 69 0 119
0 3 5 34 0 39
34 57 19 78 0 279
41 82 49 53 0 319
41 40 29 16 0 279
0 2 17 22 0 39
74 3 40 1 0 119
52 71 26 82 0 399
26 41 19 69 0 239
88 93 75 69 0 239
72 81 41 76 0 359
21 26 48 16 0 159
57 14 59 48 0 279
32 82 64 86 0 319
49 8 26 21 0 279
90 27 88 62 0 399
22 48 51 41 0 239
4 36 10 6 0 79
27 5 44 25 0 359
79 4 76 38 0 319
60 26 61 62 0 199
48 62 35 86 0 359
86 37 64 52 0 319
20 53 36 73 0 119
28 9 25 43 0 79
46 43 72 54 0 159
54 39 42 64 0 319
33 25 41 54 0 359
47 5 80 9 0 119
58 88 81 75 0 399
41 55 73 60 0 359
57 1 70 24 0 319
32 48 36 15 0 199
63 44 78 66 0 319
98 65 82 44 0 239
8 34 18 8 0 79
1 1 8 31 0 39
24 14 43 31 0 79
15 22 15 59 0 159
27 15 28 50 0 79
51 38 51 1 0 239
60 71 70 45 0 279
7 31 31 19 0 159
22 68 56 71 0 359
15 29 49 27 0 159
60 30 53 58 0 199
79 61 51 70 0 359
29 42 63 43 0 159
50 30 15 28 0 279
28 68 63 70 0 279
15 57 33 75 0 159
55 61 19 60 0 359
35 2 68 6 0 79
19 70 35 90 0 279
55 43 44 17 0 359
27 40 8 58 0 159
1 1 17 22 0 39
10 35 33 49 0 399
61 15 67 44 0 199
16 21 29 45 0 159
29 42 14 63 0 199
12 35 38 24 0 239
33 8 8 20 0 79
84 57 56 65 0 359
81 84 74 55 0 359
41 13 20 29 0 119
1 1 10 29 0 39
9 27 42 30 0 79
21 66 34 88 0 399
24 52 8 32 0 159
25 41 1 28 0 119
47 35 28 17 0 359
20 96 22 61 0 279
22 63 38 42 0 319
77 54 86 82 0 399
9 35 44 34 0 399
0 2 22 17 0 39
39 33 62 19 0 199
0 2 6 33 0 39
44 76 55 51 0 159
0 80 1 44 0 359
0 2 29 10 0 39
36 50 43 21 0 239
22 43 22 80 0 159
29 13 2 23 0 119
7 82 31 69 0 399
89 25 67 10 0 359
75 11 88 35 0 359
20 37 33 61 0 239
23 40 12 14 0 319
50 43 84 46 0 319
32 42 15 61 0 239
1 1 16 23 0 39
17 63 51 60 0 199
49 61 57 89 0 319
44 61 19 71 0 319
44 23 20 35 0 119
25 14 19 43 0 159
4 70 7 36 0 359
24 26 10 5 0 199
15 21 15 57 0 79
9 94 18 66 0 239
41 27 14 19 0 119
35 43 51 22 0 119
65 15 32 19 0 279
41 37 59 56 0 119
1 2 35 0 0 39
38 73 66 82 0 159
54 45 86 50 0 239
34 54 13 68 0 199
2 2 34 5 0 39
94 81 85 53 0 239
13 35 44 40 0 399
25 2 22 36 0 159
42 38 63 22 0 279
36 4 25 29 0 239
9 27 39 33 0 79
35 53 11 40 0 359
36 10 17 28 0 119
42 39 39 6 0 359
7 5 29 20 0 279
54 21 84 16 0 239
11 46 32 31 0 199
54 39 33 54 0 279
83 67 91 38 0 279
37 29 25 54 0 279
37 63 7 69 0 159
56 21 32 34 0 239
46 91 29 73 0 319
35 43 1 46 0 119
10 44 10 7 0 279
51 80 52 44 0 399
72 40 59 63 0 159
74 35 85 59 0 319
16 75 13 41 0 399
20 69 5 47 0 319
64 53 87 40 0 279
17 24 40 38 0 79
59 20 43 41 0 399
21 16 44 2 0 79
33 26 53 43 0 159
64 10 80 31 0 119
43 18 48 49 0 279
64 29 55 56 0 279
28 44 53 56 0 279
86 87 62 74 0 399
63 6 62 40 0 239
49 12 19 18 0 199
48 30 82 27 0 119
95 24 63 20 0 199
48 30 33 52 0 119
1 1 20 19 0 39
31 1 45 24 0 199
69 19 50 2 0 239
30 10 59 18 0 119
34 5 0 8 0 79
0 2 30 9 0 39
31 7 24 36 0 79
89 89 67 74 0 359
46 63 56 90 0 159
45 33 13 38 0 279
1 1 28 11 0 39
13 24 19 55 0 79
42 55 28 77 0 359
82 59 60 74 0 399
43 26 43 63 0 399
76 46 50 35 0 199
0 3 10 29 0 39
18 10 38 27 0 119
31 39 12 21 0 119
35 10 45 36 0 359
36 28 58 13 0 359
49 4 54 36 0 319
8 13 40 17 0 199
58 41 25 37 0 239
19 57 42 43 0 359
0 3 27 12 0 39
57 38 88 44 0 319
22 40 32 13 0 119
40 26 73 30 0 279
1 1 20 19 0 39
39 27 64 39 0 279
3 1 5 34 0 39
26 10 13 33 0 79
47 13 50 47 0 359
75 41 95 24 0 359
1 2 30 9 0 39
36 17 30 48 0 159
75 48 47 41 0 399
19 18 13 49 0 79
25 39 61 38 0 279
68 85 80 60 0 319
45 86 41 53 0 399
22 14 47 3 0 79
40 77 22 95 0 279
12 61 45 64 0 119
80 49 95 71 0 399
81 56 66 34 0 399
19 19 47 10 0 199
22 18 10 42 0 79
6 34 24 15 0 359
63 3 27 2 0 119
18 23 10 52 0 79
23 84 0 70 0 159
22 84 37 64 0 199
31 42 47 62 0 119
65 96 86 80 0 399
18 67 50 62 0 399
63 65 98 63 0 199
73 31 94 15 0 359
19 30 14 61 0 119
54 7 18 8 0 399
25 22 60 20 0 319
44 91 25 75 0 319
81 81 66 59 0 359
54 74 76 88 0 319
75 27 57 9 0 239
43 27 19 40 0 119
97 65 83 42 0 359
44 65 43 29 0 319
46 64 62 85 0 199
27 57 39 33 0 239
1 1 7 32 0 39
68 37 41 45 0 399
4 36 13 64 0 119
18 2 28 29 0 279
42 55 49 27 0 319
38 86 6 91 0 279
19 56 18 92 0 319
21 24 31 51 0 159
52 76 17 74 0 359
16 30 6 4 0 239
51 54 67 75 0 319
0 4 27 12 0 39
23 82 35 57 0 159
46 35 81 33 0 399
0 2 12 27 0 39
52 67 39 43 0 239
11 30 30 12 0 79
7 32 43 33 0 79
0 2 22 17 0 39
27 24 14 48 0 239
15 50 37 36 0 279
31 55 63 59 0 239
26 7 38 32 0 159
23 43 52 50 0 399
49 25 29 9 0 399
28 38 44 59 0 119
2 12 12 39 0 199
3 1 4 35 0 39
41 29 7 32 0 199
20 74 9 49 0 159
6 35 39 39 0 159
60 17 84 28 0 319
31 20 51 37 0 159
11 13 26 35 0 119
20 62 52 66 0 399
54 35 86 39 0 199
57 68 92 70 0 239
83 4 80 36 0 159
87 52 75 77 0 319
34 55 38 87 0 359
54 92 65 66 0 199
66 30 47 14 0 279
46 64 79 67 0 159
36 45 26 72 0 399
51 64 17 61 0 159
20 29 36 8 0 319
1 3 9 30 0 39
10 26 20 52 0 79
32 6 6 16 0 79
95 39 66 46 0 399
8 36 34 47 0 279
30 5 56 14 0 79
26 48 60 47 0 279
25 47 16 19 0 119
26 35 20 66 0 239
79 33 58 18 0 159
30 44 52 31 0 119
25 26 5 9 0 159
5 7 12 37 0 199
17 25 40 38 0 159
36 13 24 38 0 239
56 57 40 78 0 159
24 48 31 78 0 279
67 63 42 73 0 199
0 3 6 33 0 39
7 34 34 44 0 79
1 1 17 22 0 39
10 29 44 26 0 79
49 17 63 40 0 199
40 51 33 81 0 319
12 5 12 42 0 159
47 55 52 86 0 319
59 28 66 57 0 199
77 26 74 60 0 239
87 39 68 57 0 359
64 53 58 22 0 239
22 82 15 52 0 199
15 35 42 25 0 279
10 45 5 13 0 239
50 24 32 43 0 119
89 30 54 28 0 399
91 41 67 54 0 279
30 44 29 80 0 359
4 54 15 80 0 359
25 16 6 34 0 79
63 30 70 0 0 319
36 66 2 64 0 239
98 22 92 51 0 199
0 37 15 15 0 79
91 78 91 41 0 239
1 1 9 30 0 39
60 15 47 38 0 199
83 66 74 40 0 399
15 68 25 93 0 399
13 24 42 16 0 79
39 41 71 36 0 119
35 6 51 27 0 239
34 2 9 13 0 159
42 22 7 20 0 199
2 1 30 9 0 39
51 58 43 87 0 159
46 41 57 66 0 359
85 44 98 21 0 359
8 31 38 24 0 319
25 29 57 34 0 199
2 1 22 17 0 39
52 23 41 48 0 119
5 85 32 75 0 359
19 72 22 40 0 239
6 33 38 28 0 79
1 1 18 21 0 39
3 36 22 20 0 159
51 73 51 38 0 359
42 73 27 51 0 159
7 34 26 16 0 79
3 38 23 55 0 79
8 54 22 31 0 119
5 6 31 16 0 359
47 75 79 72 0 199
40 13 73 17 0 319
17 36 28 62 0 319
1 1 17 22 0 39
32 83 51 99 0 399
68 45 32 44 0 399
23 42 20 9 0 359
11 30 39 39 0 79
38 26 68 19 0 279
67 57 88 72 0 319
64 12 28 13 0 359
77 36 75 2 0 359
48 52 38 25 0 199
50 50 23 42 0 279
44 97 16 88 0 399
95 36 73 51 0 319
54 66 65 40 0 199
37 52 7 59 0 239
57 71 62 39 0 199
0 43 25 31 0 159
99 25 72 34 0 319
30 53 53 39 0 239
52 81 47 49 0 399
87 38 87 75 0 319
21 19 41 35 0 79
20 16 15 47 0 79
78 44 56 58 0 239
33 4 16 24 0 79
28 6 55 14 0 119
1 1 20 19 0 39
26 24 14 0 0 239
33 60 7 70 0 359
52 40 80 49 0 359
2 1 5 34 0 39
68 44 36 49 0 359
53 53 74 69 0 199
1 1 17 22 0 39
22 54 26 21 0 279
18 26 46 35 0 279
35 91 62 81 0 199
94 40 89 72 0 279
84 75 84 38 0 319
46 58 50 25 0 359
19 47 36 28 0 319
83 21 52 26 0 239
29 29 34 60 0 159
21 43 33 18 0 119
7 41 21 64 0 199
31 53 50 71 0 279
47 10 12 12 0 239
43 43 37 13 0 319
27 41 23 9 0 319
60 76 88 85 0 359
40 7 39 43 0 159
27 13 14 37 0 359
22 93 23 57 0 319
94 74 62 79 0 359
53 87 42 61 0 359
34 56 39 25 0 239
21 30 55 33 0 159
83 74 57 85 0 399
49 78 28 94 0 319
10 29 41 23 0 79
38 57 33 88 0 199
73 1 50 15 0 359
0 3 21 18 0 39
14 48 8 79 0 199
62 83 82 66 0 239
45 44 66 60 0 159
5 94 23 77 0 319
25 17 23 52 0 119
45 8 30 30 0 159
62 25 86 12 0 239
65 68 65 31 0 399
24 62 38 85 0 359
6 36 26 20 0 79
61 50 90 43 0 359
95 47 81 70 0 359
55 60 51 93 0 399
4 32 33 25 0 79
0 2 27 12 0 39
44 98 50 67 0 279
31 33 15 54 0 119
1 13 35 16 0 119
58 55 74 76 0 159
56 46 84 37 0 359
64 30 94 25 0 359
38 11 59 25 0 159
70 30 96 41 0 359
11 31 31 48 0 199
49 25 18 21 0 199
46 27 27 44 0 279
44 29 23 45 0 319
60 49 44 70 0 319
1 1 22 17 0 39
27 91 50 78 0 399
0 4 2 37 0 39
70 81 70 44 0 239
24 54 19 24 0 119
97 37 92 69 0 199
35 37 22 13 0 119
74 71 65 99 0 239
14 54 38 42 0 239
41 37 54 13 0 199
8 56 43 54 0 199
22 19 50 10 0 79
45 32 38 61 0 199
11 40 29 21 0 239
42 77 63 93 0 399
48 75 24 88 0 239
84 39 67 59 0 399
65 64 62 30 0 399
72 39 81 13 0 159
37 76 45 47 0 319
23 23 54 28 0 399
35 27 61 38 0 199
56 15 59 49 0 159
32 85 38 54 0 239
22 46 47 34 0 119
69 61 34 63 0 359
30 11 17 35 0 79
52 35 74 49 0 199
0 2 28 11 0 39
0 2 35 0 0 39
29 21 4 33 0 119
49 62 83 65 0 239
0 2 22 17 0 39
29 19 51 32 0 359
0 3 5 34 0 39
0 3 16 23 0 39
46 29 64 11 0 199
43 24 36 54 0 399
79 83 48 88 0 399
36 59 44 30 0 399
19 32 16 65 0 359
9 50 41 53 0 239
0 2 0 39 0 39
0 41 12 66 0 79
10 65 2 93 0 119
9 48 37 40 0 279
45 18 19 29 0 319
34 45 16 63 0 119
74 78 68 47 0 359
39 1 65 11 0 79
15 91 45 86 0 279
8 33 34 44 0 79
30 11 13 31 0 79
55 35 21 38 0 199
37 33 61 20 0 199
1 1 25 14 0 39
60 61 87 71 0 239
19 21 12 50 0 239
70 32 84 11 0 279
33 64 68 62 0 319
69 64 53 44 0 359
59 61 48 35 0 359
51 36 43 8 0 279
50 68 44 99 0 359
40 35 11 28 0 279
1 3 20 19 0 39
49 14 33 35 0 399
58 11 94 12 0 399
5 1 14 27 0 119
62 16 87 28 0 119
88 27 77 52 0 359
2 2 28 11 0 39
3 19 20 38 0 159
23 14 41 33 0 79
47 31 60 7 0 279
22 36 6 15 0 279
56 46 70 23 0 359
86 15 92 46 0 239
79 48 94 26 0 319
53 86 50 52 0 399
41 31 51 58 0 119
68 31 77 59 0 399
31 10 62 4 0 79
49 76 16 80 0 319
30 50 55 62 0 199
36 31 57 47 0 399
60 82 68 54 0 399
89 84 55 81 0 399
2 52 23 36 0 279
17 14 53 15 0 319
45 23 56 49 0 279
37 39 72 37 0 119
2 1 8 31 0 39
44 84 70 94 0 319
36 38 15 54 0 119
28 76 36 47 0 199
0 2 32 7 0 39
54 45 48 16 0 319
67 35 87 52 0 279
20 91 4 72 0 319
18 65 50 62 0 319
61 45 94 42 0 319
10 91 25 71 0 159
70 31 36 28 0 239
57 36 82 24 0 239
19 22 26 52 0 239
1 1 28 11 0 39
40 74 74 76 0 239
33 43 67 40 0 119
16 21 43 11 0 79
44 34 14 40 0 399
65 55 65 90 0 359
36 16 35 51 0 159
40 61 71 56 0 359
32 9 43 35 0 79
28 9 28 46 0 79
1 55 15 32 0 199
53 48 62 20 0 319
21 40 33 15 0 399
43 68 39 36 0 199
41 41 34 11 0 359
34 14 48 36 0 399
1 2 4 35 0 39
8 24 27 7 0 159
5 35 40 36 0 399
32 45 28 12 0 159
66 49 96 42 0 159
40 38 36 5 0 199
0 2 7 32 0 39
55 19 88 23 0 119
2 2 17 22 0 39
23 14 37 37 0 79
88 49 80 78 0 319
36 6 16 22 0 79
20 5 45 16 0 359
34 87 56 73 0 359
30 0 57 9 0 319
39 32 71 27 0 239
11 44 31 27 0 239
22 38 34 13 0 279
94 52 88 21 0 199
11 30 42 36 0 79
3 35 15 10 0 199
48 36 65 55 0 239
20 2 9 28 0 119
55 58 62 87 0 359
43 20 56 42 0 399
1 1 12 27 0 39
25 45 1 58 0 199
10 45 33 31 0 239
17 21 6 46 0 79
50 48 65 70 0 279
1 1 5 34 0 39
40 29 68 37 0 279
59 30 84 42 0 239
52 9 30 24 0 159
30 7 64 10 0 239
33 82 37 49 0 159
0 3 2 37 0 39
30 13 20 40 0 159
58 8 50 37 0 119
48 34 23 23 0 159
38 3 73 1 0 79
11 54 35 67 0 159
1 1 35 4 0 39
2 62 25 76 0 279
14 41 39 53 0 239
34 75 41 45 0 399
56 63 51 94 0 279
45 17 17 8 0 199
31 45 2 53 0 119
83 45 72 19 0 359
16 64 47 59 0 399
24 18 42 36 0 79
1 41 36 39 0 279
38 7 5 10 0 119
16 42 9 72 0 199
6 33 26 16 0 79
1 1 1 38 0 39
34 7 70 6 0 79
0 2 32 7 0 39
48 79 22 68 0 399
1 1 36 3 0 39
11 77 37 87 0 239
43 70 57 92 0 279
46 59 22 72 0 319
0 2 18 21 0 39
20 22 4 42 0 79
0 2 5 34 0 39
33 43 27 12 0 359
11 39 9 4 0 359
49 34 71 49 0 399
61 55 76 77 0 359
37 5 29 33 0 79
37 44 27 18 0 279
71 81 78 51 0 359
47 10 38 37 0 119
21 84 33 59 0 159
9 6 26 25 0 199
85 14 76 42 0 319
85 48 84 13 0 279
9 30 2 60 0 79
36 45 1 43 0 239
1 1 23 16 0 39
15 25 37 11 0 79
90 73 72 54 0 319
34 40 5 32 0 199
6 33 9 67 0 239
25 3 1 15 0 159
45 77 21 64 0 359
51 21 67 0 0 119
26 39 21 71 0 319
50 17 27 3 0 319
41 52 9 57 0 399
12 9 9 42 0 119
9 30 27 11 0 79
49 67 46 99 0 199
1 2 21 18 0 39
32 30 21 4 0 199
24 0 57 4 0 279
43 47 11 42 0 199
0 2 7 32 0 39
0 2 6 33 0 39
1 1 14 25 0 39
39 27 7 31 0 239
83 30 66 10 0 319
76 78 58 95 0 199
0 37 20 20 0 79
73 77 86 53 0 279
86 25 74 0 0 319
76 75 84 47 0 359
21 51 15 21 0 159
13 7 13 43 0 159
11 44 21 17 0 239
24 17 59 15 0 399
0 32 7 3 0 79
54 50 41 26 0 359
30 12 35 43 0 79
32 92 34 58 0 319
33 46 13 63 0 239
1 1 28 11 0 39
22 68 53 64 0 359
52 70 44 98 0 239
43 49 41 15 0 399
32 27 9 14 0 119
8 15 32 2 0 159
17 63 8 90 0 159
8 6 25 26 0 119
55 25 63 54 0 359
54 21 62 50 0 319
58 74 24 71 0 279
9 33 11 68 0 199
39 71 46 42 0 159
76 29 97 13 0 159
11 44 43 49 0 319
83 41 50 45 0 279
13 19 27 42 0 359
53 55 73 72 0 279
39 37 71 42 0 119
75 26 54 41 0 279
43 20 64 4 0 159
20 40 20 76 0 399
42 20 30 44 0 239
17 22 37 5 0 79
88 48 71 68 0 359
49 27 48 63 0 199
70 1 87 21 0 399
66 84 66 47 0 199
56 2 92 3 0 359
51 48 59 77 0 399
98 18 82 39 0 359
82 37 86 4 0 399
96 84 92 51 0 359
46 29 67 44 0 119
18 58 13 90 0 119
41 31 11 38 0 119
8 71 12 38 0 319
1 1 33 6 0 39
44 16 9 18 0 359
92 60 74 42 0 239
61 23 85 10 0 359
86 22 86 59 0 199
1 2 1 38 0 39
1 40 35 43 0 79
9 60 1 32 0 119
50 59 59 32 0 359
37 30 57 13 0 159
66 27 67 63 0 239
1 35 5 2 0 119
63 89 84 74 0 319
2 1 8 31 0 39
45 27 27 8 0 199
48 70 46 35 0 359
1 2 6 33 0 39
35 65 52 45 0 359
36 67 36 30 0 399
83 96 68 75 0 359
2 1 16 23 0 39
39 9 57 28 0 279
64 40 81 59 0 239
15 56 45 49 0 159
87 20 67 37 0 239
74 58 99 69 0 239
58 5 60 40 0 239
52 88 52 52 0 239
27 10 37 37 0 79
0 3 9 30 0 39
17 37 15 72 0 199
17 68 31 46 0 279
33 95 55 80 0 359
16 58 24 86 0 399
56 79 90 82 0 399
49 30 58 3 0 199
7 30 27 47 0 79
35 42 7 34 0 119
89 73 58 67 0 359
59 7 59 44 0 199
35 3 33 37 0 399
6 31 41 29 0 79
1 1 7 32 0 39
0 3 1 38 0 39
25 67 18 37 0 199
56 33 32 46 0 239
40 35 11 43 0 159
30 35 9 20 0 199
1 1 31 8 0 39
0 2 3 36 0 39
14 27 33 45 0 79
53 24 35 5 0 399
50 6 42 33 0 359
73 59 39 61 0 399
41 72 31 45 0 399
58 42 90 47 0 279
19 7 28 35 0 279
57 54 29 47 0 399
10 50 20 77 0 119
12 40 16 73 0 199
68 2 85 21 0 159
15 38 45 43 0 159
39 81 15 68 0 359
64 42 78 19 0 359
20 57 16 24 0 159
36 84 66 78 0 399
75 30 91 51 0 319
67 41 84 21 0 359
42 91 19 77 0 319
67 78 84 98 0 399
42 59 52 85 0 279
73 59 67 90 0 279
24 47 35 22 0 119
0 2 17 22 0 39
0 2 3 36 0 39
0 2 0 39 0 39
13 55 19 24 0 199
45 33 14 28 0 159
34 38 3 32 0 119
53 56 58 25 0 199
59 23 45 45 0 239
34 40 17 20 0 119
18 11 11 40 0 119
1 1 6 33 0 39
5 38 15 65 0 319
51 84 79 75 0 399
54 9 31 21 0 159
19 48 50 54 0 239
16 23 11 55 0 79
61 20 42 2 0 239
15 8 40 20 0 239
55 42 89 45 0 399
37 35 61 47 0 319
22 65 56 68 0 399
77 54 58 72 0 399
1 1 34 5 0 39
22 74 50 65 0 359
1 26 24 14 0 159
57 15 79 30 0 119
48 33 52 65 0 119
62 66 43 48 0 199
0 2 16 23 0 39
32 74 20 98 0 399
1 1 0 37 0 39
92 5 66 16 0 399
3 1 21 18 0 39
1 2 12 27 0 39
65 21 88 35 0 359
51 16 64 40 0 159
27 72 55 80 0 279
92 75 82 48 0 319
65 7 61 40 0 279
12 25 26 48 0 79
94 97 65 89 0 319
69 67 60 94 0 399
25 82 39 59 0 159
54 48 34 32 0 159
60 49 30 42 0 319
67 27 33 30 0 359
43 28 33 54 0 199
1 34 5 66 0 119
84 63 83 28 0 279
21 44 32 18 0 399
1 1 37 0 0 39
72 14 38 15 0 359
36 40 8 31 0 119
61 28 70 2 0 159
30 81 1 88 0 199
15 22 34 40 0 319
44 93 78 96 0 399
47 38 31 59 0 399
17 24 2 46 0 79
28 11 18 38 0 79
22 93 50 85 0 359
75 81 41 80 0 279
57 96 65 68 0 359
0 6 2 41 0 119
41 27 44 59 0 119
0 2 28 11 0 39
26 33 32 64 0 399
70 7 93 21 0 159
48 16 54 47 0 199
34 46 43 74 0 119
2 1 27 12 0 39
4 47 22 29 0 119
0 3 8 31 0 39
64 5 73 33 0 239
29 7 12 26 0 79
31 21 2 27 0 359
20 14 51 19 0 159
11 28 32 44 0 239
37 25 48 49 0 279
55 57 45 30 0 279
71 81 47 68 0 359
44 37 10 40 0 399
95 26 59 25 0 319
53 30 44 4 0 319
0 2 33 6 0 39
76 33 79 67 0 159
28 44 19 16 0 119
1 2 20 19 0 39
49 10 46 43 0 359
82 30 52 36 0 239
24 38 22 3 0 359
5 88 3 53 0 399
29 41 46 21 0 119
76 43 96 26 0 399
65 5 51 28 0 279
39 22 56 41 0 279
5 49 11 80 0 199
10 77 44 78 0 239
74 95 41 91 0 239
94 58 68 67 0 359
9 17 2 46 0 159
35 44 27 15 0 319
55 58 53 93 0 159
38 30 37 66 0 119
62 85 97 87 0 399
35 53 16 35 0 279
9 85 44 87 0 199
40 27 54 4 0 319
0 2 3 36 0 39
78 45 78 8 0 239
20 76 38 95 0 359
30 19 56 29 0 199
54 24 35 6 0 359
17 24 40 10 0 79
41 11 33 40 0 119
6 10 35 2 0 279
1 3 23 16 0 39
81 71 67 92 0 279
60 10 46 33 0 359
13 45 32 63 0 199
54 57 86 61 0 279
56 51 35 67 0 319
14 23 15 59 0 79
45 88 76 82 0 399
41 31 19 18 0 119
39 64 6 61 0 279
83 10 60 22 0 319
73 55 68 87 0 279
37 45 55 28 0 279
43 47 43 11 0 319
25 14 33 43 0 79
15 65 50 64 0 399
1 3 22 17 0 39
57 40 59 6 0 279
0 2 35 0 0 39
51 44 70 62 0 399
12 82 44 85 0 359
61 3 81 20 0 119
51 31 61 58 0 199
78 63 42 64 0 399
20 74 50 79 0 359
54 29 41 53 0 319
4 49 35 55 0 239
11 12 11 49 0 239
22 61 53 55 0 159
72 40 42 46 0 159
96 37 77 20 0 199
71 70 59 46 0 279
64 27 79 6 0 279
44 5 65 20 0 359
70 34 37 31 0 399
42 19 32 45 0 119
72 20 73 56 0 199
0 43 2 76 0 79
1 2 22 17 0 39
28 87 64 88 0 159
18 59 44 70 0 239
56 58 61 89 0 239
32 4 21 29 0 79
45 0 60 22 0 319
41 27 12 21 0 359
7 62 22 41 0 359
68 53 78 80 0 239
4 33 9 63 0 79
17 20 51 17 0 79
31 66 67 67 0 159
80 12 65 34 0 199
58 61 25 58 0 359
7 33 25 52 0 119
35 42 4 36 0 319
80 62 56 75 0 199
33 28 43 55 0 399
36 92 10 82 0 319
31 63 14 83 0 199
64 49 82 67 0 359
46 15 23 1 0 239
61 45 81 61 0 319
36 7 7 15 0 159
6 26 9 60 0 279
9 62 40 68 0 319
11 25 33 39 0 319
64 68 40 56 0 319
37 38 40 5 0 119
42 13 52 39 0 359
11 24 38 32 0 79
30 9 51 25 0 79
66 68 78 43 0 199
2 1 2 37 0 39
78 6 45 2 0 279
1 1 21 18 0 39
44 28 11 26 0 199
88 84 82 54 0 239
2 0 33 6 0 119
1 1 13 26 0 39
2 1 1 36 0 39
62 37 87 49 0 239
24 38 59 40 0 119
73 58 37 59 0 239
36 61 13 74 0 279
37 11 65 2 0 359
65 22 32 18 0 399
51 70 38 94 0 319
67 60 67 23 0 319
19 57 33 36 0 199
51 42 28 28 0 159
37 40 66 33 0 119
89 50 81 22 0 199
7 56 7 92 0 119
0 2 11 28 0 39
3 34 34 40 0 79
35 50 57 35 0 399
40 85 41 49 0 399
56 25 72 45 0 199
34 3 33 39 0 79
49 62 21 53 0 239
60 66 79 83 0 319
0 3 18 21 0 39
74 42 40 41 0 359
71 87 69 53 0 239
35 41 54 59 0 359
57 62 72 42 0 319
63 87 51 63 0 239
44 35 80 36 0 319
30 26 34 59 0 279
59 37 51 10 0 199
2 1 24 15 0 39
33 42 64 36 0 159
0 2 29 10 0 39
77 23 44 25 0 279
22 1 53 7 0 239
1 1 11 28 0 39
26 12 45 30 0 119
75 31 80 63 0 359
27 89 7 72 0 199
25 13 58 16 0 79
26 63 14 38 0 159
6 33 40 31 0 119
18 40 16 74 0 239
18 76 28 51 0 279
49 52 26 66 0 159
55 50 82 40 0 399
93 48 99 17 0 319
50 30 62 6 0 239
8 34 7 70 0 359
8 68 15 98 0 279
72 13 42 20 0 159
53 4 31 18 0 119
36 2 10 12 0 79
53 50 39 73 0 159
63 17 67 50 0 119
57 11 55 46 0 119
60 58 71 83 0 399
56 2 31 13 0 399
72 52 56 31 0 359
1 41 34 44 0 79
8 83 7 49 0 239
22 16 54 21 0 119
71 21 71 57 0 399
42 65 15 56 0 279
7 72 12 41 0 199
42 15 37 47 0 319
61 72 49 47 0 239
85 40 80 71 0 359
26 69 57 63 0 319
18 48 52 51 0 119
29 35 53 23 0 319
59 34 27 29 0 159
22 15 0 30 0 79
4 9 32 1 0 119
1 97 15 75 0 159
22 78 56 81 0 359
0 2 25 14 0 39
14 9 43 2 0 119
73 43 71 10 0 199
36 42 3 46 0 359
30 21 50 38 0 159
51 39 59 68 0 199
30 11 37 41 0 79
30 8 62 4 0 79
16 35 47 41 0 159
4 39 11 67 0 79
1 1 28 11 0 39
14 22 25 47 0 79
72 8 48 20 0 399
21 18 4 38 0 79
24 4 46 18 0 239
42 60 29 36 0 199
38 39 9 46 0 199
42 17 22 1 0 279
59 38 33 49 0 159
16 2 43 11 0 159
66 72 82 93 0 359
12 70 36 82 0 239
20 56 20 19 0 119
31 11 64 14 0 79
5 35 34 27 0 359
1 44 21 27 0 159
28 19 9 37 0 239
96 42 94 8 0 399
66 63 44 49 0 279
71 53 44 43 0 359
5 49 15 22 0 199
15 26 40 14 0 79
36 26 10 37 0 359
2 37 38 38 0 79
73 40 81 11 0 159
19 67 33 90 0 199
65 31 65 67 0 319
26 16 38 40 0 79
51 29 85 30 0 199
11 69 14 36 0 319
61 8 86 19 0 199
68 6 60 35 0 119
45 72 62 91 0 359
66 78 68 43 0 279
11 60 33 74 0 119
2 1 15 24 0 39
12 60 45 64 0 359
49 90 19 97 0 399
7 30 29 15 0 79
27 47 26 11 0 279
19 38 47 29 0 239
37 71 10 81 0 279
33 34 37 2 0 359
24 12 56 16 0 79
60 51 68 80 0 159
14 31 44 25 0 359
18 97 50 93 0 359
17 58 34 77 0 119
93 84 75 65 0 319
63 48 76 24 0 239
55 81 77 67 0 399
62 30 48 52 0 159
19 18 43 31 0 79
24 74 41 55 0 319
16 76 41 86 0 359
20 54 39 36 0 119
2 35 26 46 0 79
37 52 26 78 0 159
12 30 40 22 0 79
79 71 56 85 0 359
42 52 69 43 0 399
2 1 32 7 0 39
54 27 76 12 0 159
1 2 20 19 0 39
19 7 25 38 0 199
40 56 29 82 0 199
75 27 48 36 0 239
16 55 8 27 0 279
61 56 86 68 0 159
41 12 8 8 0 239
27 10 10 30 0 239
33 25 3 18 0 359
57 86 60 53 0 359
56 10 24 15 0 279
85 69 53 74 0 199
53 26 21 29 0 159
64 18 89 28 0 359
2 1 13 26 0 39
59 23 43 43 0 399
50 68 51 32 0 359
24 60 21 94 0 199
83 48 62 32 0 399
68 30 98 37 0 279
64 97 65 62 0 279
82 47 58 34 0 399
23 95 0 83 0 199
19 31 39 14 0 359
2 1 10 29 0 39
82 49 84 15 0 279
32 32 17 54 0 199
90 37 82 8 0 319
47 67 67 83 0 239
60 88 45 66 0 279
60 4 65 35 0 319
17 59 47 66 0 199
34 3 49 25 0 159
1 1 15 24 0 39
0 38 4 70 0 79
84 5 87 39 0 319
1 39 3 5 0 159
62 83 45 63 0 319
50 19 26 32 0 159
6 33 30 20 0 79
17 57 15 92 0 119
58 55 73 77 0 159
68 43 45 57 0 399
57 42 44 18 0 319
75 5 67 33 0 319
29 6 1 13 0 319
1 16 18 35 0 359
18 37 51 33 0 399
13 28 19 59 0 79
28 11 14 34 0 79
56 26 27 18 0 279
60 22 47 44 0 359
63 37 81 55 0 399
21 57 51 50 0 119
34 37 27 8 0 199
29 32 59 39 0 319
26 11 58 16 0 79
62 89 45 69 0 399
0 2 24 15 0 39
3 15 8 47 0 119
22 20 35 43 0 79
19 46 5 69 0 239
69 28 69 64 0 279
53 32 48 63 0 199
2 2 33 6 0 39
20 3 49 10 0 119
4 53 16 28 0 319
17 73 45 81 0 159
1 1 1 38 0 39
29 10 61 15 0 79
35 91 40 60 0 239
44 76 73 84 0 359
55 60 21 59 0 159
0 2 21 18 0 39
27 15 62 16 0 79
1 35 27 45 0 79
18 43 48 50 0 399
63 51 51 76 0 359
34 77 29 45 0 239
2 39 4 74 0 79
31 45 39 74 0 199
32 82 37 50 0 359
42 30 41 66 0 119
92 41 94 7 0 279
17 5 6 31 0 199
36 4 56 20 0 319
60 66 65 35 0 319
1 38 26 26 0 159
9 28 21 3 0 79
28 14 57 21 0 79
30 59 61 53 0 319
60 35 52 64 0 319
27 35 49 50 0 119
67 83 44 70 0 239
18 56 10 84 0 319
61 64 41 81 0 319
33 42 54 58 0 239
84 74 75 46 0 359
1 72 22 87 0 199
30 9 61 15 0 79
1 2 29 10 0 39
27 11 28 46 0 79
57 56 53 88 0 359
31 6 47 27 0 79
60 37 95 39 0 159
62 25 55 54 0 279
90 50 65 62 0 359
47 36 25 21 0 319
64 48 48 28 0 159
23 26 2 10 0 159
94 43 71 56 0 199
1 1 16 23 0 39
0 2 0 39 0 39
55 15 25 22 0 199
32 29 58 19 0 279
60 5 25 4 0 119
10 40 10 3 0 359
0 2 19 20 0 39
63 37 88 49 0 279
61 48 95 45 0 319
4 38 7 71 0 159
1 1 24 15 0 39
26 55 61 56 0 199
6 35 22 14 0 79
27 57 32 89 0 279
1 1 30 9 0 39
57 41 69 66 0 359
1 1 20 19 0 39
0 2 14 25 0 39
1 3 26 13 0 39
0 2 7 32 0 39
84 9 57 19 0 399
40 30 69 22 0 199
18 21 27 49 0 79
23 16 9 39 0 79
10 14 0 41 0 119
51 61 21 68 0 279
43 30 28 50 0 399
70 86 51 68 0 359
66 50 50 29 0 279
24 18 57 15 0 79
58 46 53 77 0 319
43 31 10 27 0 199
81 39 80 3 0 279
25 19 4 35 0 359
23 20 36 42 0 79
98 67 89 94 0 279
2 1 5 34 0 39
83 25 52 31 0 279
2 34 34 38 0 79
20 90 23 57 0 319
36 69 2 72 0 159
14 36 23 64 0 199
46 40 58 64 0 159
40 34 55 56 0 119
18 18 49 23 0 79
76 21 87 47 0 239
0 2 10 29 0 39
21 10 54 14 0 399
12 3 46 1 0 199
17 31 38 15 0 119
28 52 47 35 0 239
56 85 43 61 0 319
54 50 28 61 0 359
83 67 84 31 0 279
54 45 77 58 0 199
35 43 54 61 0 119
14 26 15 61 0 79
0 2 29 10 0 39
3 45 29 34 0 199
50 61 28 74 0 159
81 10 60 26 0 159
25 14 38 38 0 79
31 86 34 52 0 239
34 41 63 33 0 319
26 46 12 23 0 119
14 19 24 46 0 239
13 60 44 66 0 399
60 18 84 30 0 239
2 71 24 57 0 119
64 19 62 53 0 279
46 29 13 33 0 319
43 33 30 57 0 199
42 34 38 67 0 119
18 39 18 75 0 119
82 27 58 40 0 319
73 70 53 86 0 279
12 52 31 35 0 159
87 15 54 19 0 279
34 5 68 8 0 79
5 63 29 75 0 159
0 39 16 18 0 79
78 62 62 82 0 399
34 5 53 23 0 79
45 46 45 83 0 159
77 60 74 93 0 199
2 2 10 29 0 39
46 33 49 67 0 319
41 63 29 88 0 359
62 10 80 29 0 119
8 5 38 11 0 199
49 57 61 33 0 159
23 33 53 38 0 359
20 62 36 82 0 239
56 57 30 46 0 159
6 70 35 63 0 239
16 20 48 16 0 79
35 7 51 28 0 119
61 34 95 32 0 279
49 26 53 59 0 319
48 68 69 52 0 199
26 10 60 8 0 79
1 3 9 30 0 39
19 22 54 20 0 79
2 1 17 22 0 39
51 78 86 76 0 319
1 1 35 4 0 39
1 2 3 36 0 39
41 39 59 20 0 279
51 19 22 26 0 399
51 29 87 30 0 119
85 28 55 33 0 159
57 82 78 96 0 239
81 61 60 77 0 279
38 19 16 6 0 159
1 1 25 14 0 39
27 29 34 57 0 199
47 70 29 89 0 319
54 82 82 91 0 359
98 40 91 70 0 359
33 73 64 67 0 199
5 30 23 47 0 79
0 2 24 15 0 39
86 31 84 66 0 239
45 16 57 39 0 159
55 21 41 44 0 199
67 27 93 38 0 359
80 66 82 31 0 199
6 68 22 89 0 279
0 2 14 25 0 39
27 24 18 52 0 159
26 50 54 41 0 119
29 58 26 24 0 239
45 60 80 58 0 239
44 47 75 52 0 359
2 1 32 7 0 39
32 89 20 64 0 319
82 7 54 14 0 159
41 62 20 78 0 399
29 50 16 27 0 199
20 19 30 46 0 79
56 1 47 29 0 159
0 2 27 12 0 39
51 73 72 89 0 199
57 15 61 48 0 279
77 39 48 32 0 319
70 81 44 91 0 199
71 51 93 36 0 199
35 51 59 63 0 399
0 2 13 26 0 39
49 35 49 71 0 319
82 22 95 45 0 159
63 60 28 58 0 399
57 70 45 94 0 279
8 56 20 79 0 279
82 32 85 65 0 239
26 13 62 12 0 79
45 19 72 29 0 279
59 89 42 71 0 359
33 70 9 83 0 159
75 43 64 68 0 399
15 36 31 15 0 399
42 67 43 31 0 159
17 10 49 5 0 239
49 25 14 23 0 119
40 14 65 26 0 119
30 92 63 94 0 359
47 42 38 70 0 319
75 43 67 71 0 319
29 12 1 3 0 79
22 48 45 36 0 119
13 63 11 97 0 399
25 55 51 66 0 199
24 15 34 42 0 79
36 33 48 9 0 199
82 47 62 32 0 319
48 56 43 25 0 319
6 68 41 66 0 119
42 32 42 69 0 119
4 37 3 1 0 79
0 3 9 30 0 39
31 22 9 8 0 199
0 3 18 21 0 39
9 12 34 1 0 119
71 13 84 37 0 359
0 2 31 8 0 39
35 38 29 9 0 319
67 63 59 35 0 399
52 56 17 58 0 199
32 48 33 14 0 119
79 43 76 9 0 199
35 83 45 56 0 279
22 20 40 2 0 79
10 26 18 54 0 79
27 18 38 44 0 159
0 33 14 56 0 159
17 11 36 29 0 359
17 68 3 91 0 319
20 60 33 36 0 199
24 3 8 24 0 399
23 20 24 54 0 79
58 28 80 14 0 399
24 13 49 25 0 79
20 65 55 67 0 239
17 29 33 50 0 359
84 28 66 9 0 279
36 52 11 41 0 319
15 59 18 92 0 399
55 56 28 46 0 319
22 19 26 50 0 79
64 2 77 26 0 199
59 53 45 31 0 159
25 14 4 29 0 359
1 2 27 12 0 39
19 22 48 30 0 79
39 42 23 61 0 399
57 31 27 25 0 159
78 39 68 12 0 399
3 1 37 0 0 39
0 4 11 28 0 39
59 29 63 61 0 399
51 20 23 28 0 119
2 1 35 4 0 39
53 41 45 69 0 239
39 39 63 26 0 359
56 91 23 87 0 319
49 62 45 94 0 279
15 84 3 59 0 239
49 92 51 57 0 399
19 23 0 6 0 79
34 44 2 39 0 119
30 14 14 34 0 159
13 35 35 20 0 199
57 81 29 90 0 359
38 66 62 79 0 359
6 35 12 4 0 79
19 75 22 43 0 359
36 58 32 91 0 279
53 99 32 83 0 199
1 2 30 9 0 39
35 19 51 40 0 119
37 69 22 90 0 319
32 34 66 31 0 199
1 68 18 49 0 359
55 73 90 72 0 399
24 17 34 44 0 319
31 38 34 4 0 239
26 14 55 21 0 399
77 14 48 6 0 239
50 19 30 3 0 279
25 69 57 64 0 199
35 12 18 32 0 239
13 22 38 10 0 159
67 55 48 72 0 239
64 6 94 13 0 279
1 2 35 4 0 39
1 3 0 37 0 39
22 17 34 42 0 79
70 11 57 35 0 239
72 12 99 3 0 399
32 40 17 18 0 119
34 5 46 30 0 159
27 35 60 32 0 159
17 64 25 37 0 319
58 55 61 21 0 399
59 15 76 35 0 119
88 47 58 54 0 319
14 27 50 28 0 79
86 73 92 42 0 239
38 65 38 28 0 319
45 52 79 50 0 279
21 66 52 60 0 239
20 85 9 61 0 319
20 37 0 54 0 159
0 2 23 16 0 39
19 84 43 71 0 319
26 8 35 36 0 279
19 84 35 63 0 399
34 41 38 73 0 119
14 23 25 49 0 79
1 2 18 21 0 39
27 45 21 14 0 119
20 49 11 21 0 239
34 56 20 78 0 239
55 39 85 46 0 199
54 31 85 36 0 279
60 91 78 72 0 399
20 32 51 27 0 399
38 38 57 56 0 119
6 33 35 27 0 79
35 1 64 8 0 79
1 1 4 35 0 39
9 92 43 94 0 199
12 45 0 70 0 239
27 51 60 47 0 279
77 24 67 49 0 239
0 2 31 8 0 119
23 40 17 71 0 399
39 78 60 63 0 279
54 39 62 68 0 159
45 21 19 32 0 119
65 68 42 80 0 319
33 44 52 60 0 319
67 27 67 63 0 159
23 31 52 23 0 119
0 2 35 0 0 39
87 30 57 37 0 159
47 34 33 11 0 399
55 9 50 41 0 279
37 3 26 28 0 79
84 14 49 16 0 279
42 49 74 54 0 159
62 57 72 84 0 239
1 1 15 24 0 39
68 46 98 53 0 199
78 93 56 79 0 359
8 31 18 4 0 79
12 11 27 33 0 239
79 32 79 69 0 319
50 26 38 1 0 359
60 29 35 41 0 399
73 90 43 97 0 239
43 13 27 34 0 199
39 47 43 15 0 159
23 51 19 84 0 119
82 57 75 28 0 279
33 4 15 23 0 79
62 4 42 21 0 279
1 1 23 16 0 39
46 36 19 28 0 119
36 34 46 61 0 119
65 53 47 72 0 279
45 22 59 45 0 159
40 0 75 2 0 279
38 60 20 41 0 359
54 17 68 39 0 119
65 59 62 25 0 279
70 73 80 98 0 399
17 12 27 39 0 159
24 13 14 40 0 79
6 62 22 41 0 119
87 45 68 28 0 239
1 1 28 11 0 39
56 27 38 46 0 239
39 48 71 44 0 279
21 21 16 52 0 79
19 76 51 81 0 319
44 29 48 61 0 199
87 97 71 76 0 359
20 21 42 6 0 79
0 41 7 70 0 279
93 9 59 7 0 399
20 32 55 34 0 199
14 59 3 33 0 159
83 24 84 60 0 319
5 33 17 57 0 79
4 26 31 36 0 119
71 41 51 24 0 359
61 36 71 63 0 239
30 6 4 16 0 79
70 41 55 19 0 159
12 12 1 38 0 119
17 26 47 31 0 79
55 31 49 61 0 239
49 64 47 98 0 279
46 32 33 56 0 119
10 41 22 66 0 239
80 75 58 60 0 239
0 3 14 25 0 39
33 2 13 17 0 79
42 59 32 86 0 319
36 73 11 61 0 159
68 41 84 62 0 319
27 10 22 42 0 79
59 1 43 22 0 119
92 34 99 4 0 359
35 78 32 44 0 159
6 69 37 74 0 199
73 76 52 91 0 199
30 23 34 55 0 279
22 32 49 41 0 239
38 30 23 52 0 199
32 76 61 69 0 319
0 2 14 25 0 39
16 65 42 76 0 159
57 60 71 83 0 319
0 2 26 13 0 39
18 21 44 32 0 79
32 48 32 13 0 199
64 90 56 61 0 199
37 4 3 1 0 79
1 1 5 34 0 39
58 42 29 49 0 239
30 49 43 73 0 239
7 20 23 0 0 199
8 36 28 20 0 159
38 9 72 11 0 119
80 71 86 40 0 399
