100 100 500 1000 58 80
2 1 28 11 3 80
37 2 37 39 41 80
1 1 9 30 2 80
1 1 6 33 2 80
23 19 36 42 42 80
30 13 3 5 43 80
17 20 21 53 41 80
2 1 28 11 3 80
0 3 34 1 3 80
27 12 39 37 41 80
16 21 43 11 41 80
0 2 12 27 2 80
5 32 30 44 41 80
33 8 7 19 41 80
0 2 29 10 2 80
16 26 12 58 42 80
20 21 25 53 41 80
1 1 19 20 2 80
24 18 36 42 42 80
30 13 47 31 43 80
0 2 29 10 2 80
0 3 34 1 3 80
14 27 33 45 41 80
1 1 30 9 2 80
0 3 11 28 3 80
0 2 24 15 2 80
0 4 24 15 4 80
1 2 12 27 3 80
1 1 20 19 2 80
3 1 29 10 4 80
35 6 56 22 41 80
27 12 56 20 41 80
27 9 13 31 42 80
0 3 28 11 3 80
24 13 49 25 41 80
2 1 31 8 3 80
0 3 5 34 3 80
2 40 5 7 42 80
1 1 34 5 2 80
1 1 15 24 2 80
0 2 6 33 2 80
0 2 0 39 2 80
0 4 22 17 4 80
16 22 32 2 42 80
0 3 23 16 3 80
10 27 13 59 43 80
3 1 37 0 4 80
1 1 34 5 2 80
0 2 30 9 2 80
1 1 12 27 2 80
0 2 17 22 2 80
6 30 18 54 42 80
7 34 35 25 41 80
1 1 6 33 2 80
0 2 17 22 2 80
35 1 64 8 42 80
29 8 37 37 41 80
1 2 34 5 3 80
8 33 6 68 41 80
6 35 38 30 41 80
1 1 35 4 2 80
9 30 39 37 41 80
0 2 2 37 2 80
18 19 26 48 41 80
0 37 20 20 41 80
2 1 19 20 3 80
1 2 12 27 3 80
17 22 2 0 41 80
1 1 23 16 2 80
31 6 28 40 41 80
0 2 22 17 2 80
6 33 40 36 41 80
32 4 31 39 42 80
35 4 52 22 43 80
17 22 49 17 41 80
0 4 11 28 4 80
20 21 31 47 41 80
32 5 11 21 41 80
1 2 13 26 3 80
14 28 24 54 42 80
1 2 32 7 3 80
2 1 6 33 3 80
15 22 31 43 41 80
16 25 25 53 41 80
22 14 46 2 42 80
12 27 33 11 41 80
29 12 50 28 41 80
31 8 45 31 41 80
26 15 21 47 41 80
2 1 30 9 3 80
9 32 21 57 41 80
5 32 5 69 41 80
1 1 16 23 2 80
25 11 20 42 42 80
2 1 24 15 3 80
1 1 36 3 2 80
1 1 12 27 2 80
10 30 37 21 42 80
0 2 26 13 2 80
35 2 5 9 41 80
21 20 27 51 41 80
1 1 29 10 2 80
16 20 43 29 42 80
15 25 36 10 42 80
0 2 36 3 2 80
2 2 22 17 4 80
0 2 24 15 2 80
21 20 56 22 41 80
0 2 19 20 2 80
1 36 4 2 41 80
1 1 10 29 2 80
1 2 27 12 3 80
0 2 6 33 2 80
35 2 68 6 41 80
2 37 6 68 43 80
1 1 20 19 2 80
1 2 7 32 3 80
0 2 17 22 2 80
1 1 15 24 2 80
0 2 26 13 2 80
0 4 31 0 4 80
13 28 21 57 41 80
2 1 30 9 3 80
1 1 13 26 2 80
29 10 53 21 43 80
4 38 35 43 42 80
8 32 32 20 42 80
1 3 9 30 4 80
0 2 28 11 2 80
27 10 57 3 41 80
25 14 35 41 41 80
30 12 64 10 42 80
0 2 30 9 2 80
10 31 4 0 41 80
30 5 20 30 43 80
17 26 6 2 43 80
0 4 20 19 4 80
10 29 22 54 41 80
0 3 9 30 3 80
7 30 25 11 41 80
1 1 29 10 2 80
19 22 39 5 41 80
1 1 37 0 2 80
30 13 8 26 43 80
30 5 55 15 43 80
1 1 33 6 2 80
1 1 10 29 2 80
27 15 56 8 42 80
1 1 36 3 2 80
28 13 63 11 41 80
1 3 16 23 4 80
19 17 28 44 42 80
1 1 18 21 2 80
13 28 34 12 41 80
24 13 35 39 41 80
2 1 28 11 3 80
15 26 39 39 41 80
14 25 49 27 41 80
2 1 14 25 3 80
4 37 30 48 41 80
39 1 65 11 42 80
28 11 6 26 41 80
23 18 46 4 41 80
0 2 17 22 2 80
1 1 12 27 2 80
0 3 6 33 3 80
1 2 22 17 3 80
0 2 25 14 2 80
0 2 31 8 2 80
16 25 37 41 41 80
0 2 27 12 2 80
34 1 68 4 41 80
2 2 36 3 4 80
2 1 1 36 3 80
29 11 10 28 42 80
7 30 13 61 41 80
1 1 13 26 2 80
2 35 22 52 41 80
35 2 23 27 41 80
26 17 35 43 43 80
0 2 35 4 2 80
30 7 22 36 41 80
1 1 11 28 2 80
0 2 8 31 2 80
1 1 25 14 2 80
35 2 18 22 41 80
0 2 4 35 2 80
1 34 3 69 41 80
1 2 7 32 3 80
0 2 2 37 2 80
2 1 35 4 3 80
15 24 31 45 41 80
7 30 39 35 41 80
6 34 13 5 42 80
16 22 8 50 42 80
33 2 56 16 41 80
32 9 52 26 41 80
3 1 28 11 4 80
0 2 0 39 2 80
2 1 20 19 3 80
15 28 12 60 43 80
1 1 13 26 2 80
1 35 23 21 42 80
2 1 7 32 3 80
30 8 5 19 42 80
10 28 42 24 42 80
36 2 27 29 42 80
0 3 1 38 3 80
2 36 33 41 42 80
1 1 15 24 2 80
0 3 21 18 3 80
33 6 64 12 41 80
0 2 14 25 2 80
1 1 14 25 2 80
1 1 14 25 2 80
35 2 32 36 41 80
5 36 30 48 41 80
18 23 39 39 41 80
14 27 17 61 41 80
4 33 14 60 41 80
2 1 16 23 3 80
0 2 14 25 2 80
0 2 24 15 2 80
1 1 12 27 2 80
1 37 8 8 42 80
32 9 14 26 43 80
1 1 36 3 2 80
2 1 37 2 3 80
16 22 35 39 42 80
0 2 27 12 2 80
1 40 13 15 41 80
3 38 31 47 41 80
3 33 13 7 42 80
1 1 22 17 2 80
26 14 43 33 42 80
0 3 23 16 3 80
1 1 35 4 2 80
4 35 18 56 43 80
0 2 27 12 2 80
25 17 59 19 42 80
13 30 2 54 43 80
0 3 3 36 3 80
3 37 15 13 42 80
1 1 25 14 2 80
0 2 0 39 2 80
0 37 1 1 41 80
0 4 31 0 4 80
18 19 53 21 41 80
1 38 29 47 41 80
19 22 7 47 41 80
32 7 65 11 41 80
1 1 9 30 2 80
1 1 28 11 2 80
32 3 32 38 43 80
24 17 31 47 41 80
27 9 8 26 42 80
7 31 25 49 42 80
27 12 55 3 41 80
1 1 25 14 2 80
1 34 29 43 41 80
0 2 35 4 2 80
0 2 20 19 2 80
3 1 4 35 4 80
10 32 42 28 42 80
2 34 32 40 42 80
2 1 32 7 3 80
8 33 32 44 43 80
19 18 5 41 41 80
1 1 35 4 2 80
9 30 28 48 41 80
2 1 21 18 3 80
12 27 15 61 41 80
0 2 32 7 2 80
24 16 54 22 42 80
30 7 17 31 41 80
2 1 3 36 3 80
6 35 13 65 41 80
11 30 32 46 41 80
0 2 23 16 2 80
5 32 2 66 41 80
1 3 25 14 4 80
21 15 16 46 42 80
0 2 14 25 2 80
8 29 11 63 41 80
1 2 15 24 3 80
18 18 53 19 42 80
0 2 6 33 2 80
0 2 33 6 2 80
1 1 2 37 2 80
15 21 15 57 42 80
3 36 25 49 43 80
17 19 32 40 42 80
2 1 23 16 3 80
34 2 22 26 42 80
0 4 34 3 4 80
0 2 30 9 2 80
28 9 7 25 41 80
1 2 24 15 3 80
0 4 4 35 4 80
25 14 51 25 41 80
2 1 28 11 3 80
0 2 4 35 2 80
0 4 33 2 4 80
1 1 11 28 2 80
2 1 1 36 3 80
0 37 28 46 41 80
0 3 16 23 3 80
3 1 26 13 4 80
0 3 5 34 3 80
0 3 34 1 3 80
0 2 3 36 2 80
1 1 29 10 2 80
0 2 30 9 2 80
2 1 5 34 3 80
0 2 32 7 2 80
29 8 50 22 43 80
1 1 25 14 2 80
23 13 24 48 42 80
16 25 9 55 41 80
17 24 47 17 41 80
36 1 58 16 41 80
0 3 1 38 3 80
1 2 29 10 3 80
0 3 3 36 3 80
0 37 4 4 41 80
25 12 55 5 41 80
25 14 12 38 41 80
23 20 24 54 43 80
3 1 23 16 4 80
1 1 7 32 2 80
21 15 37 35 42 80
14 24 47 21 42 80
1 1 35 4 2 80
1 2 8 31 3 80
2 2 24 15 4 80
36 3 35 39 41 80
0 2 27 12 2 80
0 2 24 15 2 80
1 2 8 31 3 80
30 7 38 36 41 80
0 2 17 22 2 80
2 36 20 18 42 80
1 1 18 21 2 80
31 9 25 39 42 80
18 23 10 52 41 80
1 1 30 9 2 80
1 1 14 25 2 80
35 6 44 34 41 80
36 3 24 28 41 80
0 2 32 7 2 80
0 2 20 19 2 80
2 36 22 52 42 80
0 2 23 16 2 80
28 13 22 44 41 80
0 2 3 36 2 80
14 25 11 59 41 80
13 29 40 38 42 80
1 2 14 25 3 80
16 21 48 16 41 80
0 3 23 16 3 80
30 13 62 16 43 80
3 39 7 7 42 80
14 23 49 25 41 80
0 2 16 23 2 80
0 4 23 16 4 80
7 34 23 55 41 80
3 1 12 27 4 80
19 20 17 55 41 80
15 20 46 24 43 80
0 2 33 6 2 80
0 2 8 31 2 80
0 2 28 11 2 80
1 1 2 37 2 80
0 2 9 30 2 80
6 31 29 17 41 80
35 4 5 11 41 80
14 25 28 48 41 80
2 1 8 31 3 80
1 1 26 13 2 80
26 14 60 16 42 80
16 23 21 55 41 80
12 27 15 61 41 80
0 2 15 24 2 80
19 20 3 41 41 80
16 21 47 15 41 80
0 4 2 37 4 80
12 24 26 2 42 80
7 34 29 19 41 80
31 10 15 31 41 80
1 1 1 38 2 80
1 1 7 32 2 80
6 33 11 1 41 80
1 1 16 23 2 80
1 1 8 31 2 80
1 1 1 38 2 80
0 2 30 9 2 80
1 2 35 0 3 80
6 31 25 49 41 80
22 19 42 36 41 80
28 11 38 38 41 80
1 1 21 18 2 80
0 3 9 30 3 80
16 19 12 50 43 80
7 28 18 4 43 80
1 1 1 38 2 80
1 1 7 32 2 80
1 3 1 38 4 80
1 1 14 25 2 80
1 1 6 33 2 80
36 1 39 35 41 80
20 17 49 25 41 80
3 1 10 29 4 80
2 1 31 8 3 80
2 2 2 37 4 80
0 3 33 6 3 80
1 1 37 2 2 80
2 1 33 6 3 80
5 34 5 71 41 80
32 3 25 31 43 80
1 2 5 34 3 80
0 2 12 27 2 80
19 17 39 1 42 80
0 2 21 18 2 80
16 25 39 11 41 80
0 2 0 39 2 80
1 1 27 12 2 80
17 25 11 55 42 80
6 30 32 20 42 80
17 20 11 51 41 80
31 7 64 10 42 80
1 2 4 35 3 80
1 1 24 15 2 80
2 2 4 35 4 80
1 2 13 26 3 80
1 1 17 22 2 80
15 22 36 38 41 80
2 1 32 7 3 80
1 2 35 0 3 80
21 19 45 31 42 80
21 20 25 53 41 80
0 2 22 17 2 80
32 6 0 2 42 80
0 3 15 24 3 80
0 2 4 35 2 80
17 20 20 54 41 80
4 33 34 26 41 80
13 26 18 58 41 80
2 39 25 53 41 80
0 3 35 2 3 80
7 30 27 47 41 80
0 2 5 34 2 80
0 3 31 8 3 80
3 34 3 71 41 80
1 2 14 25 3 80
33 2 68 0 41 80
0 2 1 38 2 80
2 1 6 33 3 80
1 1 29 10 2 80
14 23 30 2 41 80
13 23 43 29 42 80
0 2 3 36 2 80
1 1 26 13 2 80
0 3 1 38 3 80
17 24 28 50 41 80
7 30 21 7 41 80
0 3 10 29 3 80
1 1 20 19 2 80
1 1 20 19 2 80
14 25 38 38 41 80
1 36 24 50 41 80
1 36 25 49 41 80
30 12 40 38 42 80
23 13 2 28 42 80
14 24 24 50 42 80
1 1 24 15 2 80
2 1 0 35 3 80
7 30 6 66 41 80
9 30 20 4 41 80
1 36 5 69 41 80
1 2 18 21 3 80
38 3 73 1 41 80
1 1 10 29 2 80
0 3 33 6 3 80
31 10 39 39 41 80
16 21 35 39 41 80
0 2 28 11 2 80
0 2 32 7 2 80
6 31 31 19 41 80
0 2 7 32 2 80
10 29 33 15 41 80
29 8 6 22 41 80
14 24 39 13 42 80
1 1 27 12 2 80
3 36 19 15 41 80
9 32 35 21 41 80
1 1 7 32 2 80
1 1 17 22 2 80
2 1 14 25 3 80
0 3 18 21 3 80
1 2 21 18 3 80
23 14 37 37 41 80
6 29 20 8 43 80
1 1 4 35 2 80
2 1 5 34 3 80
1 38 14 14 41 80
1 1 15 24 2 80
0 2 14 25 2 80
7 30 15 59 41 80
1 40 0 76 41 80
8 29 42 32 41 80
1 1 37 2 2 80
2 35 26 46 43 80
10 31 12 66 41 80
27 10 34 40 41 80
1 2 7 32 3 80
14 28 44 34 42 80
7 32 26 14 41 80
0 2 16 23 2 80
4 37 7 3 41 80
9 32 21 57 41 80
34 8 53 25 42 80
19 20 14 52 41 80
2 1 27 12 3 80
0 2 35 0 2 80
1 3 22 17 4 80
14 28 46 32 42 80
0 2 2 37 2 80
32 4 16 24 42 80
1 1 1 38 2 80
16 21 13 55 41 80
0 2 32 7 2 80
28 9 17 35 41 80
26 12 36 38 42 80
1 1 7 32 2 80
22 16 38 36 42 80
22 15 0 30 41 80
0 2 5 34 2 80
0 2 4 35 2 80
2 2 8 31 4 80
28 9 57 1 41 80
12 28 29 47 42 80
33 5 17 25 42 80
0 2 5 34 2 80
5 36 36 42 41 80
1 1 20 19 2 80
36 1 69 5 41 80
0 2 21 18 2 80
0 2 18 21 2 80
2 1 16 23 3 80
15 28 15 63 43 80
1 38 15 61 41 80
11 31 39 23 42 80
0 2 11 28 2 80
0 2 26 13 2 80
34 5 7 15 41 80
38 0 62 12 42 80
1 3 23 16 4 80
1 1 26 13 2 80
1 1 19 20 2 80
4 35 30 46 41 80
25 11 26 46 42 80
18 23 19 59 41 80
30 11 30 48 41 80
21 21 5 41 42 80
10 31 23 7 41 80
1 1 1 38 2 80
0 2 2 37 2 80
25 12 55 19 41 80
9 30 9 67 41 80
38 1 60 16 41 80
0 2 21 18 2 80
1 1 30 9 2 80
8 33 34 44 41 80
15 27 45 33 42 80
0 2 16 23 2 80
0 2 35 4 2 80
0 3 33 0 3 80
1 1 13 26 2 80
0 2 4 35 2 80
24 13 1 1 43 80
27 15 62 16 42 80
19 22 54 20 41 80
1 2 35 0 3 80
9 32 43 29 41 80
15 27 25 53 42 80
13 25 33 9 42 80
4 37 10 68 41 80
1 2 20 19 3 80
0 2 6 33 2 80
37 1 15 15 42 80
1 1 5 34 2 80
2 34 12 8 42 80
7 29 39 25 42 80
0 2 28 11 2 80
1 1 10 29 2 80
5 31 12 60 42 80
0 2 13 26 2 80
5 33 31 23 42 80
24 13 53 21 41 80
11 25 31 9 42 80
33 8 67 11 41 80
20 19 55 21 41 80
15 26 12 60 41 80
36 2 28 30 42 80
1 2 4 35 3 80
32 3 28 36 41 80
30 1 0 8 41 80
1 1 17 22 2 80
15 25 3 1 42 80
1 2 18 21 3 80
33 4 32 40 41 80
30 11 7 25 41 80
27 12 10 32 41 80
0 39 13 63 41 80
23 14 22 50 41 80
10 30 34 42 42 80
31 10 31 47 41 80
2 37 33 41 43 80
0 2 31 8 2 80
1 1 35 4 2 80
2 1 1 36 3 80
1 1 5 34 2 80
0 2 23 16 2 80
0 2 24 15 2 80
20 21 11 49 41 80
0 2 16 23 2 80
0 2 11 28 2 80
19 23 45 33 42 80
1 1 11 28 2 80
0 2 16 23 2 80
0 3 6 33 3 80
5 32 38 28 41 80
23 16 18 48 41 80
2 1 0 35 3 80
1 1 20 19 2 80
2 1 7 32 3 80
23 13 54 18 42 80
1 1 9 30 2 80
8 29 36 20 41 80
13 28 1 53 41 80
20 19 44 32 41 80
7 36 3 67 43 80
32 6 17 27 42 80
1 1 1 38 2 80
1 1 17 22 2 80
1 1 2 37 2 80
19 23 49 17 42 80
0 41 22 56 41 80
1 1 30 9 2 80
0 2 17 22 2 80
2 1 5 34 3 80
0 2 7 32 2 80
0 2 33 6 2 80
0 3 7 32 3 80
31 6 47 27 41 80
23 20 48 30 43 80
2 1 13 26 3 80
36 5 56 22 41 80
29 7 25 39 42 80
17 23 51 25 42 80
2 1 10 29 3 80
1 1 9 30 2 80
3 34 7 1 41 80
1 1 37 0 2 80
0 2 30 9 2 80
31 10 8 24 41 80
3 37 29 47 42 80
35 2 66 8 41 80
15 24 39 37 41 80
0 2 21 18 2 80
0 2 18 21 2 80
2 2 28 11 4 80
3 34 21 15 41 80
23 16 50 6 41 80
0 2 19 20 2 80
16 21 41 33 41 80
0 3 19 20 3 80
0 2 22 17 2 80
3 1 30 9 4 80
19 19 46 10 42 80
1 1 20 19 2 80
27 8 58 12 43 80
2 1 27 12 3 80
0 3 10 29 3 80
0 4 13 26 4 80
19 22 24 54 41 80
8 29 43 31 41 80
1 2 4 35 3 80
2 1 24 15 3 80
0 3 24 15 3 80
19 18 33 41 41 80
2 1 14 25 3 80
0 2 10 29 2 80
0 32 7 3 42 80
20 17 11 45 41 80
38 1 20 20 41 80
0 2 27 12 2 80
5 32 12 2 41 80
0 2 33 6 2 80
2 1 8 31 3 80
1 2 20 19 3 80
0 3 0 39 3 80
10 26 18 54 42 80
1 39 6 8 42 80
4 34 28 46 42 80
0 2 32 7 2 80
0 2 4 35 2 80
1 1 32 7 2 80
2 39 27 29 43 80
4 35 18 12 41 80
0 3 3 36 3 80
1 1 32 7 2 80
1 1 0 37 2 80
11 26 5 57 41 80
0 2 4 35 2 80
22 14 45 27 42 80
20 21 44 8 41 80
9 28 31 13 41 80
10 26 20 52 42 80
36 6 56 22 42 80
8 29 43 27 41 80
22 17 34 42 41 80
1 1 36 3 2 80
0 3 8 31 3 80
1 3 24 15 4 80
23 13 23 49 42 80
2 1 16 23 3 80
0 2 15 24 2 80
33 8 20 32 41 80
25 12 13 37 41 80
1 2 23 16 3 80
26 16 30 48 42 80
20 16 51 21 42 80
1 1 4 35 2 80
1 1 21 18 2 80
1 2 15 24 3 80
13 24 17 57 41 80
30 12 51 27 42 80
0 3 9 30 3 80
10 33 25 53 43 80
13 22 16 54 43 80
0 2 11 28 2 80
1 2 5 34 3 80
1 1 19 20 2 80
5 34 38 30 41 80
0 2 10 29 2 80
0 3 33 0 3 80
1 1 16 23 2 80
31 8 67 7 41 80
20 22 54 24 42 80
20 17 26 48 41 80
26 11 58 16 41 80
0 3 3 36 3 80
16 22 43 13 42 80
2 1 23 16 3 80
0 4 19 20 4 80
0 2 13 26 2 80
1 1 29 10 2 80
8 35 32 24 43 80
1 2 24 15 3 80
10 31 7 65 41 80
2 2 2 37 4 80
0 3 2 37 3 80
10 27 30 44 41 80
1 1 33 6 2 80
10 30 23 7 42 80
1 1 7 32 2 80
29 10 41 35 41 80
28 14 20 42 42 80
29 12 24 44 41 80
1 1 5 34 2 80
34 3 50 24 41 80
32 3 28 34 43 80
0 2 5 34 2 80
30 12 8 26 42 80
0 2 27 12 2 80
11 31 4 60 42 80
12 31 31 47 43 80
1 1 8 31 2 80
4 33 39 31 41 80
16 24 8 52 42 80
9 30 39 35 43 80
0 2 28 11 2 80
1 1 33 6 2 80
0 2 9 30 2 80
27 9 32 40 42 80
2 1 10 29 3 80
24 15 60 16 41 80
2 2 32 7 4 80
0 2 25 14 2 80
0 2 25 14 2 80
1 2 21 18 3 80
2 1 19 20 3 80
21 20 39 1 41 80
24 15 24 52 41 80
13 29 5 57 42 80
0 2 8 31 2 80
22 14 39 33 42 80
28 15 1 7 43 80
35 2 55 19 41 80
0 2 25 14 2 80
24 12 3 27 42 80
1 3 0 37 4 80
18 24 10 52 42 80
1 1 4 35 2 80
5 36 15 63 41 80
1 1 1 38 2 80
34 8 23 33 42 80
0 2 36 1 2 80
13 28 13 65 41 80
1 1 35 4 2 80
8 31 18 4 41 80
23 16 10 40 41 80
0 37 4 70 41 80
14 28 14 64 42 80
1 2 33 6 3 80
0 2 32 7 2 80
24 15 4 32 41 80
1 2 27 12 3 80
0 2 11 28 2 80
1 3 23 16 4 80
0 2 6 33 2 80
0 2 23 16 2 80
24 15 34 42 41 80
0 2 19 20 2 80
1 1 21 18 2 80
0 2 17 22 2 80
22 15 53 21 41 80
2 2 32 7 4 80
1 38 34 34 41 80
0 2 13 26 2 80
1 1 17 22 2 80
23 17 15 45 42 80
2 1 13 26 3 80
0 4 7 32 4 80
1 2 15 24 3 80
1 3 28 11 4 80
1 1 30 9 2 80
2 2 23 16 4 80
19 22 16 56 41 80
1 1 4 35 2 80
1 1 27 12 2 80
0 2 36 3 2 80
27 13 18 40 42 80
1 1 20 19 2 80
36 5 48 30 41 80
0 3 30 9 3 80
1 3 28 11 4 80
31 3 53 17 42 80
0 2 11 28 2 80
0 2 14 25 2 80
1 1 6 33 2 80
2 39 32 46 41 80
32 9 15 29 41 80
0 2 36 1 2 80
3 1 20 19 4 80
4 37 13 9 41 80
1 1 6 33 2 80
0 2 7 32 2 80
1 2 10 29 3 80
1 1 16 23 2 80
2 1 16 23 3 80
0 2 28 11 2 80
2 34 10 62 42 80
1 1 16 23 2 80
1 1 23 16 2 80
16 20 47 15 42 80
22 15 53 21 41 80
34 7 56 22 41 80
32 9 15 29 41 80
0 2 0 39 2 80
16 19 45 13 43 80
9 32 17 3 41 80
5 36 29 23 41 80
1 3 16 23 4 80
29 12 60 18 41 80
0 2 18 21 2 80
13 24 42 16 41 80
1 1 27 12 2 80
19 18 33 41 41 80
15 25 49 23 42 80
14 27 38 14 41 80
32 9 12 26 41 80
34 5 30 38 41 80
1 1 15 24 2 80
4 37 26 52 41 80
0 2 18 21 2 80
2 37 6 4 41 80
34 2 58 14 42 80
1 1 37 0 2 80
0 2 8 31 2 80
26 16 14 40 42 80
37 3 20 22 42 80
34 3 68 6 41 80
0 2 26 13 2 80
0 3 14 25 3 80
1 3 20 19 4 80
10 31 16 62 41 80
25 12 4 26 43 80
0 2 15 24 2 80
7 34 25 17 43 80
35 4 13 19 41 80
1 1 30 9 2 80
27 10 32 42 41 80
0 37 34 40 41 80
23 14 11 39 41 80
10 26 21 1 42 80
10 27 22 52 41 80
36 3 30 32 43 80
14 27 13 61 43 80
22 15 42 32 41 80
2 1 17 22 3 80
1 1 36 3 2 80
5 36 12 66 41 80
0 2 24 15 2 80
27 14 22 44 43 80
0 2 1 38 2 80
29 11 19 37 42 80
20 19 42 34 41 80
1 1 33 6 2 80
0 4 13 26 4 80
30 9 49 27 41 80
1 2 10 29 3 80
10 27 6 60 41 80
20 17 16 50 41 80
1 1 13 26 2 80
16 21 35 39 41 80
0 2 8 31 2 80
0 2 21 18 2 80
11 28 20 0 41 80
31 10 24 40 41 80
2 35 16 58 41 80
0 2 23 16 2 80
1 1 11 28 2 80
27 13 9 31 42 80
30 13 58 20 43 80
35 3 52 22 42 80
26 13 11 33 43 80
0 2 5 34 2 80
0 2 35 0 2 80
1 2 16 23 3 80
27 9 54 18 42 80
0 2 33 6 2 80
0 4 3 36 4 80
11 26 37 37 41 80
0 2 29 10 2 80
1 1 19 20 2 80
16 21 20 54 41 80
0 39 6 10 43 80
1 1 7 32 2 80
24 15 14 42 41 80
23 12 20 44 43 80
2 1 15 24 3 80
6 29 34 22 43 80
17 20 42 32 41 80
2 1 9 30 3 80
0 2 0 39 2 80
31 8 24 38 41 80
7 30 16 4 43 80
23 14 37 37 41 80
4 37 37 41 41 80
0 2 30 9 2 80
0 2 10 29 2 80
30 11 43 35 41 80
0 2 24 15 2 80
8 30 34 40 42 80
0 3 4 35 3 80
32 5 16 26 41 80
0 4 25 14 4 80
19 17 43 5 42 80
0 2 27 12 2 80
31 7 65 9 42 80
0 2 6 33 2 80
5 32 2 66 41 80
0 3 11 28 3 80
6 36 38 40 42 80
1 38 26 26 41 80
0 2 26 13 2 80
0 3 26 13 3 80
26 14 7 31 42 80
11 26 30 44 41 80
26 14 55 7 42 80
1 1 9 30 2 80
6 29 3 61 43 80
0 2 3 36 2 80
2 1 0 35 3 80
1 3 28 11 4 80
1 1 7 32 2 80
11 30 27 9 41 80
6 31 33 41 41 80
0 2 33 6 2 80
10 27 10 64 41 80
2 1 37 2 3 80
26 11 41 33 41 80
3 37 33 31 42 80
26 11 26 48 41 80
30 12 35 43 42 80
0 2 29 10 2 80
2 2 13 26 4 80
0 2 18 21 2 80
