100 100 500 5000 58 400
37 41 2 43 81 400
37 2 37 39 41 400
37 43 13 32 83 400
39 82 16 95 322 400
6 66 16 39 161 400
29 23 33 56 161 400
31 43 39 14 161 400
44 3 77 7 281 400
43 33 78 31 161 400
50 0 57 30 241 400
68 34 43 45 122 400
0 2 27 12 2 400
75 64 86 39 242 400
47 18 66 36 121 400
28 13 58 6 41 400
37 56 23 33 281 400
35 26 44 54 201 400
0 3 16 23 3 400
57 40 82 29 162 400
45 13 67 27 282 400
58 20 35 34 161 400
77 20 84 50 361 400
2 29 29 19 361 400
49 37 41 65 362 400
59 38 47 63 121 400
74 41 46 32 121 400
38 49 38 86 361 400
21 44 53 49 361 400
49 64 53 97 121 400
64 1 79 21 203 400
42 2 20 16 122 400
0 2 0 39 2 400
89 25 55 28 161 400
31 10 14 30 121 400
40 14 18 29 81 400
11 30 27 9 41 400
45 80 40 49 242 400
28 27 25 61 361 400
65 13 54 39 81 400
21 20 19 55 41 400
0 2 30 9 2 400
43 38 68 48 123 400
23 92 56 96 361 400
75 63 65 90 321 400
51 39 17 42 241 400
31 62 58 72 201 400
55 41 88 45 321 400
43 77 11 72 241 400
16 64 34 45 161 400
74 17 67 47 361 400
9 32 35 21 41 400
42 57 12 50 361 400
8 63 31 77 361 400
73 63 87 86 321 400
91 51 80 25 161 400
33 84 67 87 361 400
41 42 41 5 361 400
36 72 48 47 241 400
85 73 66 55 321 400
33 89 56 76 362 400
45 35 39 5 362 400
58 8 56 43 321 400
28 28 40 53 321 400
33 41 28 9 81 400
42 48 63 64 161 400
43 31 63 47 122 400
58 65 77 47 201 400
93 48 98 80 281 400
2 34 32 40 42 400
81 10 92 35 162 400
26 58 3 46 323 400
17 28 31 51 281 400
42 37 68 47 82 400
13 29 25 53 42 400
32 46 65 50 81 400
44 52 51 82 321 400
10 9 23 32 242 400
24 13 38 36 41 400
35 54 3 59 281 400
71 47 93 33 282 400
48 33 43 65 281 400
25 13 25 50 161 400
33 17 18 39 81 400
64 74 41 60 241 400
29 13 29 50 161 400
51 68 61 95 361 400
63 41 57 10 241 400
2 1 25 14 3 400
67 65 90 79 161 400
1 1 33 6 2 400
29 7 50 23 161 400
44 93 37 65 283 400
35 15 5 8 161 400
37 13 39 46 243 400
29 6 51 20 162 400
79 74 99 57 201 400
56 52 67 26 241 400
67 23 53 1 282 400
71 16 39 13 363 400
53 84 42 58 281 400
22 68 52 73 243 400
51 30 87 31 361 400
33 38 46 14 201 400
94 44 79 66 321 400
51 17 87 18 161 400
51 51 26 40 282 400
9 31 0 4 42 400
15 31 37 45 282 400
16 24 2 2 42 400
34 74 64 68 362 400
41 34 8 37 82 400
57 37 46 63 321 400
48 39 44 8 363 400
18 22 50 26 42 400
45 68 44 32 121 400
11 64 23 40 82 400
33 98 32 63 322 400
58 37 60 2 121 400
16 22 43 13 42 400
22 85 6 66 283 400
37 77 2 79 241 400
53 78 53 41 361 400
0 3 13 26 3 400
45 92 61 73 283 400
1 40 30 34 43 400
14 25 49 23 41 400
37 45 22 25 83 400
5 50 2 18 123 400
63 22 51 47 201 400
41 69 61 53 362 400
51 5 76 17 81 400
77 37 68 65 241 400
2 1 0 35 3 400
57 31 24 34 282 400
14 28 46 32 42 400
28 17 50 32 121 400
63 53 80 34 122 400
26 17 35 43 43 400
90 34 64 45 241 400
33 15 23 41 362 400
34 40 25 12 321 400
11 30 39 39 41 400
23 12 50 21 242 400
10 25 32 40 201 400
0 3 34 1 3 400
39 58 58 76 201 400
57 75 48 47 241 400
33 37 12 21 81 400
1 1 21 18 2 400
29 18 62 22 281 400
42 3 46 35 242 400
1 84 11 57 281 400
70 96 44 85 321 400
10 29 29 11 121 400
73 31 71 66 161 400
40 15 64 4 203 400
80 67 57 79 363 400
58 19 32 9 82 400
62 31 33 23 281 400
15 1 48 5 321 400
39 28 23 49 361 400
8 29 11 63 41 400
2 2 29 10 4 400
11 50 37 60 162 400
64 32 53 6 321 400
23 20 48 30 43 400
20 69 34 47 242 400
55 28 41 51 361 400
30 15 66 14 121 400
0 2 29 10 2 400
38 14 25 38 321 400
31 46 26 15 82 400
2 16 2 52 122 400
14 5 39 15 283 400
11 11 10 47 81 400
43 29 49 60 161 400
2 41 37 39 121 400
18 59 5 83 281 400
24 69 57 66 242 400
27 87 26 52 122 400
0 2 32 7 2 400
50 56 80 50 202 400
31 7 4 17 81 400
49 35 27 49 202 400
42 15 58 34 283 400
1 1 2 37 2 400
70 66 90 82 282 400
44 9 50 38 203 400
0 4 31 0 4 400
75 69 44 75 321 400
54 39 88 42 121 400
1 2 19 20 3 400
61 86 77 65 361 400
32 81 48 60 281 400
9 70 27 52 82 400
49 25 59 52 81 400
49 54 53 21 361 400
1 1 10 29 2 400
33 3 33 40 321 400
0 2 20 19 2 400
0 5 10 31 82 400
68 61 33 63 281 400
1 1 34 5 2 400
90 30 84 61 161 400
43 68 16 60 123 400
44 20 75 15 362 400
4 61 27 48 82 400
14 7 38 20 121 400
55 38 59 71 201 400
23 35 53 29 362 400
76 45 48 36 281 400
73 38 44 32 123 400
27 49 25 84 81 400
52 63 65 40 322 400
24 66 10 89 241 400
36 1 1 3 201 400
52 47 48 80 121 400
9 67 7 32 321 400
21 20 38 2 43 400
0 3 32 7 3 400
0 2 29 10 2 400
19 30 49 37 121 400
0 29 36 30 201 400
1 1 26 13 2 400
12 51 23 76 162 400
5 41 8 8 122 400
36 19 70 16 201 400
14 27 40 16 41 400
20 13 48 22 281 400
96 14 84 38 362 400
73 31 39 28 241 400
9 28 31 13 41 400
0 6 28 15 81 400
45 22 17 14 162 400
65 63 84 80 202 400
29 44 57 36 322 400
44 77 29 98 162 400
66 53 34 58 201 400
2 78 29 88 81 400
32 11 56 24 281 400
2 43 16 66 121 400
11 31 39 23 42 400
4 47 18 70 361 400
24 47 20 79 82 400
48 50 48 87 161 400
26 42 16 17 83 400
24 35 31 5 201 400
0 2 33 6 2 400
35 77 20 56 122 400
72 38 37 39 362 400
30 65 18 41 322 400
0 2 4 35 2 400
45 27 51 57 122 400
10 27 10 64 41 400
97 11 94 45 161 400
22 1 8 24 201 400
46 31 65 13 281 400
26 56 28 89 83 400
83 30 72 55 242 400
34 87 30 54 201 400
88 83 62 93 242 400
27 15 59 19 42 400
59 41 23 42 321 400
60 17 90 24 121 400
58 92 52 61 321 400
97 40 96 76 361 400
35 2 14 18 41 400
29 35 7 20 161 400
96 5 89 33 203 400
90 67 76 46 363 400
22 14 45 1 42 400
2 1 4 35 3 400
1 40 26 52 41 400
6 31 29 17 201 400
34 37 3 42 82 400
69 17 64 49 321 400
30 13 3 5 43 400
13 29 15 62 83 400
24 34 39 13 282 400
60 33 87 23 121 400
63 36 49 58 322 400
49 97 19 90 321 400
73 54 40 50 281 400
37 71 26 46 202 400
61 59 32 52 362 400
43 50 31 25 201 400
2 1 16 23 3 400
34 57 9 69 281 400
90 39 67 25 281 400
71 44 43 52 242 400
55 15 75 32 81 400
70 40 61 14 243 400
28 30 37 2 161 400
65 38 77 63 361 400
33 29 56 15 81 400
17 20 22 52 41 400
67 94 33 97 281 400
25 15 10 37 81 400
34 68 35 32 161 400
4 39 32 30 121 400
49 48 80 42 121 400
12 27 40 18 41 400
36 29 19 9 201 400
23 53 0 66 282 400
23 30 22 65 162 400
21 66 49 75 201 400
54 16 86 11 321 400
2 1 10 29 3 400
21 4 27 35 121 400
3 34 21 15 41 400
44 49 18 59 242 400
66 34 56 8 202 400
0 2 24 15 2 400
50 82 62 57 321 400
26 43 60 40 361 400
6 31 19 7 41 400
39 38 29 12 162 400
58 52 55 18 161 400
53 44 57 75 203 400
36 37 39 70 242 400
81 66 58 79 162 400
52 49 87 51 121 400
90 80 55 82 321 400
0 56 15 36 243 400
50 27 64 4 121 400
35 41 4 35 81 400
0 2 14 25 2 400
1 2 7 32 3 400
78 48 94 27 241 400
45 44 64 60 363 400
4 33 14 60 41 400
62 41 34 32 201 400
8 40 18 67 241 400
52 34 20 30 122 400
1 2 12 27 3 400
28 15 51 29 121 400
59 48 56 82 281 400
63 83 54 56 282 400
91 42 65 53 361 400
23 36 58 34 281 400
14 23 50 24 41 400
52 95 35 76 162 400
15 55 42 65 81 400
58 20 81 6 81 400
15 61 31 40 161 400
26 19 4 4 281 400
35 5 32 39 241 400
55 42 76 26 121 400
71 80 45 70 242 400
53 67 75 81 362 400
96 26 78 44 362 400
33 8 20 32 41 400
0 3 10 29 3 400
23 52 52 45 82 400
92 37 76 16 201 400
0 3 16 23 3 400
27 12 56 20 41 400
30 10 0 4 42 400
54 42 19 44 321 400
3 61 14 87 321 400
49 60 49 23 361 400
90 38 93 4 241 400
22 47 21 82 82 400
17 71 15 37 202 400
33 55 10 43 163 400
28 62 15 38 321 400
51 28 33 47 281 400
15 44 46 50 281 400
48 69 48 34 363 400
31 60 19 84 242 400
47 2 66 20 201 400
14 24 24 50 42 400
2 34 33 29 42 400
72 50 59 26 321 400
14 24 7 53 202 400
39 41 53 64 81 400
39 67 5 68 243 400
18 22 33 43 122 400
0 2 27 12 2 400
40 35 35 4 82 400
52 34 84 39 241 400
36 45 51 67 281 400
6 25 36 19 82 400
0 2 1 38 2 400
35 49 71 48 161 400
28 8 59 3 42 400
26 10 61 9 42 400
46 72 15 77 282 400
13 29 41 37 42 400
5 52 37 48 82 400
32 39 44 64 201 400
50 29 15 31 281 400
34 44 49 66 81 400
44 56 23 71 202 400
72 48 41 43 362 400
1 1 25 14 2 400
89 92 58 98 281 400
14 23 40 12 41 400
46 49 40 18 361 400
32 7 64 2 41 400
1 1 12 27 2 400
13 25 33 9 42 400
34 42 30 9 161 400
5 75 41 76 81 400
63 9 40 22 202 400
43 81 39 48 321 400
68 74 56 50 282 400
28 52 22 83 161 400
61 8 55 39 281 400
54 45 29 33 201 400
0 4 3 36 4 400
0 2 20 19 2 400
64 25 70 55 242 400
23 32 21 66 322 400
1 1 33 6 2 400
16 62 36 45 81 400
1 1 9 30 2 400
58 55 43 77 361 400
38 40 72 37 241 400
51 51 23 60 241 400
74 60 42 55 321 400
87 55 88 91 161 400
25 48 38 71 82 400
0 2 5 34 2 400
30 48 48 30 202 400
53 69 63 42 241 400
12 37 40 46 121 400
35 67 3 63 282 400
53 77 67 54 161 400
39 74 51 49 121 400
27 22 8 39 162 400
73 26 69 58 242 400
23 89 13 62 321 400
66 69 96 74 363 400
59 16 53 47 361 400
86 63 70 84 201 400
71 36 40 30 121 400
41 82 38 48 281 400
2 2 29 10 4 400
29 57 61 52 161 400
14 37 15 2 242 400
85 29 59 18 321 400
83 90 50 86 361 400
27 11 50 24 42 400
2 1 32 7 3 400
81 15 71 41 122 400
78 63 74 30 281 400
9 8 28 26 281 400
0 2 18 21 2 400
83 32 49 34 242 400
0 2 8 31 2 400
5 97 25 81 362 400
40 61 32 90 281 400
33 12 22 38 121 400
97 67 64 69 323 400
36 46 46 19 321 400
5 60 40 58 281 400
67 46 44 59 162 400
68 35 80 60 121 400
11 65 11 28 81 400
16 25 3 49 41 400
72 55 95 41 201 400
0 2 32 7 2 400
30 39 19 15 203 400
2 2 33 6 4 400
95 44 69 55 201 400
8 15 2 45 162 400
18 59 38 76 201 400
36 89 64 81 242 400
51 54 60 82 201 400
29 42 1 51 121 400
30 12 40 38 42 400
60 23 77 42 242 400
13 24 6 54 41 400
36 48 57 32 161 400
54 20 42 45 321 400
98 6 71 15 362 400
96 44 90 75 161 400
62 7 34 16 121 400
19 20 29 47 41 400
0 4 31 0 4 400
1 2 6 33 3 400
55 11 77 25 122 400
64 56 49 35 362 400
23 56 58 58 281 400
4 26 12 55 81 400
37 1 46 28 42 400
39 38 39 74 82 400
80 27 52 18 121 400
8 62 27 44 321 400
52 24 41 50 161 400
56 3 30 14 201 400
40 54 44 22 362 400
3 1 20 19 4 400
42 48 60 29 321 400
22 45 56 42 201 400
31 10 8 24 41 400
10 27 17 57 41 400
57 77 34 91 321 400
0 3 35 2 3 400
62 41 46 61 162 400
32 29 60 22 203 400
23 5 47 18 81 400
1 45 18 65 81 400
34 42 59 32 163 400
32 7 36 40 361 400
53 7 61 36 241 400
52 43 75 30 242 400
51 13 69 31 202 400
0 2 31 8 2 400
75 69 49 78 243 400
7 6 39 1 201 400
30 23 38 51 82 400
73 81 71 46 161 400
78 31 86 2 361 400
51 61 18 57 161 400
46 16 76 23 241 400
53 21 57 53 202 400
40 89 31 62 242 400
21 52 52 58 361 400
1 2 20 19 3 400
20 17 16 50 41 400
15 51 23 80 81 400
2 4 0 38 202 400
41 18 46 50 201 400
1 3 17 22 4 400
36 85 66 79 242 400
32 65 41 93 361 400
48 20 59 46 81 400
15 58 21 88 242 400
38 10 30 38 202 400
57 25 80 12 122 400
34 40 58 51 83 400
57 50 68 24 121 400
67 23 98 17 161 400
98 19 78 36 201 400
43 3 78 4 202 400
91 43 57 40 241 400
48 9 35 33 121 400
96 63 92 96 361 400
78 37 49 29 201 400
1 36 25 49 41 400
75 77 47 69 362 400
30 21 61 27 121 400
22 13 50 6 283 400
2 2 13 26 4 400
50 29 72 14 281 400
34 7 29 39 361 400
30 89 16 67 322 400
6 44 24 25 81 400
27 20 29 55 121 400
15 81 43 90 321 400
21 79 44 65 241 400
0 68 5 36 241 400
6 49 9 83 361 400
30 39 56 28 361 400
71 94 40 88 361 400
5 1 15 28 81 400
16 17 5 43 121 400
1 16 35 14 162 400
5 46 33 54 162 400
37 35 9 26 81 400
59 13 39 28 83 400
23 34 58 36 121 400
22 48 32 23 83 400
27 15 50 27 163 400
4 7 29 19 121 400
74 19 41 15 281 400
2 1 12 27 3 400
8 75 36 68 363 400
93 77 89 45 282 400
11 26 37 37 41 400
22 18 34 42 42 400
34 1 56 16 201 400
80 60 50 53 241 400
24 26 41 8 163 400
55 48 22 51 322 400
42 32 59 50 83 400
70 24 63 53 202 400
38 44 44 75 241 400
64 41 87 54 242 400
78 7 77 42 242 400
42 13 60 31 162 400
1 2 14 25 3 400
1 2 3 36 3 400
42 25 36 55 162 400
14 97 47 93 121 400
21 65 29 37 362 400
46 11 11 9 281 400
68 63 90 48 281 400
55 60 34 44 121 400
4 9 20 30 121 400
3 2 3 38 82 400
57 41 35 26 161 400
1 1 9 30 2 400
49 39 49 76 241 400
2 30 26 18 122 400
11 81 30 99 321 400
45 53 47 19 362 400
52 20 30 34 122 400
1 1 21 18 2 400
40 33 67 24 82 400
17 22 43 33 41 400
5 37 24 20 42 400
89 75 57 79 282 400
46 39 81 37 201 400
67 58 87 75 361 400
75 42 83 13 201 400
68 15 94 4 281 400
12 14 38 4 362 400
39 40 43 71 123 400
44 34 44 71 241 400
18 22 37 5 42 400
29 21 58 13 321 400
32 32 39 62 241 400
51 39 80 31 321 400
30 3 2 11 162 400
2 2 11 28 4 400
50 4 49 40 241 400
38 31 71 27 361 400
66 27 43 14 322 400
1 39 6 8 42 400
2 1 8 31 3 400
37 39 3 36 81 400
1 2 24 15 3 400
0 3 25 14 3 400
46 64 56 37 321 400
36 14 66 9 163 400
93 46 70 32 281 400
70 23 99 31 361 400
0 3 6 33 3 400
52 33 35 53 281 400
19 67 37 86 241 400
72 31 75 65 361 400
88 65 67 80 162 400
0 2 27 12 2 400
3 1 19 20 4 400
37 37 69 42 81 400
85 48 70 70 201 400
7 19 21 42 81 400
42 64 53 38 241 400
59 55 27 59 202 400
57 15 67 42 81 400
53 60 67 83 121 400
11 22 10 58 121 400
70 53 60 26 201 400
33 4 26 34 41 400
55 30 22 34 201 400
50 65 83 69 281 400
65 70 74 42 361 400
31 13 67 14 81 400
2 1 16 23 3 400
38 56 8 49 241 400
70 34 37 38 241 400
8 27 40 32 121 400
69 98 73 65 201 400
3 1 18 21 4 400
45 29 15 24 243 400
62 81 98 80 361 400
30 51 25 81 123 400
47 27 38 55 81 400
6 33 8 68 41 400
11 65 39 56 81 400
72 23 67 55 121 400
67 52 90 39 162 400
91 77 71 61 282 400
68 6 80 31 81 400
99 36 68 42 361 400
11 3 24 27 81 400
28 19 61 15 281 400
2 1 32 7 3 400
78 53 61 73 361 400
28 11 42 34 41 400
40 74 34 43 161 400
68 59 56 34 361 400
23 60 20 94 281 400
0 2 24 15 2 400
71 56 41 63 281 400
1 1 16 23 2 400
2 36 29 27 362 400
75 38 75 1 361 400
55 9 65 36 321 400
11 43 33 28 81 400
23 52 54 57 82 400
0 2 25 14 2 400
0 41 12 16 41 400
90 97 54 96 201 400
62 47 31 52 322 400
6 48 13 76 163 400
58 72 92 74 362 400
0 3 26 13 3 400
14 27 38 14 41 400
45 79 30 57 241 400
22 34 32 60 122 400
11 68 41 61 281 400
64 60 45 77 282 400
39 55 43 22 241 400
14 65 41 57 123 400
53 11 57 43 122 400
53 87 84 83 243 400
12 26 14 60 42 400
5 16 40 15 242 400
28 54 40 29 161 400
33 33 14 51 321 400
49 32 83 35 361 400
8 73 40 78 201 400
41 5 69 14 241 400
14 36 30 16 282 400
0 2 2 37 2 400
0 2 23 16 2 400
18 37 46 29 322 400
1 1 18 21 2 400
69 32 97 39 123 400
26 11 40 32 123 400
40 29 48 1 162 400
2 1 28 11 3 400
5 49 23 68 81 400
74 35 66 6 201 400
56 34 90 35 323 400
31 34 63 30 82 400
2 1 5 34 3 400
17 66 43 76 322 400
3 67 26 81 81 400
28 80 57 73 122 400
43 43 59 23 122 400
1 1 10 29 2 400
85 50 99 28 242 400
1 1 11 28 2 400
25 5 57 2 83 400
37 7 70 3 321 400
1 2 23 16 3 400
0 2 18 21 2 400
21 16 27 47 41 400
5 33 25 17 122 400
34 49 15 67 281 400
40 7 26 30 201 400
16 30 50 33 321 400
17 19 44 28 42 400
5 30 25 47 361 400
60 35 75 55 363 400
44 89 36 60 361 400
0 3 33 0 3 400
79 71 71 42 321 400
54 53 43 79 361 400
18 55 47 48 82 400
0 2 11 28 2 400
2 1 11 28 3 400
76 10 45 6 243 400
34 55 29 23 281 400
72 85 67 54 242 400
9 10 10 45 162 400
30 25 36 56 121 400
37 58 48 32 201 400
35 37 36 71 83 400
10 40 11 4 81 400
84 31 65 49 121 400
32 27 15 8 82 400
63 33 93 39 362 400
37 39 36 3 81 400
15 32 22 61 82 400
8 83 38 76 201 400
35 14 64 22 281 400
34 61 39 29 281 400
57 33 45 9 122 400
61 51 82 36 282 400
7 30 20 54 41 400
18 94 34 73 321 400
40 19 16 6 281 400
53 58 65 33 121 400
1 2 5 34 3 400
31 39 17 16 241 400
12 33 7 65 121 400
30 11 30 48 41 400
50 22 42 51 81 400
49 27 72 13 81 400
1 1 36 3 2 400
75 87 50 99 321 400
25 55 57 60 81 400
84 51 64 66 363 400
1 1 35 4 2 400
17 20 44 30 41 400
26 21 43 2 242 400
3 36 7 69 121 400
82 33 60 18 121 400
36 35 57 19 121 400
6 6 16 33 81 400
53 46 22 52 281 400
6 52 0 83 81 400
45 57 73 48 321 400
29 79 62 82 362 400
13 64 39 75 201 400
13 24 42 16 41 400
32 46 32 9 241 400
56 21 21 19 361 400
64 1 98 3 162 400
5 19 40 18 202 400
87 38 70 58 281 400
25 49 11 27 122 400
60 51 57 17 201 400
61 46 42 63 162 400
1 64 28 74 361 400
24 12 3 27 42 400
4 26 15 0 81 400
61 62 43 81 361 400
31 31 58 41 161 400
40 86 35 55 202 400
36 1 52 21 82 400
45 43 32 67 161 400
16 16 12 49 81 400
48 13 36 38 361 400
49 72 33 52 242 400
18 76 27 48 321 400
85 17 89 50 321 400
20 17 55 16 82 400
23 46 52 40 283 400
50 60 20 66 202 400
68 24 56 49 321 400
56 39 67 65 361 400
70 75 75 43 361 400
60 92 74 71 323 400
28 7 58 0 121 400
10 68 0 95 81 400
23 95 40 76 202 400
53 18 35 36 82 400
55 87 51 54 161 400
38 69 26 94 121 400
62 39 62 2 281 400
0 2 8 31 2 400
44 67 48 35 242 400
22 84 15 55 362 400
0 2 8 31 2 400
33 38 20 14 201 400
26 85 61 83 281 400
49 5 66 25 161 400
38 86 62 98 362 400
19 83 7 59 282 400
26 15 5 31 41 400
48 51 72 64 281 400
64 18 40 6 362 400
80 67 77 33 361 400
23 92 0 78 201 400
37 27 16 11 321 400
43 31 7 32 81 400
6 33 36 40 121 400
52 59 25 69 121 400
96 34 75 50 161 400
61 66 51 41 363 400
30 7 54 20 41 400
4 33 17 57 41 400
0 2 0 39 2 400
51 29 67 49 122 400
37 3 20 22 42 400
17 24 0 44 41 400
99 94 84 72 281 400
56 11 23 9 203 400
8 41 43 39 201 400
17 39 3 18 83 400
69 46 98 38 281 400
2 27 12 54 121 400
99 30 97 64 322 400
92 42 78 65 241 400
0 2 30 9 2 400
43 69 20 83 321 400
50 94 84 96 282 400
53 95 32 79 241 400
57 38 91 39 203 400
33 35 29 2 161 400
6 2 12 33 81 400
1 1 1 38 2 400
38 3 44 34 361 400
28 9 2 20 41 400
10 31 23 7 41 400
22 6 22 43 81 400
31 6 41 33 41 400
37 22 62 33 82 400
18 27 46 18 121 400
75 17 74 53 241 400
2 88 17 68 323 400
10 78 43 82 241 400
28 70 58 76 362 400
1 1 36 3 2 400
23 67 10 43 241 400
38 12 45 42 81 400
54 48 56 15 163 400
24 37 22 2 361 400
21 43 46 54 362 400
84 40 66 59 241 400
42 38 69 48 241 400
2 1 19 20 3 400
72 83 49 97 361 400
2 1 32 7 3 400
36 27 59 13 361 400
0 2 30 9 2 400
27 8 26 42 43 400
10 55 32 41 162 400
58 55 80 70 201 400
79 71 50 79 241 400
49 81 30 98 282 400
30 96 65 98 321 400
53 53 34 71 321 400
36 30 16 45 243 400
50 48 17 45 282 400
20 42 26 73 161 400
52 88 50 53 321 400
35 97 21 74 161 400
69 29 84 7 241 400
83 36 63 53 281 400
79 38 45 41 361 400
0 3 16 23 3 400
1 19 32 24 362 400
30 45 59 53 121 400
70 21 62 49 242 400
23 89 50 79 241 400
18 99 5 75 121 400
15 42 18 74 363 400
9 74 7 39 201 400
53 48 29 61 281 400
10 60 0 87 161 400
11 10 30 27 82 400
17 94 37 77 361 400
64 27 63 63 121 400
49 26 72 13 82 400
5 65 36 71 241 400
1 2 34 5 3 400
1 2 28 11 3 400
32 25 17 3 201 400
79 26 68 2 123 400
86 81 71 60 322 400
73 39 43 32 161 400
53 56 59 87 201 400
54 40 87 36 241 400
15 62 43 53 201 400
8 34 38 27 321 400
3 37 29 47 42 400
0 3 25 14 3 400
6 19 16 45 82 400
51 51 73 36 161 400
24 15 50 4 41 400
41 45 16 56 122 400
59 35 43 15 122 400
3 1 23 16 4 400
16 26 12 58 42 400
0 2 21 18 2 400
73 36 47 47 281 400
12 73 24 49 242 400
62 30 90 22 202 400
45 91 61 71 282 400
36 34 50 57 161 400
70 48 64 79 241 400
37 14 53 35 361 400
0 2 18 21 2 400
33 41 22 15 81 400
60 24 71 50 321 400
90 43 60 37 162 400
21 46 53 49 123 400
0 2 18 21 2 400
19 41 16 7 161 400
40 73 33 43 281 400
30 81 62 85 242 400
22 18 32 44 42 400
9 32 28 14 121 400
0 2 9 30 2 400
21 18 2 1 162 400
39 45 47 74 161 400
72 11 79 41 121 400
59 52 46 76 201 400
42 31 42 68 201 400
36 3 60 16 41 400
21 18 48 8 41 400
67 83 89 98 161 400
2 1 33 6 3 400
1 1 13 26 2 400
32 43 62 50 281 400
15 35 26 61 81 400
2 55 11 27 121 400
3 34 33 27 41 400
0 3 35 2 3 400
1 5 28 15 81 400
40 52 27 28 321 400
69 36 34 38 281 400
2 1 0 35 3 400
1 34 29 43 41 400
27 44 25 10 82 400
36 12 32 45 241 400
39 41 21 60 161 400
31 64 43 39 201 400
17 39 44 31 243 400
0 2 36 3 2 400
89 31 85 64 161 400
13 24 44 30 121 400
56 35 44 12 363 400
44 24 56 49 321 400
19 30 23 62 82 400
4 48 18 69 243 400
31 83 6 95 161 400
68 77 33 76 322 400
34 40 23 66 321 400
48 63 30 82 121 400
43 95 14 87 321 400
52 39 33 21 361 400
49 66 59 39 361 400
57 72 36 86 203 400
42 50 26 71 241 400
24 48 32 77 81 400
12 30 46 28 42 400
10 40 30 56 122 400
32 73 20 98 361 400
11 43 33 29 122 400
65 92 45 75 281 400
71 53 95 66 161 400
0 2 3 36 2 400
5 52 38 56 361 400
0 2 35 4 2 400
28 9 39 35 41 400
94 59 99 27 281 400
9 85 12 52 282 400
54 63 60 33 242 400
92 83 99 53 281 400
9 43 44 41 241 400
75 66 43 61 361 400
30 46 8 31 81 400
96 71 93 37 361 400
38 58 74 59 161 400
16 19 40 8 43 400
0 2 10 29 2 400
50 33 28 18 121 400
47 30 69 43 283 400
74 38 95 22 241 400
38 78 36 43 241 400
65 12 74 39 82 400
50 86 23 95 282 400
33 4 66 8 41 400
30 36 62 31 241 400
17 38 20 4 201 400
98 59 94 91 242 400
2 66 32 59 161 400
31 10 33 45 41 400
29 52 62 55 162 400
0 2 1 38 2 400
54 59 36 40 281 400
30 10 21 38 321 400
52 54 76 41 241 400
37 6 42 38 201 400
1 33 3 67 122 400
30 48 61 54 81 400
1 1 30 9 2 400
20 82 52 78 122 400
80 66 84 98 282 400
5 76 39 79 281 400
34 55 21 79 281 400
1 2 3 36 3 400
6 93 6 56 201 400
2 35 17 13 41 400
45 59 33 82 323 400
24 29 5 47 121 400
56 27 42 5 162 400
22 65 51 72 162 400
57 60 69 85 281 400
29 85 36 56 362 400
44 61 45 96 242 400
0 2 13 26 2 400
76 14 51 25 122 400
29 26 6 12 121 400
61 44 90 36 201 400
0 4 33 2 4 400
61 73 39 88 321 400
86 44 65 58 243 400
25 53 7 72 161 400
1 1 6 33 2 400
56 16 23 12 81 400
2 1 21 18 3 400
32 37 22 64 281 400
34 35 47 58 242 400
8 31 11 65 41 400
24 38 22 5 163 400
24 73 57 77 281 400
58 16 27 20 83 400
90 53 94 84 363 400
76 56 96 73 321 400
84 60 90 29 321 400
43 9 33 36 321 400
46 90 26 74 202 400
47 63 58 38 202 400
86 0 76 27 321 400
87 41 66 26 282 400
9 20 34 9 242 400
68 4 91 18 161 400
29 32 6 46 361 400
21 76 50 69 322 400
52 18 24 27 81 400
33 56 60 48 203 400
56 38 35 52 243 400
31 3 37 33 42 400
10 39 20 12 361 400
66 12 57 40 161 400
7 67 15 96 81 400
26 38 7 20 241 400
76 72 54 57 241 400
20 21 20 58 41 400
32 23 6 34 361 400
36 38 53 57 122 400
40 28 70 21 161 400
1 37 17 17 42 400
5 66 37 63 203 400
23 53 15 25 202 400
42 5 21 20 242 400
44 42 12 47 161 400
9 31 9 67 42 400
40 54 68 63 241 400
54 24 69 2 321 400
20 19 56 18 41 400
31 74 36 43 242 400
28 19 33 51 361 400
21 21 38 40 42 400
36 6 36 42 42 400
69 14 75 44 242 400
59 37 23 38 241 400
0 2 11 28 2 400
51 27 38 51 161 400
45 68 70 78 203 400
1 1 24 15 2 400
4 34 17 57 42 400
32 8 53 23 282 400
40 79 65 90 242 400
39 56 72 53 162 400
67 60 93 50 242 400
0 90 5 59 202 400
20 21 44 8 41 400
17 18 51 19 43 400
52 56 23 49 362 400
36 58 12 70 202 400
40 31 49 5 123 400
84 3 54 10 201 400
73 8 93 25 121 400
15 79 27 54 321 400
47 29 53 60 81 400
51 49 19 54 241 400
58 35 42 14 201 400
52 38 37 16 321 400
46 47 47 82 322 400
6 7 15 35 201 400
7 31 25 49 42 400
37 7 62 18 202 400
18 23 21 57 41 400
47 28 14 32 121 400
45 41 32 65 321 400
58 44 80 29 161 400
74 23 97 11 203 400
1 2 24 15 3 400
25 39 51 49 122 400
81 30 95 53 121 400
37 33 61 21 362 400
39 79 45 48 161 400
4 37 13 65 41 400
45 59 11 61 282 400
1 54 5 22 162 400
91 86 58 90 281 400
67 37 46 22 362 400
45 84 29 63 281 400
59 77 55 46 323 400
39 26 58 44 201 400
74 73 82 44 361 400
0 2 26 13 2 400
6 14 8 49 81 400
10 29 33 15 41 400
54 39 38 20 363 400
14 48 9 16 161 400
58 74 58 37 161 400
55 60 61 91 201 400
20 58 53 62 161 400
0 2 35 0 2 400
25 33 59 30 81 400
75 53 86 27 161 400
89 6 69 23 361 400
11 25 36 14 42 400
6 66 36 72 202 400
61 78 41 63 203 400
8 28 26 47 241 400
95 59 96 94 282 400
0 41 19 23 41 400
52 19 87 17 121 400
35 41 61 52 81 400
31 57 37 87 202 400
6 36 15 63 42 400
37 41 64 31 81 400
23 50 50 60 201 400
36 30 57 45 282 400
59 95 61 60 321 400
17 5 27 32 321 400
35 4 40 36 121 400
0 2 9 30 2 400
29 45 11 64 321 400
17 22 46 29 82 400
40 34 38 68 122 400
20 3 16 36 201 400
65 37 32 33 161 400
12 42 30 61 241 400
68 88 48 73 243 400
83 20 80 54 361 400
56 47 50 18 363 400
48 51 23 61 123 400
23 52 7 72 242 400
41 84 24 65 322 400
44 47 59 68 242 400
34 96 62 87 241 400
28 14 13 34 163 400
16 35 18 0 281 400
10 91 28 72 281 400
8 31 37 23 41 400
0 3 18 21 3 400
16 25 34 6 41 400
33 28 0 24 361 400
9 21 36 30 282 400
28 76 60 81 161 400
4 37 24 54 41 400
21 86 56 84 201 400
57 83 84 73 241 400
35 2 23 27 41 400
83 40 61 26 322 400
22 27 44 13 82 400
74 64 42 59 321 400
22 75 23 39 201 400
47 62 21 71 203 400
22 45 51 53 201 400
98 33 97 67 283 400
60 43 91 38 242 400
51 22 63 47 281 400
11 58 29 41 363 400
14 58 27 82 81 400
24 85 50 74 121 400
30 97 25 65 201 400
44 63 9 61 281 400
65 42 51 65 201 400
70 12 71 47 202 400
21 15 12 43 161 400
97 51 70 42 362 400
0 2 30 9 2 400
53 86 50 52 361 400
31 49 25 20 323 400
21 0 57 1 281 400
12 27 40 18 41 400
59 34 61 0 162 400
18 21 41 35 41 400
51 7 71 24 321 400
21 79 36 57 161 400
0 2 6 33 2 400
33 20 48 41 242 400
23 68 12 43 162 400
12 27 7 59 41 400
35 73 70 75 241 400
47 50 21 61 121 400
32 42 17 64 161 400
15 21 35 4 81 400
48 44 48 81 321 400
17 93 8 65 161 400
8 92 20 67 161 400
0 2 33 6 2 400
41 68 32 40 121 400
51 38 70 55 162 400
12 45 17 13 361 400
0 2 6 33 2 400
1 1 2 37 2 400
1 1 7 32 2 400
8 29 2 60 121 400
2 1 0 35 3 400
75 4 41 1 361 400
55 26 89 29 121 400
20 40 6 63 161 400
15 22 48 18 41 400
88 33 97 5 361 400
62 4 49 28 241 400
21 50 27 20 162 400
33 21 52 38 282 400
26 15 60 18 281 400
43 29 57 50 163 400
31 24 46 45 242 400
12 47 33 62 242 400
51 61 54 94 202 400
62 2 31 7 362 400
77 37 54 23 321 400
30 7 40 34 121 400
12 25 45 29 41 400
43 51 51 22 321 400
42 29 77 28 162 400
75 38 82 68 201 400
68 16 34 17 243 400
4 33 31 43 361 400
69 67 40 74 282 400
64 8 50 31 241 400
0 3 26 13 3 400
2 1 30 9 3 400
15 86 42 76 361 400
17 33 5 8 81 400
47 17 73 6 321 400
69 43 39 49 122 400
48 4 49 39 202 400
47 40 14 43 242 400
10 30 23 7 42 400
56 66 76 83 321 400
42 18 30 43 81 400
39 65 8 61 323 400
72 62 70 96 362 400
50 21 70 5 82 400
28 14 36 43 161 400
65 87 58 57 321 400
1 1 29 10 2 400
60 42 58 8 362 400
52 66 69 86 161 400
50 15 71 30 162 400
38 46 40 11 161 400
6 31 25 49 41 400
66 77 96 82 283 400
0 2 7 32 2 400
50 39 25 51 121 400
13 26 17 59 41 400
80 60 58 45 321 400
33 41 42 67 243 400
59 35 78 18 202 400
18 73 4 51 162 400
53 35 21 31 282 400
1 34 12 60 41 400
10 31 36 42 41 400
30 50 63 46 161 400
25 70 54 62 121 400
10 38 43 42 81 400
2 23 0 57 82 400
71 38 88 18 361 400
14 34 33 50 163 400
13 61 0 85 241 400
9 6 8 42 361 400
46 30 72 19 81 400
23 14 53 7 41 400
29 38 49 54 82 400
36 33 25 7 201 400
1 2 20 19 3 400
75 50 83 21 201 400
67 10 54 34 201 400
26 50 60 53 81 400
18 63 50 59 322 400
84 62 72 37 321 400
7 57 3 90 241 400
61 35 57 2 161 400
49 19 37 43 122 400
1 79 22 95 241 400
32 49 63 53 283 400
28 11 22 42 41 400
20 29 51 23 361 400
57 19 50 47 83 400
57 61 35 46 321 400
28 47 31 81 361 400
18 75 4 52 281 400
27 12 40 36 41 400
39 39 51 62 83 400
96 68 74 54 202 400
49 23 26 10 122 400
78 16 42 17 241 400
0 3 14 25 3 400
5 20 2 54 201 400
21 88 26 56 121 400
69 43 73 75 362 400
1 1 14 25 2 400
9 32 20 6 121 400
78 68 86 39 321 400
29 78 55 89 121 400
5 72 25 56 162 400
30 53 27 87 121 400
1 1 27 12 2 400
27 25 60 27 323 400
67 35 70 69 161 400
19 72 6 49 162 400
1 1 19 20 2 400
23 96 1 81 281 400
12 35 8 68 361 400
5 47 20 68 362 400
19 46 44 35 322 400
0 3 33 6 3 400
1 2 26 13 3 400
3 1 20 19 4 400
25 34 44 16 281 400
86 9 72 30 283 400
41 48 58 30 123 400
58 31 86 40 201 400
34 39 62 48 361 400
20 17 0 34 41 400
23 51 20 85 321 400
44 72 29 94 241 400
1 1 19 20 2 400
88 57 66 70 203 400
6 45 8 79 322 400
17 51 13 19 362 400
3 1 36 3 4 400
35 1 10 12 42 400
40 39 33 68 82 400
57 17 44 41 81 400
25 33 31 64 161 400
89 47 70 65 321 400
24 82 13 56 161 400
86 9 87 45 361 400
33 27 18 49 161 400
40 53 73 49 281 400
21 50 0 66 281 400
1 2 26 13 3 400
38 5 34 38 361 400
13 39 46 43 81 400
87 40 52 42 361 400
35 3 40 34 202 400
1 92 20 74 121 400
48 13 43 44 82 400
79 99 79 64 243 400
55 46 55 9 361 400
12 48 19 77 122 400
57 49 57 85 122 400
26 47 57 52 82 400
49 29 49 64 243 400
19 40 28 12 121 400
36 37 52 57 82 400
54 66 54 29 241 400
54 27 33 11 281 400
79 48 82 82 281 400
84 76 58 85 323 400
14 2 42 11 241 400
35 20 65 13 201 400
46 3 33 27 201 400
1 13 3 48 161 400
48 65 55 35 121 400
34 59 12 44 201 400
26 50 57 55 282 400
15 64 8 94 121 400
7 35 19 58 83 400
83 29 59 41 362 400
58 32 30 23 161 400
75 75 99 62 161 400
51 87 31 70 321 400
46 30 12 31 323 400
47 47 21 36 321 400
27 32 10 13 162 400
86 79 65 64 242 400
77 47 79 13 362 400
29 11 49 27 42 400
38 19 66 12 123 400
88 46 61 56 321 400
52 27 52 64 121 400
5 76 27 61 361 400
22 77 34 52 201 400
33 59 63 52 161 400
61 47 81 64 241 400
24 22 49 34 81 400
0 35 7 6 82 400
78 36 56 51 321 400
31 73 63 68 321 400
1 1 22 17 2 400
32 37 21 12 242 400
52 66 44 95 321 400
14 6 1 29 362 400
6 35 4 0 41 400
7 50 42 48 201 400
71 12 40 18 121 400
4 12 11 42 161 400
2 37 6 4 41 400
54 58 28 68 122 400
0 3 29 10 3 400
21 16 0 32 41 400
16 66 13 32 321 400
20 27 45 38 322 400
0 4 11 28 4 400
2 2 15 24 4 400
15 96 50 98 281 400
65 72 56 44 281 400
24 65 7 45 361 400
10 44 11 8 81 400
36 42 13 56 81 400
39 39 6 35 161 400
74 78 94 61 241 400
53 83 54 48 282 400
11 25 31 9 42 400
64 16 55 44 81 400
10 0 32 14 362 400
37 41 50 18 122 400
29 7 25 39 42 400
58 17 63 49 281 400
16 63 49 67 121 400
35 4 57 19 41 400
11 2 10 36 203 400
35 19 24 44 122 400
56 12 77 28 161 400
25 57 39 79 282 400
20 16 52 21 241 400
68 91 34 94 281 400
34 57 11 70 162 400
52 37 27 48 322 400
0 3 12 27 3 400
28 70 46 89 321 400
25 53 1 40 161 400
8 25 27 7 281 400
56 22 58 57 321 400
30 35 64 32 201 400
25 49 42 30 122 400
54 55 77 69 281 400
85 76 59 87 201 400
65 35 39 24 161 400
1 1 4 35 2 400
30 7 0 0 41 400
0 2 26 13 2 400
76 19 87 45 281 400
2 1 23 16 3 400
24 17 44 33 242 400
33 8 44 34 41 400
23 35 58 34 362 400
1 2 16 23 3 400
30 18 60 12 282 400
58 47 61 80 162 400
48 49 59 75 281 400
11 59 27 38 81 400
41 21 49 50 81 400
38 16 51 39 202 400
67 45 58 18 362 400
58 36 37 21 202 400
57 84 50 54 361 400
7 32 15 3 121 400
63 89 93 82 241 400
58 36 33 24 241 400
6 34 19 57 42 400
35 24 7 16 82 400
28 38 58 31 161 400
90 73 65 61 201 400
50 61 31 79 201 400
38 97 63 85 361 400
0 4 13 26 4 400
43 18 58 39 162 400
53 74 19 77 281 400
40 36 16 49 241 400
42 65 9 69 281 400
41 54 21 71 361 400
71 73 59 97 282 400
22 17 58 16 121 400
2 42 34 38 202 400
70 18 53 38 241 400
52 59 23 67 121 400
59 55 37 41 202 400
34 60 8 50 202 400
29 35 38 7 81 400
1 37 8 8 42 400
0 2 33 6 2 400
42 36 8 33 81 400
43 9 58 31 81 400
35 2 32 36 41 400
1 1 32 7 2 400
35 40 53 23 283 400
0 3 19 20 3 400
16 26 29 3 42 400
9 60 10 24 281 400
34 1 58 14 41 400
30 9 49 27 41 400
24 72 58 70 202 400
52 53 19 50 162 400
13 18 16 50 363 400
58 44 90 40 122 400
46 70 17 78 241 400
13 15 48 17 81 400
45 48 50 80 361 400
38 30 25 54 161 400
78 72 64 95 321 400
51 12 30 27 82 400
90 37 89 73 201 400
95 3 76 20 282 400
32 50 11 36 243 400
5 6 26 21 162 400
63 56 57 86 242 400
1 1 4 35 2 400
44 75 56 50 361 400
37 65 10 75 241 400
36 14 45 40 323 400
67 24 37 30 162 400
18 79 17 45 363 400
27 80 36 52 201 400
18 52 0 69 83 400
43 42 55 17 121 400
41 46 50 18 361 400
21 20 5 39 123 400
13 41 17 9 282 400
61 20 48 42 283 400
98 51 75 64 322 400
4 33 32 42 41 400
62 83 42 66 201 400
44 22 20 34 282 400
51 40 41 13 361 400
26 30 62 29 241 400
48 47 26 32 121 400
1 1 3 36 2 400
67 39 88 24 282 400
21 36 47 26 82 400
14 28 41 37 42 400
15 64 40 76 361 400
81 64 89 91 283 400
44 72 78 70 282 400
9 6 30 22 201 400
24 40 23 76 161 400
31 79 5 90 321 400
26 46 52 57 81 400
59 56 75 76 322 400
23 12 12 37 322 400
1 2 10 29 3 400
1 1 11 28 2 400
43 35 20 49 81 400
58 30 58 67 161 400
53 61 38 83 241 400
23 18 0 32 41 400
1 38 23 53 201 400
46 3 17 10 82 400
35 33 21 55 362 400
1 2 3 36 3 400
34 6 48 28 42 400
50 58 20 64 362 400
32 43 67 41 281 400
42 32 11 38 81 400
35 54 11 67 201 400
2 1 27 12 3 400
6 33 40 36 41 400
0 3 14 25 3 400
0 2 24 15 2 400
73 46 76 14 283 400
27 9 44 28 42 400
19 5 39 22 81 400
43 60 35 89 121 400
94 47 87 17 201 400
47 31 64 51 161 400
1 1 20 19 2 400
63 50 67 17 281 400
72 52 78 21 321 400
26 13 4 28 41 400
70 2 82 27 321 400
17 25 22 56 42 400
54 17 43 41 203 400
41 51 28 73 323 400
57 79 32 67 241 400
51 6 17 9 281 400
52 29 30 15 242 400
34 48 49 27 122 400
31 8 67 7 41 400
47 34 25 49 361 400
58 51 71 75 121 400
55 21 45 48 81 400
1 1 34 5 2 400
60 58 33 67 362 400
31 66 40 40 283 400
47 20 58 46 281 400
46 72 26 55 241 400
9 49 38 57 241 400
6 33 40 36 41 400
3 5 6 37 83 400
1 1 16 23 2 400
0 42 5 73 42 400
34 42 61 32 81 400
71 86 58 62 281 400
1 1 35 4 2 400
73 44 60 22 203 400
61 21 92 27 241 400
74 53 59 32 162 400
3 38 30 48 41 400
59 90 26 87 242 400
41 13 36 44 362 400
35 6 37 41 41 400
14 27 25 1 41 400
94 2 99 34 321 400
81 10 75 40 162 400
2 1 23 16 3 400
28 14 57 21 42 400
17 58 15 24 82 400
35 59 67 54 161 400
64 74 53 48 241 400
1 1 14 25 2 400
34 8 23 33 42 400
81 9 74 39 321 400
39 24 48 50 123 400
50 22 60 49 321 400
60 30 83 43 202 400
45 92 39 61 281 400
62 27 64 62 201 400
15 56 42 48 363 400
45 64 47 99 361 400
58 36 60 1 321 400
63 32 76 8 361 400
94 50 69 38 321 400
94 3 87 31 283 400
65 73 45 90 241 400
34 2 58 14 42 400
30 2 30 38 202 400
90 47 68 33 322 400
22 43 51 36 82 400
2 28 6 61 81 400
37 89 5 85 282 400
70 54 89 72 241 400
14 46 30 27 83 400
94 9 69 19 283 400
95 44 85 19 363 400
38 4 64 13 163 400
56 14 45 39 362 400
47 64 38 36 201 400
47 5 69 20 241 400
10 19 21 45 361 400
5 37 7 71 122 400
29 21 5 33 202 400
23 79 41 60 321 400
49 50 49 13 281 400
56 39 73 19 121 400
40 31 42 66 201 400
20 39 44 26 201 400
1 1 28 11 2 400
32 75 60 66 121 400
20 54 49 48 83 400
28 65 8 50 363 400
18 23 46 32 41 400
26 49 55 41 201 400
82 97 71 73 363 400
28 37 54 48 281 400
1 1 26 13 2 400
28 15 35 44 242 400
57 12 92 10 281 400
85 41 83 75 282 400
54 66 57 34 163 400
44 73 57 96 322 400
18 22 33 1 282 400
61 54 50 29 242 400
70 32 88 51 241 400
80 12 96 32 122 400
41 72 63 87 201 400
38 44 46 15 241 400
75 78 89 55 361 400
52 23 73 8 82 400
70 26 91 10 321 400
41 62 64 76 201 400
24 48 3 32 321 400
91 50 75 71 281 400
2 39 11 11 41 400
11 44 31 60 162 400
38 41 14 28 281 400
29 4 25 36 322 400
0 67 23 81 121 400
2 0 14 25 81 400
56 61 28 54 363 400
57 12 84 2 361 400
20 28 51 34 321 400
40 29 24 49 82 400
37 45 46 18 202 400
23 41 19 74 241 400
12 30 28 50 42 400
52 21 44 49 322 400
77 24 83 55 281 400
71 43 95 31 362 400
36 30 50 7 241 400
1 1 9 30 2 400
0 2 5 34 2 400
33 4 19 25 43 400
72 11 75 45 121 400
2 37 33 41 43 400
15 30 0 52 201 400
16 48 32 28 122 400
84 63 54 56 201 400
19 50 31 75 281 400
1 1 35 4 2 400
39 75 17 60 321 400
48 33 83 34 82 400
0 2 25 14 2 400
63 3 43 20 81 400
50 52 56 83 241 400
81 74 98 54 201 400
66 9 62 41 82 400
31 10 8 24 201 400
57 26 86 18 281 400
15 19 45 25 122 400
39 21 60 36 202 400
62 27 38 40 361 400
32 75 15 95 201 400
26 35 53 44 162 400
12 14 19 44 81 400
93 68 67 57 201 400
66 56 92 45 241 400
75 39 99 52 321 400
71 65 91 82 241 400
32 7 66 10 41 400
77 41 72 72 362 400
31 7 65 9 42 400
38 25 58 42 121 400
7 94 24 74 121 400
2 70 23 86 161 400
22 63 11 89 201 400
12 90 45 94 241 400
9 6 19 33 281 400
21 92 46 80 201 400
46 47 71 58 242 400
25 34 36 10 203 400
27 11 42 33 161 400
68 1 38 7 162 400
2 1 1 36 3 400
55 70 38 89 242 400
27 43 57 50 81 400
18 41 18 4 281 400
40 74 15 85 282 400
47 10 62 31 242 400
4 9 0 40 203 400
12 25 29 45 41 400
26 13 5 29 41 400
98 51 98 15 242 400
58 49 58 13 322 400
17 59 52 61 81 400
65 74 48 93 242 400
43 29 76 26 202 400
33 57 27 88 241 400
55 72 52 38 281 400
2 25 19 44 162 400
20 17 42 32 41 400
36 6 45 33 42 400
33 37 67 34 81 400
59 27 32 36 282 400
0 2 34 5 2 400
85 28 88 62 121 400
48 35 58 8 121 400
18 15 1 35 201 400
22 45 21 81 121 400
54 34 20 37 161 400
26 55 51 65 203 400
61 43 29 38 321 400
6 32 30 19 241 400
0 3 28 11 3 400
36 61 15 46 242 400
1 1 13 26 2 400
14 25 31 5 41 400
20 13 13 43 121 400
52 66 52 30 122 400
44 49 49 17 201 400
31 1 31 36 83 400
23 46 34 20 201 400
66 59 55 85 281 400
18 41 7 17 123 400
60 61 37 75 201 400
36 3 27 30 82 400
64 7 90 17 242 400
30 12 38 40 282 400
95 26 69 37 361 400
76 33 76 70 201 400
0 3 12 27 3 400
24 11 3 27 361 400
1 80 28 90 281 400
87 44 74 21 242 400
2 46 29 56 161 400
26 53 38 28 201 400
26 27 2 39 242 400
16 50 51 49 202 400
33 8 33 45 121 400
53 16 80 26 361 400
54 15 60 44 283 400
66 14 32 12 202 400
40 20 60 37 81 400
27 20 55 11 121 400
12 54 27 76 81 400
49 38 50 2 281 400
60 37 57 4 322 400
44 34 30 11 161 400
52 45 86 42 201 400
95 24 95 61 281 400
33 78 27 49 123 400
47 76 75 85 201 400
52 75 68 96 201 400
12 65 43 71 121 400
72 49 84 24 361 400
23 59 55 55 362 400
57 92 22 93 162 400
38 38 30 9 241 400
16 45 16 82 281 400
86 25 63 39 201 400
10 8 35 20 81 400
32 69 55 55 201 400
54 82 39 60 161 400
1 38 36 40 201 400
39 36 73 34 162 400
25 53 11 30 81 400
82 34 56 23 321 400
57 18 32 30 281 400
5 70 7 35 281 400
38 72 70 67 321 400
82 68 62 51 241 400
17 24 9 51 43 400
36 46 40 13 161 400
16 30 32 9 321 400
30 77 24 47 162 400
54 51 77 63 123 400
87 43 53 46 241 400
44 30 57 52 83 400
32 88 21 62 321 400
45 14 11 17 361 400
40 57 29 83 121 400
18 17 32 38 123 400
39 54 18 38 361 400
27 10 7 27 201 400
1 1 29 10 2 400
35 45 54 63 161 400
26 10 31 41 42 400
70 53 37 57 201 400
72 9 89 29 121 400
0 2 32 7 2 400
53 17 81 8 81 400
7 54 24 35 82 400
60 40 84 28 202 400
45 29 62 9 81 400
33 19 61 27 122 400
8 64 31 52 83 400
48 55 80 51 322 400
16 73 44 82 201 400
2 1 1 36 3 400
1 1 37 0 2 400
20 97 4 77 322 400
43 22 43 59 121 400
3 1 14 25 4 400
87 75 60 85 321 400
74 33 71 67 201 400
90 38 70 22 362 400
1 1 20 19 2 400
55 42 79 53 363 400
42 54 54 29 321 400
12 22 4 51 241 400
21 29 7 7 122 400
2 1 22 17 3 400
71 85 76 53 321 400
33 3 9 15 42 400
39 41 16 27 81 400
1 2 18 21 3 400
50 60 31 44 163 400
20 17 22 52 41 400
78 30 54 43 241 400
50 26 29 42 161 400
16 22 34 3 161 400
32 10 21 35 42 400
3 1 3 36 4 400
36 10 19 29 122 400
31 8 45 31 41 400
2 4 18 25 241 400
60 59 48 35 242 400
40 24 15 36 241 400
59 3 81 18 321 400
18 27 38 44 121 400
46 34 54 5 241 400
57 16 93 17 201 400
11 34 25 11 281 400
1 1 27 12 2 400
28 2 37 29 282 400
77 10 63 33 201 400
64 35 69 4 242 400
25 17 59 19 42 400
91 13 71 30 321 400
60 74 55 43 282 400
44 30 9 32 241 400
23 41 49 52 241 400
78 65 42 66 361 400
3 45 10 15 81 400
8 28 8 64 42 400
20 17 43 31 121 400
31 58 11 75 281 400
20 54 2 35 161 400
59 15 85 4 81 400
15 63 18 97 81 400
28 46 53 35 362 400
89 63 64 74 362 400
0 3 0 39 3 400
50 49 70 66 121 400
6 30 18 54 42 400
2 1 14 25 3 400
60 35 47 11 121 400
2 45 34 41 242 400
9 84 15 53 361 400
23 32 7 11 121 400
16 70 41 80 243 400
36 6 12 18 42 400
12 15 18 45 82 400
17 44 38 28 121 400
65 32 81 52 322 400
53 34 28 46 281 400
29 46 50 31 242 400
37 41 50 17 81 400
49 64 19 57 361 400
2 80 6 47 321 400
18 18 37 1 42 400
59 10 24 12 361 400
37 31 55 12 81 400
55 10 73 29 121 400
66 5 91 15 283 400
98 63 80 82 201 400
21 55 45 42 81 400
42 53 43 88 242 400
12 12 48 11 321 400
51 62 73 47 201 400
1 1 30 9 2 400
13 24 31 5 121 400
13 33 49 32 81 400
47 21 69 36 321 400
37 29 60 43 161 400
29 14 38 42 201 400
32 9 66 6 41 400
4 35 34 42 41 400
99 81 77 66 321 400
50 3 44 32 363 400
0 2 4 35 2 400
49 25 29 8 81 400
24 50 56 55 81 400
35 12 67 7 361 400
9 71 35 60 321 400
34 41 25 14 242 400
20 16 50 22 42 400
27 31 54 22 282 400
37 51 32 83 241 400
33 7 68 5 81 400
62 39 91 47 121 400
8 35 36 27 242 400
21 23 44 37 81 400
22 43 9 20 322 400
18 54 10 27 83 400
7 30 6 66 41 400
8 55 17 82 242 400
28 35 40 10 201 400
55 48 91 49 121 400
97 51 76 36 202 400
23 1 48 12 282 400
47 23 64 42 202 400
51 61 41 35 362 400
0 2 26 13 2 400
1 3 4 35 4 400
39 12 31 41 201 400
32 35 28 67 82 400
42 93 66 80 201 400
0 2 3 36 2 400
19 78 54 80 281 400
60 66 74 45 323 400
40 60 64 72 202 400
18 24 41 37 42 400
87 43 80 73 161 400
87 38 60 28 201 400
68 71 95 63 203 400
43 13 72 21 81 400
29 86 7 71 361 400
18 39 37 57 121 400
45 87 43 53 362 400
63 16 70 45 322 400
36 3 45 31 41 400
37 47 37 10 161 400
30 42 4 51 323 400
60 26 61 62 161 400
3 38 36 34 361 400
35 62 11 49 121 400
32 3 9 17 121 400
34 34 54 17 321 400
60 10 83 22 243 400
31 41 38 71 81 400
6 30 7 65 42 400
11 31 22 57 241 400
35 59 6 51 321 400
47 95 69 80 161 400
3 9 1 43 202 400
65 13 54 38 122 400
60 15 73 39 281 400
70 48 42 41 243 400
53 35 62 63 241 400
1 1 3 36 2 400
33 18 32 54 281 400
36 19 54 37 82 400
12 12 8 45 161 400
30 30 63 32 243 400
32 67 42 94 361 400
28 15 48 32 361 400
65 56 63 21 361 400
78 8 43 10 321 400
25 20 31 50 162 400
45 4 26 22 281 400
12 27 46 24 41 400
53 17 32 1 161 400
28 22 55 12 241 400
35 4 51 23 43 400
8 66 33 54 81 400
62 93 43 75 361 400
36 24 56 41 81 400
5 32 38 28 41 400
1 1 1 38 2 400
31 48 8 36 283 400
20 19 42 34 41 400
27 51 1 40 161 400
40 82 43 49 282 400
80 38 84 5 161 400
76 28 54 13 161 400
67 69 53 46 241 400
7 29 17 3 362 400
1 1 7 32 2 400
24 60 6 42 122 400
1 1 30 9 2 400
44 32 69 44 81 400
55 21 82 11 81 400
33 78 55 63 361 400
55 16 43 40 162 400
46 39 58 62 203 400
60 37 85 48 162 400
52 91 55 59 283 400
8 12 35 2 161 400
1 1 20 19 2 400
64 55 66 21 322 400
8 8 42 10 122 400
0 2 27 12 2 400
19 28 5 51 121 400
49 20 84 18 281 400
43 62 39 95 361 400
13 31 39 20 81 400
39 60 43 93 281 400
33 14 30 47 242 400
9 28 7 63 41 400
39 72 59 89 281 400
6 22 17 47 282 400
5 37 32 47 161 400
56 94 58 61 243 400
22 41 56 43 162 400
45 77 79 76 163 400
55 74 89 76 242 400
87 25 54 21 161 400
70 62 64 31 321 400
6 30 20 52 42 400
2 35 11 7 41 400
69 40 61 11 121 400
4 72 32 81 81 400
79 53 46 49 241 400
33 46 15 64 162 400
78 77 72 46 201 400
45 37 77 42 161 400
38 13 4 14 123 400
7 46 42 48 201 400
74 50 56 68 362 400
30 60 8 75 161 400
1 35 16 56 42 400
59 66 82 52 201 400
52 63 52 26 121 400
50 26 36 3 81 400
48 84 51 51 362 400
16 5 16 42 201 400
49 16 71 30 82 400
75 75 71 43 362 400
69 66 48 82 361 400
36 1 11 13 41 400
41 80 56 59 242 400
49 38 46 6 283 400
90 17 71 35 201 400
35 46 69 44 322 400
46 96 53 67 202 400
19 92 42 78 121 400
63 44 63 7 281 400
8 29 35 39 41 400
88 4 74 27 161 400
37 22 62 33 322 400
35 3 64 10 42 400
1 1 3 36 2 400
32 35 37 4 162 400
59 66 92 63 162 400
53 16 77 29 201 400
57 58 55 93 121 400
70 61 58 36 281 400
5 36 29 47 43 400
1 1 22 17 2 400
0 3 29 10 3 400
33 4 49 25 41 400
47 26 47 62 82 400
7 72 39 77 361 400
72 17 70 52 121 400
14 29 30 8 121 400
0 2 32 7 2 400
41 22 60 40 281 400
0 3 4 35 3 400
42 93 58 72 201 400
29 47 58 39 81 400
30 1 0 8 41 400
32 69 48 48 281 400
19 16 41 31 121 400
33 52 24 25 322 400
95 92 74 76 281 400
56 14 70 37 81 400
12 37 7 5 281 400
32 38 38 9 83 400
48 33 74 43 82 400
60 54 53 83 122 400
33 7 6 16 42 400
1 37 8 7 241 400
14 46 39 35 122 400
65 36 86 21 322 400
36 47 58 32 121 400
27 27 10 7 161 400
45 62 44 26 121 400
67 87 98 93 241 400
34 30 34 65 243 400
71 50 70 86 201 400
24 63 56 58 361 400
9 32 43 29 41 400
58 44 94 45 161 400
64 10 52 34 282 400
16 56 15 20 161 400
14 36 10 69 241 400
43 23 73 16 321 400
49 46 79 40 322 400
9 29 11 63 42 400
60 67 74 44 361 400
1 2 5 34 3 400
69 4 56 27 82 400
59 81 92 77 241 400
52 85 63 61 363 400
39 32 31 61 121 400
24 17 4 34 41 400
65 50 58 80 361 400
5 32 2 66 41 400
53 48 44 74 123 400
76 81 74 46 361 400
14 31 35 45 123 400
81 22 91 48 242 400
75 19 76 55 321 400
11 70 20 98 201 400
64 60 85 44 161 400
6 35 34 44 41 400
91 43 91 78 243 400
53 34 49 3 363 400
29 19 63 16 241 400
58 35 53 5 203 400
30 6 17 29 42 400
20 17 41 33 41 400
62 83 39 95 363 400
0 28 18 47 81 400
52 25 18 27 242 400
29 14 57 22 162 400
2 2 22 17 4 400
14 63 18 94 283 400
59 2 71 26 162 400
5 54 22 36 363 400
29 10 18 36 41 400
2 1 14 25 3 400
1 1 26 13 2 400
52 57 50 22 121 400
32 57 42 30 201 400
46 40 71 51 282 400
68 65 79 39 361 400
33 46 15 29 283 400
45 28 21 16 82 400
17 79 42 91 161 400
11 28 32 12 41 400
24 30 16 2 282 400
21 20 38 40 41 400
73 31 59 8 321 400
15 83 37 68 321 400
67 86 37 80 242 400
37 82 72 84 281 400
15 33 7 4 161 400
60 44 80 61 241 400
0 2 7 32 2 400
36 42 37 6 81 400
36 28 35 64 81 400
66 42 52 64 202 400
49 67 31 85 362 400
15 78 31 99 201 400
42 17 75 20 242 400
9 48 25 27 121 400
12 50 30 31 321 400
56 12 45 38 161 400
1 1 16 23 2 400
63 94 63 57 281 400
39 13 31 42 161 400
24 15 3 31 41 400
69 73 50 90 362 400
2 1 31 8 3 400
0 2 30 9 2 400
74 35 81 65 281 400
0 4 4 35 4 400
38 38 37 73 202 400
28 74 23 42 321 400
31 10 22 38 41 400
11 47 15 80 161 400
33 48 64 43 162 400
23 15 12 40 42 400
3 37 25 23 202 400
4 38 34 32 282 400
68 55 97 63 281 400
40 47 61 33 123 400
27 31 51 18 241 400
30 47 22 76 281 400
10 27 32 12 41 400
1 2 12 27 3 400
97 19 62 20 362 400
7 18 31 31 201 400
48 35 79 30 242 400
70 72 74 39 241 400
28 32 41 56 241 400
80 20 92 44 362 400
23 13 53 19 42 400
45 3 34 29 321 400
23 42 54 48 281 400
44 55 65 71 201 400
67 38 88 54 121 400
66 4 31 5 362 400
36 74 10 85 321 400
71 24 64 54 201 400
54 7 64 34 281 400
73 34 50 20 281 400
48 7 78 13 162 400
1 1 7 32 2 400
25 16 2 30 41 400
25 12 0 24 41 400
37 40 7 33 281 400
26 10 26 46 42 400
13 17 36 31 81 400
58 99 73 79 203 400
5 27 20 5 81 400
28 10 58 4 282 400
1 2 31 8 3 400
45 21 50 52 362 400
0 2 26 13 2 400
41 15 22 33 81 400
25 70 21 37 201 400
57 79 77 95 282 400
67 98 67 62 242 400
46 54 69 68 241 400
8 6 31 20 321 400
15 58 42 67 162 400
51 67 37 90 241 400
3 34 29 23 41 400
76 33 43 37 201 400
59 65 83 77 362 400
22 50 16 20 122 400
15 20 23 49 121 400
5 60 12 30 121 400
51 61 15 62 321 400
72 65 78 96 201 400
88 19 56 24 201 400
21 39 23 4 241 400
44 36 52 9 83 400
56 87 63 58 322 400
17 15 38 31 81 400
11 56 29 37 121 400
37 44 31 14 82 400
31 66 5 55 361 400
20 50 48 59 81 400
8 20 25 39 282 400
62 52 60 87 321 400
46 36 27 19 122 400
43 24 21 39 281 400
39 51 17 36 161 400
26 28 3 40 83 400
36 38 58 53 161 400
11 25 38 15 161 400
8 61 17 89 361 400
69 42 55 65 121 400
1 1 18 21 2 400
51 47 24 37 161 400
90 21 73 39 123 400
17 56 3 34 82 400
14 33 46 28 201 400
24 23 10 46 201 400
0 2 28 11 2 400
0 2 33 6 2 400
63 66 63 29 201 400
23 37 54 43 161 400
28 8 49 23 42 400
93 11 96 45 321 400
57 35 73 14 321 400
37 6 5 11 201 400
17 26 40 40 121 400
61 32 34 22 281 400
30 20 51 36 161 400
7 29 31 42 241 400
31 11 15 32 81 400
17 66 35 47 201 400
44 28 28 8 362 400
11 80 19 52 242 400
34 13 36 47 82 400
66 14 34 11 323 400
1 1 22 17 2 400
58 4 25 2 83 400
25 5 51 15 122 400
0 81 1 45 121 400
56 51 55 85 203 400
1 1 5 34 2 400
18 52 51 48 81 400
37 43 32 73 163 400
76 26 88 2 122 400
24 43 30 72 283 400
21 77 48 67 321 400
18 24 52 22 42 400
27 51 59 47 362 400
17 41 22 73 161 400
36 51 67 46 322 400
1 37 17 58 241 400
6 16 34 25 161 400
26 16 56 22 42 400
30 74 1 81 362 400
33 19 65 23 202 400
25 24 25 59 363 400
92 49 62 56 201 400
44 32 57 10 83 400
40 47 30 74 121 400
51 42 85 40 242 400
1 1 8 31 2 400
7 30 38 36 201 400
47 32 55 60 162 400
28 3 63 5 201 400
63 53 34 46 122 400
15 50 0 28 361 400
1 7 17 28 81 400
53 64 49 95 363 400
16 25 16 61 82 400
0 4 12 27 4 400
61 37 88 46 282 400
27 65 17 39 122 400
16 58 0 37 81 400
25 51 30 19 81 400
13 25 5 53 42 400
1 34 13 9 41 400
12 76 39 84 163 400
1 1 36 3 2 400
57 54 91 57 361 400
72 26 76 58 282 400
55 13 65 38 323 400
21 15 4 34 42 400
68 65 74 35 242 400
67 80 67 43 281 400
28 19 23 50 82 400
1 3 20 19 4 400
79 56 64 76 203 400
23 30 17 61 121 400
0 2 23 16 2 400
82 20 46 21 241 400
70 52 34 53 241 400
30 46 7 60 81 400
24 58 22 93 321 400
56 47 29 37 361 400
78 68 52 79 321 400
44 65 77 62 322 400
11 26 45 23 41 400
43 33 55 58 81 400
65 6 60 37 82 400
90 75 79 51 203 400
31 97 0 92 362 400
45 47 20 58 282 400
32 50 8 62 362 400
75 65 47 73 202 400
11 11 25 34 321 400
8 34 35 25 42 400
50 35 49 71 281 400
40 64 74 67 321 400
86 44 53 40 161 400
55 41 63 13 202 400
63 11 47 32 241 400
1 1 25 14 2 400
53 36 42 62 281 400
50 30 85 32 81 400
42 66 27 44 321 400
55 38 58 72 121 400
21 4 25 37 361 400
0 2 12 27 2 400
8 68 22 91 161 400
19 23 42 10 42 400
95 30 87 1 281 400
46 26 26 9 81 400
74 31 45 39 281 400
1 48 0 82 363 400
86 10 96 37 241 400
63 54 87 67 361 400
12 38 5 67 202 400
15 23 35 40 81 400
65 9 51 30 163 400
30 69 59 77 361 400
1 27 31 22 83 400
53 24 84 29 82 400
8 71 20 46 361 400
34 47 57 59 363 400
0 2 13 26 2 400
26 58 55 65 202 400
87 73 53 76 241 400
12 25 38 36 121 400
39 9 22 29 161 400
6 84 23 64 321 400
14 69 32 87 242 400
56 55 20 56 121 400
35 88 54 71 242 400
62 33 91 39 203 400
47 12 29 30 242 400
41 37 38 71 81 400
71 54 71 17 201 400
9 26 40 21 242 400
1 1 16 23 2 400
58 45 57 81 201 400
79 97 55 84 241 400
70 43 61 70 162 400
62 54 26 55 161 400
30 7 31 43 41 400
34 41 14 57 82 400
34 3 50 24 41 400
37 0 7 7 41 400
47 44 65 25 281 400
72 43 76 76 201 400
14 26 43 18 161 400
80 79 50 73 242 400
29 5 6 19 241 400
28 37 45 55 203 400
11 27 34 40 42 400
20 61 13 91 361 400
39 14 46 43 162 400
42 4 13 12 81 400
13 8 31 25 123 400
30 22 7 10 163 400
88 37 59 29 361 400
3 61 19 82 241 400
46 46 42 14 362 400
59 65 50 37 161 400
53 28 40 6 203 400
30 45 37 17 203 400
25 43 7 61 362 400
57 38 51 69 361 400
2 43 35 40 242 400
26 60 58 65 321 400
89 84 58 89 322 400
79 37 95 58 241 400
6 38 14 66 202 400
0 2 17 22 2 400
35 2 56 18 41 400
12 45 10 80 201 400
69 39 94 27 241 400
27 9 29 43 42 400
55 76 45 50 322 400
34 8 5 15 42 400
37 95 54 75 321 400
60 90 33 99 362 400
18 24 49 19 42 400
82 77 90 49 322 400
84 43 72 18 361 400
10 9 40 2 201 400
13 26 40 16 41 400
8 50 18 23 81 400
91 21 62 13 241 400
35 61 45 35 202 400
26 30 33 0 161 400
17 85 32 64 122 400
76 43 47 51 281 400
47 53 18 61 321 400
1 1 33 6 2 400
71 58 99 49 361 400
21 18 37 39 41 400
51 40 56 8 281 400
75 43 56 25 241 400
26 70 43 90 241 400
49 25 62 49 81 400
44 44 79 45 122 400
42 12 13 4 81 400
74 35 62 11 322 400
57 16 27 22 82 400
10 26 37 36 321 400
22 18 45 31 42 400
21 17 10 42 42 400
1 2 10 29 3 400
26 58 61 57 122 400
33 43 62 36 202 400
66 58 87 74 161 400
4 38 12 10 42 400
7 16 29 1 281 400
0 2 8 31 2 400
10 27 40 20 41 400
47 48 46 13 322 400
19 26 47 34 162 400
0 2 34 5 2 400
2 88 19 69 202 400
19 14 21 49 121 400
17 24 0 4 41 400
83 11 59 24 241 400
43 36 58 57 82 400
58 65 94 64 361 400
61 3 58 37 321 400
0 37 20 20 121 400
74 57 45 65 361 400
64 43 32 46 283 400
20 19 55 21 41 400
26 26 42 47 81 400
64 45 42 59 242 400
72 29 53 11 281 400
1 81 32 76 202 400
52 14 55 48 161 400
22 62 51 69 282 400
36 5 71 7 41 400
37 16 45 45 361 400
35 7 20 28 42 400
61 17 35 6 161 400
32 37 57 49 121 400
92 46 59 50 241 400
0 2 12 27 2 400
31 12 52 28 201 400
57 94 55 59 361 400
1 2 18 21 3 400
1 1 33 6 2 400
43 77 79 76 161 400
65 39 51 16 161 400
79 62 56 76 281 400
41 35 36 3 81 400
21 44 56 42 121 400
86 64 87 99 282 400
1 40 34 36 41 400
25 41 7 60 321 400
85 84 53 89 281 400
54 46 77 33 282 400
1 1 13 26 2 400
34 35 42 6 361 400
28 9 28 45 322 400
1 1 1 38 2 400
21 63 48 73 161 400
63 21 48 43 321 400
39 19 56 39 161 400
28 13 22 44 41 400
9 32 21 57 41 400
1 17 22 1 161 400
0 4 16 23 4 400
22 11 57 13 121 400
1 1 21 18 2 400
34 29 46 52 203 400
15 26 28 50 41 400
86 41 86 78 281 400
47 96 46 60 281 400
40 45 54 22 281 400
28 43 41 67 361 400
4 37 18 60 41 400
65 28 66 63 322 400
23 14 44 30 121 400
39 19 55 40 161 400
33 52 7 41 201 400
21 55 19 90 81 400
58 94 86 85 161 400
21 30 53 26 82 400
32 27 66 30 361 400
30 25 4 36 121 400
66 45 69 11 201 400
89 18 73 37 203 400
33 45 46 69 161 400
95 28 75 13 283 400
31 38 50 56 121 400
73 83 94 99 241 400
15 58 35 75 281 400
65 87 80 65 321 400
25 11 15 37 42 400
58 16 58 53 161 400
26 23 61 24 162 400
70 1 92 16 361 400
22 63 51 71 361 400
4 62 4 99 321 400
16 79 35 97 281 400
88 53 53 55 281 400
65 92 35 99 361 400
45 5 70 15 163 400
8 49 1 19 121 400
60 10 49 36 81 400
41 79 73 83 122 400
56 20 42 43 81 400
26 80 46 63 161 400
90 48 93 82 161 400
56 81 82 70 361 400
8 51 21 75 281 400
1 1 16 23 2 400
4 36 27 22 81 400
19 14 2 33 82 400
37 59 47 86 321 400
32 62 15 42 161 400
39 22 15 34 82 400
0 3 8 31 3 400
57 68 90 65 322 400
27 9 55 17 42 400
42 12 68 22 362 400
19 88 44 76 361 400
4 53 37 56 162 400
45 86 38 56 361 400
16 21 52 20 41 400
20 23 36 42 43 400
34 91 56 76 281 400
42 52 17 40 241 400
29 13 24 45 161 400
9 41 38 49 81 400
28 9 32 42 41 400
54 2 57 36 321 400
29 73 10 55 321 400
37 41 9 32 321 400
1 1 36 3 2 400
12 15 25 38 242 400
74 8 73 42 83 400
1 1 37 2 2 400
2 50 12 24 202 400
0 2 25 14 2 400
65 30 69 61 123 400
32 29 51 47 201 400
11 23 5 54 81 400
90 51 62 60 361 400
0 3 22 17 3 400
48 38 12 39 241 400
80 34 58 48 362 400
42 50 22 66 282 400
42 40 34 69 241 400
61 34 90 26 281 400
28 92 17 66 321 400
20 32 34 55 161 400
96 28 79 46 323 400
60 72 65 40 241 400
38 17 65 7 201 400
6 33 19 57 41 400
47 14 20 24 281 400
61 21 64 55 321 400
47 39 25 54 161 400
2 1 24 15 3 400
75 37 52 50 122 400
58 53 53 85 281 400
88 72 74 49 241 400
28 96 26 62 282 400
4 37 38 40 41 400
72 31 48 18 121 400
35 37 42 7 81 400
42 4 20 18 122 400
14 62 5 34 81 400
12 45 9 79 201 400
59 64 53 33 281 400
41 20 29 44 82 400
4 2 21 22 81 400
23 18 18 50 41 400
11 30 8 64 361 400
53 20 29 7 201 400
46 31 14 27 82 400
52 68 30 83 321 400
20 23 34 45 82 400
0 2 8 31 2 400
13 93 44 97 243 400
65 69 38 60 282 400
87 38 63 49 363 400
15 54 36 70 201 400
0 2 7 32 2 400
18 35 45 25 201 400
1 1 22 17 2 400
36 35 14 50 121 400
30 19 41 44 162 400
44 84 48 51 241 400
46 11 44 46 361 400
69 55 87 37 282 400
67 39 60 69 321 400
40 36 69 28 81 400
1 1 34 5 2 400
30 90 47 71 282 400
3 5 8 37 81 400
9 38 44 36 121 400
15 16 39 29 121 400
76 78 40 77 241 400
73 47 41 52 321 400
32 23 20 48 281 400
14 34 48 37 321 400
8 73 39 67 201 400
63 50 36 60 121 400
1 56 18 76 121 400
27 49 4 35 81 400
25 34 30 3 242 400
60 51 54 20 361 400
13 58 48 59 322 400
57 77 58 41 321 400
41 63 50 91 321 400
65 58 76 84 361 400
57 39 70 62 362 400
15 5 31 26 161 400
57 64 59 29 361 400
22 15 58 14 41 400
69 60 74 30 283 400
43 7 32 31 163 400
54 77 18 76 361 400
49 73 23 62 241 400
14 18 39 28 163 400
1 1 34 5 2 400
74 65 86 90 361 400
31 11 50 29 81 400
27 15 42 36 42 400
44 41 49 11 203 400
38 65 17 81 121 400
71 57 81 84 321 400
29 55 29 19 362 400
33 95 8 83 321 400
54 60 32 75 321 400
61 54 64 20 361 400
86 14 62 25 163 400
53 25 40 49 321 400
21 21 52 15 161 400
16 50 20 17 81 400
26 75 15 49 121 400
2 35 16 58 121 400
28 79 3 67 361 400
68 5 33 6 82 400
54 65 22 70 201 400
57 25 51 54 163 400
39 67 39 30 321 400
64 6 78 29 321 400
16 25 9 55 41 400
10 27 35 39 121 400
65 55 73 27 282 400
48 74 70 59 241 400
50 53 32 34 201 400
19 25 54 26 122 400
60 14 57 47 282 400
60 4 85 16 161 400
22 19 25 53 41 400
69 43 36 46 122 400
5 32 22 52 41 400
0 2 33 6 2 400
45 34 26 16 121 400
27 17 19 46 161 400
35 50 37 16 162 400
18 40 30 15 81 400
13 24 31 43 121 400
89 19 75 42 321 400
80 32 53 22 161 400
53 31 76 45 321 400
24 16 50 6 122 400
83 19 81 54 321 400
59 89 92 85 241 400
78 40 97 58 161 400
98 59 87 85 201 400
29 11 19 37 42 400
35 2 55 17 43 400
63 55 61 90 321 400
2 1 16 23 3 400
27 14 18 42 41 400
36 5 38 40 41 400
67 21 49 2 241 400
22 70 51 63 122 400
64 65 28 66 201 400
15 59 37 74 81 400
72 34 36 35 321 400
2 45 36 48 121 400
1 40 29 49 121 400
89 50 64 38 361 400
46 80 58 56 282 400
2 1 31 8 3 400
15 26 51 27 41 400
62 51 49 73 203 400
32 66 20 42 282 400
26 40 57 34 81 400
45 70 59 93 281 400
16 58 51 56 161 400
41 33 36 1 81 400
55 25 53 59 202 400
22 88 42 71 321 400
14 27 19 59 41 400
19 56 25 86 82 400
81 50 59 65 361 400
18 25 35 43 43 400
12 38 27 16 81 400
10 19 2 46 203 400
42 68 34 96 122 400
20 50 37 30 321 400
35 48 20 27 322 400
48 85 49 49 201 400
65 11 71 42 81 400
16 41 45 49 281 400
66 75 31 77 281 400
10 83 24 60 281 400
50 97 66 76 361 400
36 19 62 9 242 400
5 54 39 52 242 400
39 45 23 64 323 400
1 1 28 11 2 400
0 2 15 24 2 400
0 2 21 18 2 400
36 14 52 34 202 400
2 1 4 35 3 400
27 22 35 51 281 400
30 80 17 57 202 400
93 69 71 54 241 400
39 76 17 91 121 400
16 61 27 36 162 400
0 2 6 33 2 400
32 3 32 38 43 400
0 2 0 39 81 400
7 7 27 22 83 400
27 55 30 22 122 400
48 45 68 62 281 400
1 1 14 25 2 400
98 17 78 34 281 400
11 29 21 2 161 400
21 84 8 60 201 400
32 10 24 38 122 400
32 46 27 78 161 400
22 85 24 50 201 400
21 53 17 20 81 400
33 59 43 33 122 400
10 66 39 74 241 400
0 2 11 28 2 400
1 1 34 5 2 400
60 21 33 31 281 400
44 57 13 51 121 400
12 27 23 53 41 400
51 25 41 52 81 400
48 46 48 81 243 400
1 2 17 22 3 400
0 2 29 10 2 400
2 55 37 54 162 400
74 25 48 35 322 400
44 45 37 74 242 400
4 89 24 72 281 400
24 75 50 85 322 400
4 44 6 9 81 400
96 96 75 80 321 400
11 27 41 33 42 400
7 41 6 77 241 400
21 15 37 35 42 400
8 5 34 16 121 400
38 73 41 39 121 400
54 60 79 48 241 400
67 12 65 47 361 400
63 45 63 82 161 400
58 60 83 72 321 400
1 1 30 9 2 400
1 1 13 26 2 400
62 48 31 52 163 400
37 2 12 14 121 400
42 76 33 49 362 400
34 5 31 39 41 400
67 44 36 48 123 400
50 38 75 27 202 400
32 4 27 36 241 400
41 28 54 51 322 400
0 2 34 5 2 400
6 70 29 56 161 400
8 65 24 85 82 400
1 44 35 47 121 400
35 46 61 56 162 400
27 47 52 35 241 400
87 52 86 16 281 400
58 72 35 84 323 400
2 2 24 15 4 400
5 72 5 36 82 400
39 86 28 60 361 400
0 3 34 1 3 400
1 1 18 21 2 400
57 13 23 16 81 400
3 36 36 40 41 400
1 2 14 25 3 400
61 24 41 41 281 400
58 35 61 1 361 400
32 43 50 61 242 400
13 72 18 40 281 400
41 65 25 44 321 400
70 53 56 76 281 400
85 2 99 25 121 400
67 44 33 47 121 400
11 78 1 52 322 400
43 99 22 83 241 400
55 63 68 40 202 400
85 57 68 77 321 400
66 32 44 17 321 400
34 18 25 46 241 400
1 1 33 6 2 400
38 12 26 37 81 400
21 59 54 55 81 400
25 64 32 36 123 400
70 56 38 51 241 400
81 52 53 44 242 400
9 7 45 6 81 400
40 12 33 41 362 400
83 65 49 63 362 400
27 46 56 38 361 400
26 84 38 60 122 400
58 21 44 43 82 400
38 53 25 29 121 400
47 60 34 36 121 400
1 1 14 25 2 400
53 6 88 5 322 400
36 35 41 67 281 400
33 36 47 58 242 400
33 43 39 12 161 400
68 21 72 54 281 400
35 6 19 25 203 400
84 68 72 93 321 400
23 18 31 47 41 400
18 10 20 45 321 400
22 3 31 31 201 400
23 69 49 58 241 400
49 79 69 96 161 400
8 73 44 74 281 400
56 18 72 38 122 400
40 37 59 20 322 400
29 8 58 0 41 400
21 20 44 32 203 400
56 37 64 8 201 400
0 3 19 20 3 400
2 58 25 72 161 400
0 2 25 14 2 400
50 64 16 61 241 400
55 49 73 31 202 400
45 80 32 57 162 400
28 13 5 27 41 400
48 83 43 52 322 400
29 52 26 85 82 400
0 3 14 25 3 400
10 17 26 36 203 400
31 43 10 59 241 400
78 26 64 3 161 400
37 41 60 55 161 400
16 30 31 51 122 400
64 63 46 82 281 400
70 64 34 63 161 400
9 30 39 37 41 400
42 27 70 36 361 400
18 16 49 20 83 400
83 29 61 43 202 400
25 28 36 2 121 400
2 1 9 30 3 400
39 31 39 68 81 400
27 36 12 57 322 400
11 40 13 5 121 400
63 68 40 55 322 400
18 53 46 44 281 400
42 18 24 37 81 400
78 21 79 57 361 400
2 1 23 16 3 400
68 67 49 51 363 400
71 36 89 17 281 400
61 93 66 61 241 400
21 15 36 36 42 400
1 2 11 28 3 400
14 93 40 82 121 400
30 44 40 71 161 400
77 14 65 38 162 400
24 42 57 38 81 400
60 55 26 52 121 400
85 15 58 25 321 400
63 55 82 37 241 400
96 14 93 46 243 400
23 13 31 41 42 400
41 35 53 10 81 400
1 1 14 25 2 400
48 45 55 15 361 400
58 85 41 67 283 400
0 2 11 28 2 400
3 32 24 48 121 400
23 37 25 72 81 400
0 3 31 8 3 400
38 42 7 48 161 400
42 9 13 17 281 400
94 25 96 60 281 400
56 39 87 45 121 400
34 51 45 77 201 400
93 18 78 39 162 400
56 47 53 80 322 400
92 15 77 35 283 400
19 1 46 9 243 400
45 14 59 36 82 400
61 52 92 48 203 400
31 43 58 53 321 400
34 33 5 25 201 400
16 24 8 52 42 400
13 28 21 57 41 400
15 24 35 41 41 400
36 7 43 35 123 400
52 5 25 14 242 400
1 3 23 16 4 400
1 1 11 28 2 400
10 14 24 35 243 400
56 47 66 74 361 400
43 14 30 37 322 400
58 12 61 46 161 400
25 32 12 9 162 400
36 40 59 26 81 400
50 77 44 46 361 400
31 46 29 11 121 400
7 58 35 49 121 400
15 22 18 55 242 400
16 60 48 55 81 400
42 45 46 13 162 400
2 2 14 25 4 400
47 65 19 57 362 400
0 2 25 14 2 400
66 4 77 28 83 400
20 1 21 36 322 400
87 29 82 61 321 400
31 33 43 58 241 400
44 2 74 9 81 400
19 55 34 75 83 400
60 64 38 50 362 400
11 26 15 59 121 400
42 3 49 32 82 400
8 29 43 31 41 400
53 47 77 34 161 400
31 24 48 6 363 400
82 42 50 37 241 400
1 1 33 6 2 400
41 88 10 93 162 400
6 1 31 13 121 400
17 24 2 2 41 400
40 54 19 69 122 400
1 1 5 34 2 400
60 64 86 75 161 400
28 66 7 82 161 400
36 28 23 4 321 400
59 92 53 62 322 400
20 65 39 47 361 400
76 50 70 80 282 400
21 39 9 63 362 400
22 15 35 39 41 400
63 55 94 61 321 400
96 62 87 89 362 400
1 1 1 38 2 400
8 29 35 39 41 400
26 73 1 62 322 400
11 73 46 72 202 400
41 81 30 55 161 400
30 58 62 54 202 400
61 53 37 66 241 400
92 71 68 58 201 400
56 59 70 82 281 400
18 10 26 38 362 400
0 2 29 10 2 400
17 58 17 93 203 400
1 1 11 28 2 400
8 33 32 44 43 400
19 48 32 25 322 400
52 55 71 38 242 400
21 15 57 16 241 400
76 16 69 46 321 400
33 29 54 45 321 400
80 85 79 50 242 400
47 33 47 69 122 400
23 37 45 50 323 400
18 47 13 16 322 400
35 39 22 63 81 400
69 22 33 23 281 400
1 1 13 26 2 400
40 75 46 44 201 400
60 34 35 22 161 400
44 41 52 12 361 400
17 22 5 47 41 400
43 27 13 22 83 400
28 37 60 42 361 400
79 68 70 96 361 400
23 14 56 10 41 400
53 39 23 44 243 400
43 24 63 41 281 400
50 28 39 3 362 400
8 59 19 34 322 400
66 91 67 55 361 400
79 70 94 48 281 400
85 55 59 66 241 400
28 87 58 94 281 400
48 72 47 36 321 400
31 97 7 84 241 400
62 56 75 32 161 400
33 21 27 51 122 400
35 50 21 28 242 400
44 73 78 70 281 400
33 64 11 49 361 400
62 94 38 82 362 400
58 14 59 50 81 400
20 17 11 45 41 400
61 82 70 54 201 400
26 37 0 26 121 400
10 25 31 39 43 400
1 2 34 5 3 400
59 23 56 57 241 400
63 50 44 32 201 400
1 46 16 24 361 400
4 68 31 76 323 400
0 2 35 4 2 400
52 21 83 16 82 400
22 42 43 27 122 400
50 23 73 10 82 400
67 48 50 68 361 400
61 17 53 46 81 400
48 29 59 54 242 400
54 54 20 52 282 400
15 88 32 68 361 400
27 11 50 24 42 400
2 1 8 31 3 400
7 30 24 50 41 400
31 8 38 38 41 400
3 32 34 26 121 400
42 55 73 61 281 400
0 57 31 51 201 400
50 19 50 56 281 400
32 5 2 12 41 400
61 29 64 62 362 400
67 41 73 11 202 400
30 52 40 79 241 400
16 26 6 0 42 400
18 35 44 26 283 400
5 57 38 61 241 400
2 1 6 33 3 400
50 25 85 27 201 400
11 21 4 50 122 400
51 35 64 58 362 400
87 22 53 25 361 400
1 1 37 2 2 400
20 34 36 13 81 400
1 2 11 28 3 400
87 46 63 35 203 400
36 5 8 14 121 400
27 15 23 46 163 400
16 21 15 57 41 400
30 5 21 31 43 400
43 86 44 50 281 400
34 55 65 61 121 400
23 12 20 44 43 400
12 31 31 49 121 400
16 46 32 67 81 400
0 32 29 38 83 400
43 75 39 42 241 400
19 48 0 31 162 400
43 48 33 23 203 400
3 38 10 8 41 400
16 22 38 7 161 400
0 69 3 36 322 400
79 32 78 68 201 400
66 30 66 66 122 400
29 50 31 84 162 400
13 38 15 4 322 400
75 52 50 40 201 400
41 64 35 95 201 400
25 72 20 41 162 400
42 33 13 26 82 400
18 19 31 41 283 400
46 88 26 72 202 400
14 55 29 33 121 400
42 30 77 28 81 400
53 15 71 33 202 400
55 77 30 65 321 400
50 64 42 36 282 400
36 5 25 31 41 400
39 43 63 31 202 400
57 29 86 23 243 400
94 37 71 23 201 400
65 26 82 45 322 400
32 5 11 21 41 400
31 44 28 77 82 400
62 84 80 65 321 400
70 59 93 73 281 400
10 12 16 42 122 400
46 74 70 87 241 400
1 1 19 20 2 400
37 3 40 37 81 400
43 73 75 68 161 400
76 52 71 21 362 400
8 35 22 58 121 400
24 14 15 41 122 400
23 16 9 39 41 400
0 2 23 16 2 400
49 24 56 53 82 400
12 35 44 30 121 400
7 30 34 20 41 400
16 47 45 55 281 400
33 40 12 55 82 400
81 28 71 55 121 400
21 41 54 37 321 400
58 31 55 65 281 400
82 64 97 42 321 400
82 46 60 61 321 400
27 52 58 58 281 400
14 24 39 13 42 400
33 29 7 19 202 400
8 18 44 17 241 400
88 74 68 57 321 400
48 30 60 7 163 400
51 36 74 50 361 400
41 10 11 17 201 400
6 13 0 43 82 400
28 48 61 52 81 400
1 1 29 10 2 400
1 2 36 1 3 400
52 23 23 15 201 400
17 31 18 67 241 400
46 1 58 24 123 400
80 34 58 19 321 400
33 42 2 37 82 400
0 2 0 39 2 400
36 59 12 47 322 400
80 44 92 69 161 400
38 72 34 40 122 400
29 6 35 36 82 400
1 2 35 0 3 400
7 23 18 49 241 400
36 3 32 36 41 400
33 0 39 31 121 400
84 94 53 88 321 400
9 24 19 49 363 400
57 26 23 29 361 400
12 29 45 33 41 400
67 3 39 11 122 400
40 53 11 59 363 400
46 45 37 17 201 400
91 18 73 36 242 400
1 3 11 28 4 400
34 58 52 40 202 400
89 46 85 79 361 400
21 15 22 51 241 400
5 11 36 17 161 400
32 43 11 28 82 400
0 2 8 31 2 400
43 48 57 26 162 400
1 1 36 3 2 400
75 28 42 24 361 400
37 82 1 81 281 400
0 2 36 1 2 400
56 57 74 39 322 400
23 53 22 89 81 400
28 20 47 2 161 400
57 83 91 80 161 400
1 1 37 2 81 400
30 14 30 51 161 400
12 63 47 64 82 400
43 33 49 64 81 400
37 88 57 71 281 400
31 49 42 75 81 400
11 6 39 15 121 400
38 85 41 51 361 400
7 34 7 71 41 400
1 1 5 34 2 400
26 90 57 95 122 400
20 78 42 93 161 400
42 96 67 85 202 400
33 4 32 40 41 400
95 59 79 38 321 400
51 87 55 55 362 400
10 73 35 61 281 400
30 40 9 24 241 400
32 3 28 36 41 400
94 62 63 68 241 400
51 75 74 62 282 400
38 66 23 44 161 400
1 2 16 23 3 400
60 18 33 28 321 400
90 50 90 86 282 400
35 44 63 53 121 400
69 59 59 32 161 400
38 3 60 18 121 400
27 64 34 35 322 400
1 2 7 32 3 400
33 24 67 27 121 400
28 18 24 50 282 400
61 9 71 35 282 400
23 74 20 40 201 400
81 2 67 25 281 400
39 37 65 26 81 400
43 43 8 42 202 400
1 2 23 16 3 400
36 37 29 67 361 400
24 46 41 66 161 400
42 64 66 77 241 400
5 34 38 31 162 400
56 81 39 61 361 400
1 3 27 12 4 400
53 61 79 72 241 400
1 1 21 18 2 400
0 2 16 23 2 400
14 35 15 71 361 400
0 3 28 11 3 400
35 2 4 6 43 400
31 5 46 26 42 400
58 27 53 58 322 400
62 9 97 11 361 400
35 28 21 51 361 400
18 48 52 47 163 400
0 2 24 15 2 400
27 9 54 18 42 400
26 35 23 69 361 400
3 38 9 69 41 400
24 17 31 47 41 400
55 55 75 40 163 400
42 34 44 69 81 400
0 3 5 34 3 400
34 57 19 78 242 400
41 82 49 53 281 400
41 40 29 16 242 400
0 2 17 22 2 400
74 3 40 1 82 400
52 71 26 82 361 400
26 41 19 69 203 400
88 93 75 69 201 400
72 81 41 76 322 400
21 26 48 16 121 400
57 14 59 48 242 400
32 82 64 86 282 400
49 8 26 21 242 400
90 27 88 62 361 400
22 48 51 41 202 400
4 36 10 6 42 400
27 5 44 25 321 400
79 4 76 38 281 400
60 26 61 62 161 400
48 62 35 86 321 400
86 37 64 52 281 400
20 53 36 73 82 400
28 9 25 43 41 400
46 43 72 54 121 400
54 39 42 64 281 400
33 25 41 54 321 400
47 5 80 9 81 400
58 88 81 75 362 400
41 55 73 60 321 400
57 1 70 24 282 400
32 48 36 15 161 400
63 44 78 66 281 400
98 65 82 44 201 400
8 34 18 8 42 400
1 1 8 31 2 400
24 14 43 31 42 400
15 22 15 59 121 400
27 15 28 50 42 400
51 38 51 1 201 400
60 71 70 45 242 400
7 31 31 19 122 400
22 68 56 71 321 400
15 29 49 27 122 400
60 30 53 58 163 400
79 61 51 70 321 400
29 42 63 43 123 400
50 30 15 28 241 400
28 68 63 70 241 400
15 57 33 75 122 400
55 61 19 60 321 400
35 2 68 6 41 400
19 70 35 90 242 400
55 43 44 17 321 400
27 40 8 58 121 400
1 1 17 22 2 400
10 35 33 49 361 400
61 15 67 44 163 400
16 21 29 45 121 400
29 42 14 63 162 400
12 35 38 24 201 400
33 8 8 20 41 400
84 57 56 65 322 400
81 84 74 55 322 400
41 13 20 29 81 400
1 1 10 29 2 400
9 27 42 30 42 400
21 66 34 88 363 400
24 52 8 32 122 400
25 41 1 28 81 400
47 35 28 17 321 400
20 96 22 61 241 400
22 63 38 42 281 400
77 54 86 82 361 400
9 35 44 34 362 400
0 2 22 17 2 400
39 33 62 19 161 400
0 2 6 33 2 400
44 76 55 51 122 400
0 80 1 44 321 400
0 2 29 10 2 400
36 50 43 21 202 400
22 43 22 80 121 400
29 13 2 23 81 400
7 82 31 69 361 400
89 25 67 10 321 400
75 11 88 35 321 400
20 37 33 61 201 400
23 40 12 14 281 400
50 43 84 46 281 400
32 42 15 61 202 400
1 1 16 23 2 400
17 63 51 60 161 400
49 61 57 89 282 400
44 61 19 71 283 400
44 23 20 35 82 400
25 14 19 43 123 400
4 70 7 36 321 400
24 26 10 5 163 400
15 21 15 57 42 400
9 94 18 66 201 400
41 27 14 19 83 400
35 43 51 22 81 400
65 15 32 19 241 400
41 37 59 56 81 400
1 2 35 0 3 400
38 73 66 82 121 400
54 45 86 50 201 400
34 54 13 68 163 400
2 2 34 5 4 400
94 81 85 53 201 400
13 35 44 40 362 400
25 2 22 36 121 400
42 38 63 22 241 400
36 4 25 29 202 400
9 27 39 33 42 400
35 53 11 40 321 400
36 10 17 28 81 400
42 39 39 6 322 400
7 5 29 20 241 400
54 21 84 16 203 400
11 46 32 31 162 400
54 39 33 54 242 400
83 67 91 38 241 400
37 29 25 54 241 400
37 63 7 69 122 400
56 21 32 34 201 400
46 91 29 73 283 400
35 43 1 46 81 400
10 44 10 7 241 400
51 80 52 44 361 400
72 40 59 63 122 400
74 35 85 59 283 400
16 75 13 41 361 400
20 69 5 47 281 400
64 53 87 40 242 400
17 24 40 38 41 400
59 20 43 41 361 400
21 16 44 2 41 400
33 26 53 43 121 400
64 10 80 31 81 400
43 18 48 49 242 400
64 29 55 56 242 400
28 44 53 56 241 400
86 87 62 74 361 400
63 6 62 40 203 400
49 12 19 18 162 400
48 30 82 27 81 400
95 24 63 20 162 400
48 30 33 52 81 400
1 1 20 19 2 400
31 1 45 24 161 400
69 19 50 2 202 400
30 10 59 18 81 400
34 5 0 8 41 400
0 2 30 9 2 400
31 7 24 36 42 400
89 89 67 74 321 400
46 63 56 90 121 400
45 33 13 38 241 400
1 1 28 11 2 400
13 24 19 55 41 400
42 55 28 77 322 400
82 59 60 74 361 400
43 26 43 63 361 400
76 46 50 35 161 400
0 3 10 29 3 400
18 10 38 27 81 400
31 39 12 21 81 400
35 10 45 36 322 400
36 28 58 13 321 400
49 4 54 36 281 400
8 13 40 17 162 400
58 41 25 37 201 400
19 57 42 43 321 400
0 3 27 12 3 400
57 38 88 44 281 400
22 40 32 13 81 400
40 26 73 30 241 400
1 1 20 19 2 400
39 27 64 39 241 400
3 1 5 34 4 400
26 10 13 33 42 400
47 13 50 47 321 400
75 41 95 24 321 400
1 2 30 9 3 400
36 17 30 48 121 400
75 48 47 41 363 400
19 18 13 49 41 400
25 39 61 38 241 400
68 85 80 60 281 400
45 86 41 53 361 400
22 14 47 3 42 400
40 77 22 95 242 400
12 61 45 64 82 400
80 49 95 71 361 400
81 56 66 34 361 400
19 19 47 10 161 400
22 18 10 42 42 400
6 34 24 15 321 400
63 3 27 2 81 400
18 23 10 52 41 400
23 84 0 70 121 400
22 84 37 64 163 400
31 42 47 62 82 400
65 96 86 80 361 400
18 67 50 62 361 400
63 65 98 63 161 400
73 31 94 15 321 400
19 30 14 61 82 400
54 7 18 8 361 400
25 22 60 20 281 400
44 91 25 75 283 400
81 81 66 59 321 400
54 74 76 88 282 400
75 27 57 9 202 400
43 27 19 40 81 400
97 65 83 42 321 400
44 65 43 29 281 400
46 64 62 85 161 400
27 57 39 33 202 400
1 1 7 32 2 400
68 37 41 45 363 400
4 36 13 64 81 400
18 2 28 29 241 400
42 55 49 27 283 400
38 86 6 91 241 400
19 56 18 92 281 400
21 24 31 51 121 400
52 76 17 74 321 400
16 30 6 4 202 400
51 54 67 75 281 400
0 4 27 12 4 400
23 82 35 57 121 400
46 35 81 33 361 400
0 2 12 27 2 400
52 67 39 43 201 400
11 30 30 12 41 400
7 32 43 33 41 400
0 2 22 17 2 400
27 24 14 48 201 400
15 50 37 36 242 400
31 55 63 59 202 400
26 7 38 32 121 400
23 43 52 50 362 400
49 25 29 9 362 400
28 38 44 59 81 400
2 12 12 39 161 400
3 1 4 35 4 400
41 29 7 32 161 400
20 74 9 49 122 400
6 35 39 39 121 400
60 17 84 28 283 400
31 20 51 37 121 400
11 13 26 35 81 400
20 62 52 66 362 400
54 35 86 39 162 400
57 68 92 70 201 400
83 4 80 36 123 400
87 52 75 77 281 400
34 55 38 87 322 400
54 92 65 66 161 400
66 30 47 14 243 400
46 64 79 67 122 400
36 45 26 72 361 400
51 64 17 61 121 400
20 29 36 8 281 400
1 3 9 30 4 400
10 26 20 52 42 400
32 6 6 16 42 400
95 39 66 46 362 400
8 36 34 47 241 400
30 5 56 14 43 400
26 48 60 47 243 400
25 47 16 19 81 400
26 35 20 66 201 400
79 33 58 18 122 400
30 44 52 31 83 400
25 26 5 9 121 400
5 7 12 37 161 400
17 25 40 38 122 400
36 13 24 38 201 400
56 57 40 78 121 400
24 48 31 78 241 400
67 63 42 73 163 400
0 3 6 33 3 400
7 34 34 44 41 400
1 1 17 22 2 400
10 29 44 26 41 400
49 17 63 40 161 400
40 51 33 81 281 400
12 5 12 42 121 400
47 55 52 86 282 400
59 28 66 57 162 400
77 26 74 60 201 400
87 39 68 57 321 400
64 53 58 22 201 400
22 82 15 52 161 400
15 35 42 25 241 400
10 45 5 13 201 400
50 24 32 43 81 400
89 30 54 28 361 400
91 41 67 54 241 400
30 44 29 80 321 400
4 54 15 80 321 400
25 16 6 34 41 400
63 30 70 0 281 400
36 66 2 64 202 400
98 22 92 51 163 400
0 37 15 15 41 400
91 78 91 41 201 400
1 1 9 30 2 400
60 15 47 38 162 400
83 66 74 40 363 400
15 68 25 93 363 400
13 24 42 16 41 400
39 41 71 36 81 400
35 6 51 27 201 400
34 2 9 13 122 400
42 22 7 20 161 400
2 1 30 9 3 400
51 58 43 87 121 400
46 41 57 66 322 400
85 44 98 21 322 400
8 31 38 24 281 400
25 29 57 34 161 400
2 1 22 17 3 400
52 23 41 48 82 400
5 85 32 75 321 400
19 72 22 40 203 400
6 33 38 28 41 400
1 1 18 21 2 400
3 36 22 20 123 400
51 73 51 38 323 400
42 73 27 51 121 400
7 34 26 16 41 400
3 38 23 55 41 400
8 54 22 31 81 400
5 6 31 16 322 400
47 75 79 72 163 400
40 13 73 17 281 400
17 36 28 62 281 400
1 1 17 22 2 400
32 83 51 99 363 400
68 45 32 44 361 400
23 42 20 9 322 400
11 30 39 39 41 400
38 26 68 19 241 400
67 57 88 72 282 400
64 12 28 13 321 400
77 36 75 2 322 400
48 52 38 25 161 400
50 50 23 42 243 400
44 97 16 88 361 400
95 36 73 51 281 400
54 66 65 40 161 400
37 52 7 59 201 400
57 71 62 39 161 400
0 43 25 31 121 400
99 25 72 34 282 400
30 53 53 39 201 400
52 81 47 49 361 400
87 38 87 75 281 400
21 19 41 35 42 400
20 16 15 47 42 400
78 44 56 58 202 400
33 4 16 24 41 400
28 6 55 14 83 400
1 1 20 19 2 400
26 24 14 0 202 400
33 60 7 70 322 400
52 40 80 49 321 400
2 1 5 34 3 400
68 44 36 49 321 400
53 53 74 69 161 400
1 1 17 22 2 400
22 54 26 21 241 400
18 26 46 35 241 400
35 91 62 81 161 400
94 40 89 72 241 400
84 75 84 38 281 400
46 58 50 25 321 400
19 47 36 28 282 400
83 21 52 26 202 400
29 29 34 60 122 400
21 43 33 18 81 400
7 41 21 64 161 400
31 53 50 71 241 400
47 10 12 12 201 400
43 43 37 13 282 400
27 41 23 9 282 400
60 76 88 85 321 400
40 7 39 43 121 400
27 13 14 37 321 400
22 93 23 57 281 400
94 74 62 79 321 400
53 87 42 61 321 400
34 56 39 25 202 400
21 30 55 33 121 400
83 74 57 85 361 400
49 78 28 94 281 400
10 29 41 23 41 400
38 57 33 88 162 400
73 1 50 15 321 400
0 3 21 18 3 400
14 48 8 79 161 400
62 83 82 66 201 400
45 44 66 60 121 400
5 94 23 77 283 400
25 17 23 52 81 400
45 8 30 30 121 400
62 25 86 12 201 400
65 68 65 31 361 400
24 62 38 85 321 400
6 36 26 20 42 400
61 50 90 43 322 400
95 47 81 70 321 400
55 60 51 93 361 400
4 32 33 25 42 400
0 2 27 12 2 400
44 98 50 67 241 400
31 33 15 54 81 400
1 13 35 16 81 400
58 55 74 76 121 400
56 46 84 37 321 400
64 30 94 25 323 400
38 11 59 25 123 400
70 30 96 41 321 400
11 31 31 48 161 400
49 25 18 21 163 400
46 27 27 44 242 400
44 29 23 45 281 400
60 49 44 70 281 400
1 1 22 17 2 400
27 91 50 78 362 400
0 4 2 37 4 400
70 81 70 44 201 400
24 54 19 24 83 400
97 37 92 69 161 400
35 37 22 13 81 400
74 71 65 99 201 400
14 54 38 42 202 400
41 37 54 13 161 400
8 56 43 54 161 400
22 19 50 10 41 400
45 32 38 61 162 400
11 40 29 21 201 400
42 77 63 93 361 400
48 75 24 88 201 400
84 39 67 59 361 400
65 64 62 30 361 400
72 39 81 13 123 400
37 76 45 47 281 400
23 23 54 28 362 400
35 27 61 38 161 400
56 15 59 49 121 400
32 85 38 54 201 400
22 46 47 34 81 400
69 61 34 63 321 400
30 11 17 35 41 400
52 35 74 49 162 400
0 2 28 11 2 400
0 2 35 0 2 400
29 21 4 33 81 400
49 62 83 65 201 400
0 2 22 17 2 400
29 19 51 32 323 400
0 3 5 34 3 400
0 3 16 23 3 400
46 29 64 11 162 400
43 24 36 54 361 400
79 83 48 88 362 400
36 59 44 30 361 400
19 32 16 65 322 400
9 50 41 53 203 400
0 2 0 39 2 400
0 41 12 66 41 400
10 65 2 93 82 400
9 48 37 40 242 400
45 18 19 29 281 400
34 45 16 63 82 400
74 78 68 47 321 400
39 1 65 11 42 400
15 91 45 86 243 400
8 33 34 44 41 400
30 11 13 31 41 400
55 35 21 38 161 400
37 33 61 20 161 400
1 1 25 14 2 400
60 61 87 71 201 400
19 21 12 50 202 400
70 32 84 11 243 400
33 64 68 62 281 400
69 64 53 44 322 400
59 61 48 35 321 400
51 36 43 8 242 400
50 68 44 99 321 400
40 35 11 28 242 400
1 3 20 19 4 400
49 14 33 35 361 400
58 11 94 12 361 400
5 1 14 27 83 400
62 16 87 28 81 400
88 27 77 52 322 400
2 2 28 11 4 400
3 19 20 38 122 400
23 14 41 33 41 400
47 31 60 7 241 400
22 36 6 15 241 400
56 46 70 23 321 400
86 15 92 46 201 400
79 48 94 26 281 400
53 86 50 52 361 400
41 31 51 58 81 400
68 31 77 59 361 400
31 10 62 4 41 400
49 76 16 80 281 400
30 50 55 62 161 400
36 31 57 47 361 400
60 82 68 54 362 400
89 84 55 81 361 400
2 52 23 36 241 400
17 14 53 15 281 400
45 23 56 49 241 400
37 39 72 37 81 400
2 1 8 31 3 400
44 84 70 94 282 400
36 38 15 54 81 400
28 76 36 47 161 400
0 2 32 7 2 400
54 45 48 16 283 400
67 35 87 52 241 400
20 91 4 72 283 400
18 65 50 62 283 400
61 45 94 42 282 400
10 91 25 71 123 400
70 31 36 28 201 400
57 36 82 24 201 400
19 22 26 52 201 400
1 1 28 11 2 400
40 74 74 76 202 400
33 43 67 40 81 400
16 21 43 11 41 400
44 34 14 40 362 400
65 55 65 90 323 400
36 16 35 51 122 400
40 61 71 56 322 400
32 9 43 35 41 400
28 9 28 46 41 400
1 55 15 32 161 400
53 48 62 20 281 400
21 40 33 15 361 400
43 68 39 36 162 400
41 41 34 11 321 400
34 14 48 36 362 400
1 2 4 35 3 400
8 24 27 7 122 400
5 35 40 36 362 400
32 45 28 12 121 400
66 49 96 42 121 400
40 38 36 5 161 400
0 2 7 32 2 400
55 19 88 23 81 400
2 2 17 22 4 400
23 14 37 37 41 400
88 49 80 78 281 400
36 6 16 22 42 400
20 5 45 16 322 400
34 87 56 73 322 400
30 0 57 9 282 400
39 32 71 27 201 400
11 44 31 27 201 400
22 38 34 13 241 400
94 52 88 21 161 400
11 30 42 36 41 400
3 35 15 10 161 400
48 36 65 55 202 400
20 2 9 28 81 400
55 58 62 87 322 400
43 20 56 42 363 400
1 1 12 27 2 400
25 45 1 58 161 400
10 45 33 31 201 400
17 21 6 46 42 400
50 48 65 70 241 400
1 1 5 34 2 400
40 29 68 37 242 400
59 30 84 42 201 400
52 9 30 24 121 400
30 7 64 10 201 400
33 82 37 49 121 400
0 3 2 37 3 400
30 13 20 40 121 400
58 8 50 37 81 400
48 34 23 23 122 400
38 3 73 1 41 400
11 54 35 67 121 400
1 1 35 4 2 400
2 62 25 76 241 400
14 41 39 53 201 400
34 75 41 45 361 400
56 63 51 94 242 400
45 17 17 8 161 400
31 45 2 53 81 400
83 45 72 19 321 400
16 64 47 59 362 400
24 18 42 36 42 400
1 41 36 39 241 400
38 7 5 10 82 400
16 42 9 72 161 400
6 33 26 16 41 400
1 1 1 38 2 400
34 7 70 6 41 400
0 2 32 7 2 400
48 79 22 68 361 400
1 1 36 3 2 400
11 77 37 87 202 400
43 70 57 92 242 400
46 59 22 72 281 400
0 2 18 21 2 400
20 22 4 42 42 400
0 2 5 34 2 400
33 43 27 12 321 400
11 39 9 4 321 400
49 34 71 49 361 400
61 55 76 77 321 400
37 5 29 33 42 400
37 44 27 18 242 400
71 81 78 51 321 400
47 10 38 37 82 400
21 84 33 59 121 400
9 6 26 25 162 400
85 14 76 42 281 400
85 48 84 13 242 400
9 30 2 60 41 400
36 45 1 43 201 400
1 1 23 16 2 400
15 25 37 11 42 400
90 73 72 54 281 400
34 40 5 32 161 400
6 33 9 67 201 400
25 3 1 15 122 400
45 77 21 64 321 400
51 21 67 0 81 400
26 39 21 71 281 400
50 17 27 3 281 400
41 52 9 57 361 400
12 9 9 42 82 400
9 30 27 11 41 400
49 67 46 99 163 400
1 2 21 18 3 400
32 30 21 4 161 400
24 0 57 4 241 400
43 47 11 42 161 400
0 2 7 32 2 400
0 2 6 33 2 400
1 1 14 25 2 400
39 27 7 31 202 400
83 30 66 10 281 400
76 78 58 95 163 400
0 37 20 20 41 400
73 77 86 53 241 400
86 25 74 0 281 400
76 75 84 47 322 400
21 51 15 21 122 400
13 7 13 43 122 400
11 44 21 17 201 400
24 17 59 15 361 400
0 32 7 3 42 400
54 50 41 26 321 400
30 12 35 43 42 400
32 92 34 58 282 400
33 46 13 63 201 400
1 1 28 11 2 400
22 68 53 64 323 400
52 70 44 98 202 400
43 49 41 15 362 400
32 27 9 14 82 400
8 15 32 2 121 400
17 63 8 90 122 400
8 6 25 26 81 400
55 25 63 54 321 400
54 21 62 50 281 400
58 74 24 71 241 400
9 33 11 68 161 400
39 71 46 42 122 400
76 29 97 13 121 400
11 44 43 49 281 400
83 41 50 45 241 400
13 19 27 42 321 400
53 55 73 72 241 400
39 37 71 42 81 400
75 26 54 41 242 400
43 20 64 4 121 400
20 40 20 76 362 400
42 20 30 44 202 400
17 22 37 5 41 400
88 48 71 68 321 400
49 27 48 63 161 400
70 1 87 21 361 400
66 84 66 47 161 400
56 2 92 3 321 400
51 48 59 77 361 400
98 18 82 39 321 400
82 37 86 4 361 400
96 84 92 51 321 400
46 29 67 44 82 400
18 58 13 90 81 400
41 31 11 38 81 400
8 71 12 38 281 400
1 1 33 6 2 400
44 16 9 18 321 400
92 60 74 42 202 400
61 23 85 10 321 400
86 22 86 59 161 400
1 2 1 38 3 400
1 40 35 43 41 400
9 60 1 32 82 400
50 59 59 32 322 400
37 30 57 13 121 400
66 27 67 63 201 400
1 35 5 2 81 400
63 89 84 74 282 400
2 1 8 31 3 400
45 27 27 8 161 400
48 70 46 35 321 400
1 2 6 33 3 400
35 65 52 45 321 400
36 67 36 30 361 400
83 96 68 75 322 400
2 1 16 23 3 400
39 9 57 28 241 400
64 40 81 59 202 400
15 56 45 49 121 400
87 20 67 37 201 400
74 58 99 69 202 400
58 5 60 40 201 400
52 88 52 52 202 400
27 10 37 37 41 400
0 3 9 30 3 400
17 37 15 72 161 400
17 68 31 46 242 400
33 95 55 80 321 400
16 58 24 86 362 400
56 79 90 82 361 400
49 30 58 3 162 400
7 30 27 47 41 400
35 42 7 34 82 400
89 73 58 67 321 400
59 7 59 44 161 400
35 3 33 37 362 400
6 31 41 29 41 400
1 1 7 32 2 400
0 3 1 38 3 400
25 67 18 37 161 400
56 33 32 46 201 400
40 35 11 43 121 400
30 35 9 20 162 400
1 1 31 8 2 400
0 2 3 36 2 400
14 27 33 45 41 400
53 24 35 5 361 400
50 6 42 33 323 400
73 59 39 61 362 400
41 72 31 45 361 400
58 42 90 47 241 400
19 7 28 35 241 400
57 54 29 47 363 400
10 50 20 77 81 400
12 40 16 73 161 400
68 2 85 21 122 400
15 38 45 43 123 400
39 81 15 68 321 400
64 42 78 19 321 400
20 57 16 24 121 400
36 84 66 78 362 400
75 30 91 51 281 400
67 41 84 21 321 400
42 91 19 77 281 400
67 78 84 98 361 400
42 59 52 85 242 400
73 59 67 90 241 400
24 47 35 22 82 400
0 2 17 22 2 400
0 2 3 36 2 400
0 2 0 39 2 400
13 55 19 24 161 400
45 33 14 28 122 400
34 38 3 32 81 400
53 56 58 25 162 400
59 23 45 45 202 400
34 40 17 20 81 400
18 11 11 40 82 400
1 1 6 33 2 400
5 38 15 65 281 400
51 84 79 75 361 400
54 9 31 21 123 400
19 48 50 54 201 400
16 23 11 55 41 400
61 20 42 2 201 400
15 8 40 20 201 400
55 42 89 45 361 400
37 35 61 47 282 400
22 65 56 68 361 400
77 54 58 72 361 400
1 1 34 5 2 400
22 74 50 65 321 400
1 26 24 14 123 400
57 15 79 30 81 400
48 33 52 65 82 400
62 66 43 48 161 400
0 2 16 23 2 400
32 74 20 98 362 400
1 1 0 37 2 400
92 5 66 16 361 400
3 1 21 18 4 400
1 2 12 27 3 400
65 21 88 35 321 400
51 16 64 40 121 400
27 72 55 80 242 400
92 75 82 48 281 400
65 7 61 40 241 400
12 25 26 48 41 400
94 97 65 89 281 400
69 67 60 94 362 400
25 82 39 59 121 400
54 48 34 32 122 400
60 49 30 42 281 400
67 27 33 30 321 400
43 28 33 54 162 400
1 34 5 66 82 400
84 63 83 28 242 400
21 44 32 18 361 400
1 1 37 0 2 400
72 14 38 15 323 400
36 40 8 31 81 400
61 28 70 2 123 400
30 81 1 88 162 400
15 22 34 40 281 400
44 93 78 96 361 400
47 38 31 59 361 400
17 24 2 46 41 400
28 11 18 38 41 400
22 93 50 85 322 400
75 81 41 80 243 400
57 96 65 68 322 400
0 6 2 41 81 400
41 27 44 59 83 400
0 2 28 11 2 400
26 33 32 64 361 400
70 7 93 21 121 400
48 16 54 47 161 400
34 46 43 74 81 400
2 1 27 12 3 400
4 47 22 29 82 400
0 3 8 31 3 400
64 5 73 33 201 400
29 7 12 26 42 400
31 21 2 27 323 400
20 14 51 19 122 400
11 28 32 44 201 400
37 25 48 49 243 400
55 57 45 30 241 400
71 81 47 68 321 400
44 37 10 40 361 400
95 26 59 25 281 400
53 30 44 4 283 400
0 2 33 6 2 400
76 33 79 67 121 400
28 44 19 16 81 400
1 2 20 19 3 400
49 10 46 43 322 400
82 30 52 36 202 400
24 38 22 3 321 400
5 88 3 53 361 400
29 41 46 21 81 400
76 43 96 26 361 400
65 5 51 28 241 400
39 22 56 41 242 400
5 49 11 80 161 400
10 77 44 78 203 400
74 95 41 91 201 400
94 58 68 67 323 400
9 17 2 46 122 400
35 44 27 15 281 400
55 58 53 93 121 400
38 30 37 66 81 400
62 85 97 87 361 400
35 53 16 35 241 400
9 85 44 87 161 400
40 27 54 4 281 400
0 2 3 36 2 400
78 45 78 8 201 400
20 76 38 95 321 400
30 19 56 29 162 400
54 24 35 6 321 400
17 24 40 10 41 400
41 11 33 40 81 400
6 10 35 2 241 400
1 3 23 16 4 400
81 71 67 92 243 400
60 10 46 33 321 400
13 45 32 63 161 400
54 57 86 61 242 400
56 51 35 67 281 400
14 23 15 59 41 400
45 88 76 82 361 400
41 31 19 18 83 400
39 64 6 61 242 400
83 10 60 22 283 400
73 55 68 87 241 400
37 45 55 28 243 400
43 47 43 11 282 400
25 14 33 43 41 400
15 65 50 64 362 400
1 3 22 17 4 400
57 40 59 6 242 400
0 2 35 0 2 400
51 44 70 62 361 400
12 82 44 85 323 400
61 3 81 20 81 400
51 31 61 58 161 400
78 63 42 64 361 400
20 74 50 79 323 400
54 29 41 53 281 400
4 49 35 55 201 400
11 12 11 49 201 400
22 61 53 55 121 400
72 40 42 46 122 400
96 37 77 20 162 400
71 70 59 46 242 400
64 27 79 6 242 400
44 5 65 20 322 400
70 34 37 31 362 400
42 19 32 45 82 400
72 20 73 56 161 400
0 43 2 76 43 400
1 2 22 17 3 400
28 87 64 88 121 400
18 59 44 70 201 400
56 58 61 89 202 400
32 4 21 29 42 400
45 0 60 22 281 400
41 27 12 21 323 400
7 62 22 41 322 400
68 53 78 80 201 400
4 33 9 63 43 400
17 20 51 17 41 400
31 66 67 67 121 400
80 12 65 34 161 400
58 61 25 58 322 400
7 33 25 52 81 400
35 42 4 36 281 400
80 62 56 75 161 400
33 28 43 55 361 400
36 92 10 82 282 400
31 63 14 83 161 400
64 49 82 67 322 400
46 15 23 1 201 400
61 45 81 61 282 400
36 7 7 15 121 400
6 26 9 60 241 400
9 62 40 68 281 400
11 25 33 39 282 400
64 68 40 56 282 400
37 38 40 5 82 400
42 13 52 39 322 400
11 24 38 32 43 400
30 9 51 25 41 400
66 68 78 43 161 400
2 1 2 37 3 400
78 6 45 2 241 400
1 1 21 18 2 400
44 28 11 26 163 400
88 84 82 54 202 400
2 0 33 6 81 400
1 1 13 26 2 400
2 1 1 36 3 400
62 37 87 49 201 400
24 38 59 40 81 400
73 58 37 59 201 400
36 61 13 74 242 400
37 11 65 2 321 400
65 22 32 18 361 400
51 70 38 94 281 400
67 60 67 23 281 400
19 57 33 36 163 400
51 42 28 28 121 400
37 40 66 33 82 400
89 50 81 22 162 400
7 56 7 92 82 400
0 2 11 28 2 400
3 34 34 40 41 400
35 50 57 35 361 400
40 85 41 49 361 400
56 25 72 45 162 400
34 3 33 39 41 400
49 62 21 53 201 400
60 66 79 83 282 400
0 3 18 21 3 400
74 42 40 41 323 400
71 87 69 53 202 400
35 41 54 59 321 400
57 62 72 42 283 400
63 87 51 63 202 400
44 35 80 36 281 400
30 26 34 59 241 400
59 37 51 10 163 400
2 1 24 15 3 400
33 42 64 36 121 400
0 2 29 10 2 400
77 23 44 25 243 400
22 1 53 7 201 400
1 1 11 28 2 400
26 12 45 30 81 400
75 31 80 63 321 400
27 89 7 72 161 400
25 13 58 16 42 400
26 63 14 38 121 400
6 33 40 31 82 400
18 40 16 74 202 400
18 76 28 51 243 400
49 52 26 66 121 400
55 50 82 40 361 400
93 48 99 17 281 400
50 30 62 6 202 400
8 34 7 70 321 400
8 68 15 98 241 400
72 13 42 20 121 400
53 4 31 18 82 400
36 2 10 12 42 400
53 50 39 73 121 400
63 17 67 50 81 400
57 11 55 46 81 400
60 58 71 83 362 400
56 2 31 13 362 400
72 52 56 31 321 400
1 41 34 44 42 400
8 83 7 49 203 400
22 16 54 21 81 400
71 21 71 57 362 400
42 65 15 56 242 400
7 72 12 41 162 400
42 15 37 47 281 400
61 72 49 47 201 400
85 40 80 71 322 400
26 69 57 63 281 400
18 48 52 51 81 400
29 35 53 23 282 400
59 34 27 29 121 400
22 15 0 30 41 400
4 9 32 1 82 400
1 97 15 75 122 400
22 78 56 81 321 400
0 2 25 14 2 400
14 9 43 2 82 400
73 43 71 10 163 400
36 42 3 46 321 400
30 21 50 38 121 400
51 39 59 68 161 400
30 11 37 41 41 400
30 8 62 4 42 400
16 35 47 41 121 400
4 39 11 67 43 400
1 1 28 11 2 400
14 22 25 47 42 400
72 8 48 20 362 400
21 18 4 38 41 400
24 4 46 18 202 400
42 60 29 36 161 400
38 39 9 46 162 400
42 17 22 1 242 400
59 38 33 49 121 400
16 2 43 11 122 400
66 72 82 93 321 400
12 70 36 82 202 400
20 56 20 19 81 400
31 11 64 14 42 400
5 35 34 27 321 400
1 44 21 27 121 400
28 19 9 37 201 400
96 42 94 8 362 400
66 63 44 49 242 400
71 53 44 43 321 400
5 49 15 22 161 400
15 26 40 14 41 400
36 26 10 37 321 400
2 37 38 38 41 400
73 40 81 11 121 400
19 67 33 90 161 400
65 31 65 67 282 400
26 16 38 40 42 400
51 29 85 30 163 400
11 69 14 36 282 400
61 8 86 19 162 400
68 6 60 35 81 400
45 72 62 91 322 400
66 78 68 43 241 400
11 60 33 74 82 400
2 1 15 24 3 400
12 60 45 64 321 400
49 90 19 97 361 400
7 30 29 15 41 400
27 47 26 11 241 400
19 38 47 29 201 400
37 71 10 81 241 400
33 34 37 2 322 400
24 12 56 16 42 400
60 51 68 80 121 400
14 31 44 25 322 400
18 97 50 93 322 400
17 58 34 77 82 400
93 84 75 65 281 400
63 48 76 24 201 400
55 81 77 67 362 400
62 30 48 52 122 400
19 18 43 31 41 400
24 74 41 55 282 400
16 76 41 86 323 400
20 54 39 36 81 400
2 35 26 46 43 400
37 52 26 78 121 400
12 30 40 22 42 400
79 71 56 85 321 400
42 52 69 43 362 400
2 1 32 7 3 400
54 27 76 12 121 400
1 2 20 19 3 400
19 7 25 38 161 400
40 56 29 82 161 400
75 27 48 36 202 400
16 55 8 27 242 400
61 56 86 68 121 400
41 12 8 8 201 400
27 10 10 30 201 400
33 25 3 18 321 400
57 86 60 53 322 400
56 10 24 15 241 400
85 69 53 74 161 400
53 26 21 29 123 400
64 18 89 28 323 400
2 1 13 26 3 400
59 23 43 43 362 400
50 68 51 32 321 400
24 60 21 94 161 400
83 48 62 32 361 400
68 30 98 37 241 400
64 97 65 62 242 400
82 47 58 34 361 400
23 95 0 83 163 400
19 31 39 14 321 400
2 1 10 29 3 400
82 49 84 15 242 400
32 32 17 54 161 400
90 37 82 8 281 400
47 67 67 83 202 400
60 88 45 66 241 400
60 4 65 35 282 400
17 59 47 66 161 400
34 3 49 25 121 400
1 1 15 24 2 400
0 38 4 70 42 400
84 5 87 39 281 400
1 39 3 5 122 400
62 83 45 63 281 400
50 19 26 32 121 400
6 33 30 20 41 400
17 57 15 92 81 400
58 55 73 77 121 400
68 43 45 57 361 400
57 42 44 18 281 400
75 5 67 33 282 400
29 6 1 13 283 400
1 16 18 35 322 400
18 37 51 33 361 400
13 28 19 59 41 400
28 11 14 34 41 400
56 26 27 18 241 400
60 22 47 44 323 400
63 37 81 55 362 400
21 57 51 50 81 400
34 37 27 8 162 400
29 32 59 39 281 400
26 11 58 16 41 400
62 89 45 69 361 400
0 2 24 15 2 400
3 15 8 47 81 400
22 20 35 43 42 400
19 46 5 69 201 400
69 28 69 64 242 400
53 32 48 63 162 400
2 2 33 6 4 400
20 3 49 10 82 400
4 53 16 28 281 400
17 73 45 81 122 400
1 1 1 38 2 400
29 10 61 15 41 400
35 91 40 60 202 400
44 76 73 84 321 400
55 60 21 59 123 400
0 2 21 18 2 400
27 15 62 16 42 400
1 35 27 45 42 400
18 43 48 50 361 400
63 51 51 76 321 400
34 77 29 45 201 400
2 39 4 74 41 400
31 45 39 74 161 400
32 82 37 50 321 400
42 30 41 66 81 400
92 41 94 7 242 400
17 5 6 31 161 400
36 4 56 20 282 400
60 66 65 35 282 400
1 38 26 26 121 400
9 28 21 3 41 400
28 14 57 21 42 400
30 59 61 53 281 400
60 35 52 64 281 400
27 35 49 50 81 400
67 83 44 70 202 400
18 56 10 84 282 400
61 64 41 81 281 400
33 42 54 58 201 400
84 74 75 46 321 400
1 72 22 87 162 400
30 9 61 15 41 400
1 2 29 10 3 400
27 11 28 46 42 400
57 56 53 88 322 400
31 6 47 27 41 400
60 37 95 39 121 400
62 25 55 54 242 400
90 50 65 62 321 400
47 36 25 21 281 400
64 48 48 28 122 400
23 26 2 10 121 400
94 43 71 56 162 400
1 1 16 23 2 400
0 2 0 39 2 400
55 15 25 22 161 400
32 29 58 19 242 400
60 5 25 4 82 400
10 40 10 3 321 400
0 2 19 20 2 400
63 37 88 49 241 400
61 48 95 45 281 400
4 38 7 71 122 400
1 1 24 15 2 400
26 55 61 56 162 400
6 35 22 14 41 400
27 57 32 89 241 400
1 1 30 9 2 400
57 41 69 66 321 400
1 1 20 19 2 400
0 2 14 25 2 400
1 3 26 13 4 400
0 2 7 32 2 400
84 9 57 19 361 400
40 30 69 22 161 400
18 21 27 49 41 400
23 16 9 39 41 400
10 14 0 41 81 400
51 61 21 68 241 400
43 30 28 50 363 400
70 86 51 68 321 400
66 50 50 29 241 400
24 18 57 15 42 400
58 46 53 77 282 400
43 31 10 27 161 400
81 39 80 3 241 400
25 19 4 35 321 400
23 20 36 42 43 400
98 67 89 94 242 400
2 1 5 34 3 400
83 25 52 31 241 400
2 34 34 38 42 400
20 90 23 57 282 400
36 69 2 72 121 400
14 36 23 64 161 400
46 40 58 64 122 400
40 34 55 56 81 400
18 18 49 23 42 400
76 21 87 47 201 400
0 2 10 29 2 400
21 10 54 14 361 400
12 3 46 1 162 400
17 31 38 15 81 400
28 52 47 35 202 400
56 85 43 61 281 400
54 50 28 61 321 400
83 67 84 31 241 400
54 45 77 58 162 400
35 43 54 61 81 400
14 26 15 61 42 400
0 2 29 10 2 400
3 45 29 34 161 400
50 61 28 74 123 400
81 10 60 26 121 400
25 14 38 38 41 400
31 86 34 52 201 400
34 41 63 33 281 400
26 46 12 23 81 400
14 19 24 46 201 400
13 60 44 66 361 400
60 18 84 30 202 400
2 71 24 57 82 400
64 19 62 53 242 400
46 29 13 33 281 400
43 33 30 57 161 400
42 34 38 67 81 400
18 39 18 75 82 400
82 27 58 40 281 400
73 70 53 86 242 400
12 52 31 35 122 400
87 15 54 19 241 400
34 5 68 8 41 400
5 63 29 75 122 400
0 39 16 18 41 400
78 62 62 82 362 400
34 5 53 23 41 400
45 46 45 83 121 400
77 60 74 93 162 400
2 2 10 29 4 400
46 33 49 67 281 400
41 63 29 88 321 400
62 10 80 29 81 400
8 5 38 11 162 400
49 57 61 33 122 400
23 33 53 38 323 400
20 62 36 82 202 400
56 57 30 46 121 400
6 70 35 63 202 400
16 20 48 16 42 400
35 7 51 28 81 400
61 34 95 32 242 400
49 26 53 59 281 400
48 68 69 52 161 400
26 10 60 8 42 400
1 3 9 30 4 400
19 22 54 20 41 400
2 1 17 22 3 400
51 78 86 76 281 400
1 1 35 4 2 400
1 2 3 36 3 400
41 39 59 20 241 400
51 19 22 26 362 400
51 29 87 30 81 400
85 28 55 33 123 400
57 82 78 96 203 400
81 61 60 77 241 400
38 19 16 6 123 400
1 1 25 14 2 400
27 29 34 57 163 400
47 70 29 89 281 400
54 82 82 91 321 400
98 40 91 70 321 400
33 73 64 67 161 400
5 30 23 47 43 400
0 2 24 15 2 400
86 31 84 66 201 400
45 16 57 39 123 400
55 21 41 44 161 400
67 27 93 38 321 400
80 66 82 31 161 400
6 68 22 89 241 400
0 2 14 25 2 400
27 24 18 52 121 400
26 50 54 41 81 400
29 58 26 24 201 400
45 60 80 58 201 400
44 47 75 52 322 400
2 1 32 7 3 400
32 89 20 64 281 400
82 7 54 14 123 400
41 62 20 78 361 400
29 50 16 27 162 400
20 19 30 46 41 400
56 1 47 29 121 400
0 2 27 12 2 400
51 73 72 89 161 400
57 15 61 48 241 400
77 39 48 32 282 400
70 81 44 91 162 400
71 51 93 36 161 400
35 51 59 63 362 400
0 2 13 26 2 400
49 35 49 71 282 400
82 22 95 45 122 400
63 60 28 58 361 400
57 70 45 94 242 400
8 56 20 79 243 400
82 32 85 65 202 400
26 13 62 12 41 400
45 19 72 29 241 400
59 89 42 71 323 400
33 70 9 83 121 400
75 43 64 68 362 400
15 36 31 15 361 400
42 67 43 31 121 400
17 10 49 5 201 400
49 25 14 23 81 400
40 14 65 26 81 400
30 92 63 94 323 400
47 42 38 70 281 400
75 43 67 71 282 400
29 12 1 3 41 400
22 48 45 36 83 400
13 63 11 97 362 400
25 55 51 66 161 400
24 15 34 42 41 400
36 33 48 9 162 400
82 47 62 32 283 400
48 56 43 25 282 400
6 68 41 66 81 400
42 32 42 69 81 400
4 37 3 1 41 400
0 3 9 30 3 400
31 22 9 8 162 400
0 3 18 21 3 400
9 12 34 1 82 400
71 13 84 37 321 400
0 2 31 8 2 400
35 38 29 9 283 400
67 63 59 35 362 400
52 56 17 58 161 400
32 48 33 14 83 400
79 43 76 9 161 400
35 83 45 56 241 400
22 20 40 2 42 400
10 26 18 54 42 400
27 18 38 44 121 400
0 33 14 56 121 400
17 11 36 29 321 400
17 68 3 91 281 400
20 60 33 36 161 400
24 3 8 24 361 400
23 20 24 54 43 400
58 28 80 14 362 400
24 13 49 25 41 400
20 65 55 67 201 400
17 29 33 50 321 400
84 28 66 9 241 400
36 52 11 41 282 400
15 59 18 92 362 400
55 56 28 46 281 400
22 19 26 50 43 400
64 2 77 26 161 400
59 53 45 31 122 400
25 14 4 29 322 400
1 2 27 12 3 400
19 22 48 30 41 400
39 42 23 61 363 400
57 31 27 25 122 400
78 39 68 12 361 400
3 1 37 0 4 400
0 4 11 28 4 400
59 29 63 61 362 400
51 20 23 28 82 400
2 1 35 4 3 400
53 41 45 69 202 400
39 39 63 26 321 400
56 91 23 87 281 400
49 62 45 94 242 400
15 84 3 59 201 400
49 92 51 57 361 400
19 23 0 6 42 400
34 44 2 39 81 400
30 14 14 34 122 400
13 35 35 20 161 400
57 81 29 90 321 400
38 66 62 79 321 400
6 35 12 4 41 400
19 75 22 43 323 400
36 58 32 91 241 400
53 99 32 83 161 400
1 2 30 9 3 400
35 19 51 40 81 400
37 69 22 90 282 400
32 34 66 31 161 400
1 68 18 49 322 400
55 73 90 72 362 400
24 17 34 44 281 400
31 38 34 4 201 400
26 14 55 21 362 400
77 14 48 6 201 400
50 19 30 3 242 400
25 69 57 64 161 400
35 12 18 32 201 400
13 22 38 10 121 400
67 55 48 72 202 400
64 6 94 13 241 400
1 2 35 4 3 400
1 3 0 37 4 400
22 17 34 42 41 400
70 11 57 35 201 400
72 12 99 3 362 400
32 40 17 18 81 400
34 5 46 30 121 400
27 35 60 32 122 400
17 64 25 37 283 400
58 55 61 21 361 400
59 15 76 35 81 400
88 47 58 54 281 400
14 27 50 28 41 400
86 73 92 42 201 400
38 65 38 28 281 400
45 52 79 50 242 400
21 66 52 60 201 400
20 85 9 61 283 400
20 37 0 54 121 400
0 2 23 16 2 400
19 84 43 71 281 400
26 8 35 36 241 400
19 84 35 63 361 400
34 41 38 73 82 400
14 23 25 49 41 400
1 2 18 21 3 400
27 45 21 14 81 400
20 49 11 21 201 400
34 56 20 78 202 400
55 39 85 46 161 400
54 31 85 36 242 400
60 91 78 72 361 400
20 32 51 27 362 400
38 38 57 56 81 400
6 33 35 27 43 400
35 1 64 8 42 400
1 1 4 35 2 400
9 92 43 94 162 400
12 45 0 70 201 400
27 51 60 47 241 400
77 24 67 49 203 400
0 2 31 8 81 400
23 40 17 71 361 400
39 78 60 63 242 400
54 39 62 68 121 400
45 21 19 32 81 400
65 68 42 80 283 400
33 44 52 60 283 400
67 27 67 63 122 400
23 31 52 23 81 400
0 2 35 0 2 400
87 30 57 37 121 400
47 34 33 11 361 400
55 9 50 41 241 400
37 3 26 28 42 400
84 14 49 16 241 400
42 49 74 54 121 400
62 57 72 84 201 400
1 1 15 24 2 400
68 46 98 53 161 400
78 93 56 79 322 400
8 31 18 4 41 400
12 11 27 33 201 400
79 32 79 69 281 400
50 26 38 1 321 400
60 29 35 41 361 400
73 90 43 97 201 400
43 13 27 34 161 400
39 47 43 15 122 400
23 51 19 84 81 400
82 57 75 28 242 400
33 4 15 23 41 400
62 4 42 21 241 400
1 1 23 16 2 400
46 36 19 28 83 400
36 34 46 61 81 400
65 53 47 72 241 400
45 22 59 45 121 400
40 0 75 2 241 400
38 60 20 41 321 400
54 17 68 39 82 400
65 59 62 25 241 400
70 73 80 98 363 400
17 12 27 39 121 400
24 13 14 40 41 400
6 62 22 41 81 400
87 45 68 28 202 400
1 1 28 11 2 400
56 27 38 46 201 400
39 48 71 44 242 400
21 21 16 52 42 400
19 76 51 81 281 400
44 29 48 61 162 400
87 97 71 76 321 400
20 21 42 6 41 400
0 41 7 70 242 400
93 9 59 7 362 400
20 32 55 34 161 400
14 59 3 33 121 400
83 24 84 60 281 400
5 33 17 57 42 400
4 26 31 36 81 400
71 41 51 24 321 400
61 36 71 63 201 400
30 6 4 16 42 400
70 41 55 19 121 400
12 12 1 38 81 400
17 26 47 31 43 400
55 31 49 61 202 400
49 64 47 98 242 400
46 32 33 56 81 400
10 41 22 66 201 400
80 75 58 60 201 400
0 3 14 25 3 400
33 2 13 17 43 400
42 59 32 86 281 400
36 73 11 61 121 400
68 41 84 62 281 400
27 10 22 42 41 400
59 1 43 22 81 400
92 34 99 4 321 400
35 78 32 44 121 400
6 69 37 74 162 400
73 76 52 91 162 400
30 23 34 55 242 400
22 32 49 41 202 400
38 30 23 52 161 400
32 76 61 69 282 400
0 2 14 25 2 400
16 65 42 76 121 400
57 60 71 83 281 400
0 2 26 13 2 400
18 21 44 32 41 400
32 48 32 13 163 400
64 90 56 61 161 400
37 4 3 1 41 400
1 1 5 34 2 400
58 42 29 49 202 400
30 49 43 73 201 400
7 20 23 0 162 400
8 36 28 20 122 400
38 9 72 11 82 400
80 71 86 40 361 400
