18 216 85 294 260 15 156 174 282 50 89 48 101 10 112 154 206 94 169 
20 167 0 249 148 137 290 63 213 214 271 61 160 6 25 201 205 196 256 208 132 
22 180 212 259 136 273 200 129 224 28 241 146 111 140 235 5 16 223 71 262 233 84 257 
20 116 296 159 227 285 79 96 244 295 3 163 76 131 98 265 126 272 49 274 183 
23 168 275 88 162 95 225 18 57 21 29 204 121 11 147 90 283 138 266 78 155 143 153 173 
22 54 75 276 193 218 261 245 188 39 40 239 68 197 237 70 287 242 176 47 229 293 175 
25 34 41 4 246 203 107 60 226 277 128 217 157 253 117 23 42 119 31 106 228 279 97 1 211 151 
24 108 103 24 133 150 38 113 91 102 202 82 27 73 83 124 255 292 141 215 30 240 178 77 2 
22 87 80 210 92 74 198 232 230 284 185 207 22 269 93 118 139 20 51 12 251 135 247 
23 184 164 72 62 144 187 267 166 172 222 64 158 191 177 190 81 248 250 152 297 37 189 165 
19 99 8 286 127 56 125 53 32 14 243 114 45 264 55 59 194 278 149 130 
19 110 7 299 220 58 105 44 281 122 26 209 291 289 280 17 120 186 69 9 
12 134 13 171 254 268 236 181 182 192 288 270 52 
9 161 263 19 86 298 219 67 231 46 
5 258 35 115 104 123 
3 170 199 145 
3 109 238 142 
2 195 43 
1 66 
1 252 
1 100 
1 0 
1 216 
1 167 
1 0 
1 180 
1 116 
1 296 
1 168 
1 54 
1 34 
1 108 
1 85 
1 275 
1 87 
1 41 
1 184 
1 164 
1 249 
1 99 
1 212 
1 110 
1 88 
1 75 
1 103 
1 80 
1 72 
1 4 
1 8 
1 7 
1 294 
1 148 
1 134 
1 162 
1 259 
1 159 
1 286 
1 246 
1 299 
1 203 
1 24 
1 133 
1 210 
1 62 
1 161 
1 127 
1 13 
1 260 
1 276 
1 136 
1 220 
1 92 
1 95 
1 58 
1 137 
1 290 
1 227 
1 193 
1 15 
1 218 
1 273 
1 150 
1 285 
1 225 
1 107 
1 74 
1 144 
1 56 
1 105 
1 18 
1 171 
1 187 
1 263 
1 38 
1 63 
1 125 
1 156 
1 261 
1 60 
1 200 
