3 0 136 142 
7 1 2 3 4 20 181 9311 
3 5 6 939 
5 7 8 59 224 5672 
4 9 144 557 1038 
4 10 12 170 247 
4 11 13 231 626 
4 14 18 263 976 
5 15 16 70 295 1134 
5 17 25 31 321 464 
9 19 21 22 27 33 56 298 616 1150 
6 23 58 82 325 465 3569 
9 24 26 34 36 49 86 327 1006 2508 
4 28 38 60 89 
10 29 30 37 42 44 51 107 329 343 1212 
8 32 39 43 54 108 391 1019 1410 
10 35 40 45 62 68 111 234 392 1139 6870 
8 41 46 50 63 73 131 398 1558 
9 47 52 53 71 79 176 316 406 1300 
11 55 57 64 65 72 75 99 188 424 638 1929 
13 61 66 67 77 80 87 123 197 401 430 472 1247 2117 
7 69 74 76 78 94 101 240 
6 81 83 96 140 251 437 
7 84 85 90 104 110 143 218 
10 88 91 93 114 132 145 296 431 675 2163 
9 92 97 103 116 124 148 302 590 1646 
11 95 100 105 112 125 158 182 317 566 710 8022 
11 98 102 106 122 139 160 167 204 360 722 3346 
12 109 115 121 126 154 162 165 221 432 737 2208 8744 
8 113 118 129 179 228 258 447 1009 
7 117 119 120 130 133 134 180 
10 127 137 149 185 191 259 443 757 1020 6111 
10 128 138 151 155 192 236 301 707 1343 8789 
11 135 141 153 195 205 229 383 587 759 1261 1378 
11 146 147 163 171 198 237 246 308 455 795 1948 
12 150 152 156 173 207 265 371 635 758 1210 1418 2813 
6 157 159 174 685 1510 2658 
10 161 175 183 220 269 314 535 994 2169 9005 
9 164 169 177 184 226 289 679 1001 1569 
12 166 168 172 178 186 213 264 299 349 579 1226 2225 
12 187 189 194 201 270 307 421 749 778 2055 4103 8907 
14 190 193 196 214 217 287 323 436 729 790 906 1547 2273 8850 
9 199 202 223 312 341 794 1254 2276 7223 
13 200 208 215 216 227 291 324 390 540 770 998 3458 5586 
14 206 210 230 232 250 335 336 407 410 491 662 796 1003 2627 
12 209 225 235 238 253 337 345 427 598 805 3097 8280 
10 211 239 260 309 346 351 438 811 1304 4891 
7 212 233 262 362 469 807 6520 
12 219 241 242 305 340 373 429 488 818 2130 3204 8939 
11 222 243 331 358 367 440 669 910 2441 2897 9476 
9 244 255 261 334 389 828 1559 8301 9472 
11 245 249 256 288 393 452 602 690 980 1082 2509 
11 248 252 257 347 404 411 562 637 840 1722 3618 
10 254 274 276 339 413 480 623 762 962 2664 
10 266 272 278 344 416 479 648 797 1055 3259 
10 267 275 279 322 418 597 667 1084 1088 4662 
13 268 271 280 282 293 359 426 522 650 702 1137 1887 3380 
11 273 277 281 283 333 441 446 756 1141 1207 2530 
9 284 285 356 363 460 555 763 1204 3021 
8 286 304 361 451 466 705 831 1562 
9 290 292 294 310 791 845 1293 1705 8941 
11 297 300 319 338 370 468 644 746 898 1318 3617 
4 303 306 1087 2755 
9 311 320 385 420 486 926 1306 2586 8124 
11 313 342 357 414 471 504 526 783 901 1015 8908 
12 315 318 348 350 433 449 478 532 792 1052 1359 3883 
13 326 330 352 366 450 496 571 593 810 948 1823 2544 7049 
13 328 332 353 384 503 564 725 755 900 1115 1653 2659 4243 
10 354 355 386 470 520 573 822 1093 1923 4538 
6 364 548 844 1191 1230 2049 
11 365 399 405 487 551 620 899 1095 1290 1805 3985 
7 368 456 505 630 913 1287 1439 
12 369 387 434 500 521 569 664 927 1147 1454 1718 2597 
12 372 374 395 453 525 570 603 712 1064 1472 2271 4124 
14 375 376 377 412 467 556 574 642 834 937 1312 1456 2848 7304 
10 378 382 473 528 588 879 1060 1522 2691 7825 
10 379 490 495 558 747 869 1043 1341 2724 9312 
10 380 402 510 577 625 652 1014 1488 2019 2840 
3 381 388 492 
11 394 396 408 534 591 631 944 1180 1701 3032 7441 
11 397 463 501 512 539 604 764 1074 1573 2770 4120 
7 400 403 425 484 515 605 766 
11 409 415 454 517 547 609 781 804 1118 2134 8636 
13 417 422 444 509 518 545 621 651 955 1148 1677 2818 8185 
11 419 458 527 600 653 788 1077 1327 2203 4186 5841 
13 423 428 459 523 536 537 628 785 911 1195 1614 2845 5571 
11 435 461 538 589 632 673 966 1120 1576 1931 4846 
6 439 462 543 619 641 4622 
8 442 475 485 544 561 634 647 835 
8 445 448 494 516 575 654 706 1022 
8 457 507 508 576 663 668 681 820 
5 474 476 1962 3402 5244 
13 477 481 497 514 550 581 687 861 1059 1234 1579 3043 3969 
12 482 483 524 592 682 717 932 1133 1278 1602 3120 8712 
14 489 493 506 531 542 582 676 721 860 1128 1288 1642 3631 7820 
12 498 529 546 586 594 727 765 919 1149 1295 1652 3643 
9 499 618 684 743 750 1021 1301 1758 3289 
13 502 552 553 612 686 703 784 1086 1377 2286 2322 3279 6479 
12 511 560 599 613 760 829 848 971 1158 1350 1841 2983 
12 513 559 584 614 723 882 1173 1403 1570 2090 2618 5173 
13 519 530 572 578 624 693 827 885 1112 1408 1909 3313 9243 
8 533 595 639 701 735 838 891 1114 
13 541 554 565 596 617 629 670 728 731 745 858 925 1018 
15 549 567 601 607 659 678 694 748 868 903 915 1129 1699 3562 7173 
12 563 636 683 738 752 960 1144 1425 1826 2227 3386 7714 
7 568 608 611 643 680 771 773 
7 580 615 633 688 787 981 1190 
18 583 627 640 645 649 689 732 786 814 904 1028 1202 1514 1892 2410 3880 7481 8519 
11 585 646 674 692 733 798 1044 1419 1473 2243 3528 
14 606 610 655 657 695 801 824 878 995 1452 1865 2862 3286 7058 
15 622 656 660 691 698 803 888 931 1070 1231 1497 1898 2540 3588 8572 
16 658 661 665 671 704 711 714 806 813 1039 1184 1479 2280 3064 4592 8371 
9 666 724 742 884 1085 1536 1939 3857 5501 
13 672 696 697 708 715 736 812 917 988 1213 1544 2677 3737 
16 677 699 709 716 740 809 815 1007 1076 1219 1581 1951 3110 4047 4955 8874 
12 700 718 744 850 1032 1063 1127 1279 1585 1958 2922 5108 
7 713 720 751 754 836 851 923 
6 719 772 774 841 941 978 
12 726 730 753 775 776 855 954 1080 1225 1586 2964 3619 
15 734 739 761 767 777 800 859 963 1017 1036 1091 1185 1427 3478 8120 
11 741 779 863 870 1099 1242 1336 1599 2238 3408 7241 
11 768 780 793 875 1049 1122 1280 1633 3480 4268 8069 
12 769 782 799 877 968 1083 1126 1303 1961 3069 3812 6185 
11 789 802 808 866 905 1108 1356 2032 4145 8036 8429 
11 816 887 972 1089 1161 1398 1683 1972 2449 3589 5543 
11 817 819 909 940 1103 1285 1680 1966 2773 4987 6494 
13 821 833 889 914 973 1107 1172 1467 1731 2073 3218 3664 7390 
10 823 826 847 852 943 2408 4156 7138 7855 8738 
11 825 830 843 857 894 983 1131 1367 2138 3514 5020 
11 832 862 916 974 1092 1153 1482 1809 2172 5606 8363 
7 839 853 865 912 964 1056 1284 
12 842 846 867 880 970 1025 1156 1334 1641 2185 2609 5370 
7 849 872 1619 1983 3107 3586 6467 
12 854 871 890 918 985 1157 1366 1658 2100 3690 5538 8612 
12 856 876 893 924 996 1162 1354 1698 2113 2200 3825 8717 
7 864 881 883 928 1011 1174 1344 
11 873 997 1033 1205 1362 1594 2157 2221 3723 7681 8528 
11 874 886 897 936 958 1053 1151 1216 2007 5665 9794 
14 892 895 921 929 991 1035 1155 1241 1374 1669 2152 2839 3994 5723 
12 896 930 934 946 1026 1196 1244 1490 1969 2312 3724 4241 
12 902 907 938 999 1068 1238 1390 1952 2170 2289 4013 6063 
2 908 1000 
7 920 922 947 1027 2337 4042 8147 
13 933 942 949 953 1029 1057 1124 1258 1495 2210 2224 2463 8364 
12 935 952 959 1031 1072 1164 1243 1380 1663 2411 4865 7559 
13 945 950 967 1012 1034 1163 1214 1270 1379 1728 2211 2457 3755 
10 951 969 1037 1404 1507 1600 1847 2819 4158 8195 
11 956 979 1041 1094 1249 1360 1549 1636 2300 4292 9956 
14 957 965 977 987 1042 1119 1333 1481 2253 2864 4319 7035 8684 8897 
15 961 975 982 990 1004 1047 1165 1183 1274 1445 1617 1751 3749 6933 8480 
13 984 993 1008 1050 1136 1167 1268 1437 1645 2287 3093 3892 6221 
12 986 1016 1065 1171 1237 1347 1552 1903 2103 2329 3850 8865 
7 989 992 1045 1058 1187 1385 1545 
10 1002 1073 1116 1224 1397 1426 1938 2326 3347 6342 
10 1005 1010 1023 1517 1665 1837 2376 4091 7238 7980 
12 1013 1030 1046 1048 1061 1582 2252 2321 3255 4338 7001 9876 
13 1024 1051 1071 1078 1265 1401 1478 2145 2456 3975 7111 8232 9887 
9 1040 1054 1062 1069 1075 1253 1298 1413 1546 
7 1066 1067 2516 4348 5629 7824 8775 
14 1079 1081 1096 1123 1125 1262 1329 1442 2193 2610 3284 4374 7969 9196 
11 1090 1098 1130 1229 1405 1483 1662 2133 2926 4750 7288 
13 1097 1100 1101 1104 1132 1321 1462 1726 2423 3185 4725 7348 8582 
5 1102 1109 1117 1140 4177 
13 1105 1106 1110 1145 1316 1400 1484 1802 2492 3929 6623 7527 9931 
11 1111 1143 1506 1812 2196 3012 4553 5253 6890 8091 9753 
11 1113 1121 1146 1440 1575 1801 2161 2277 3229 4803 5859 
8 1135 1361 1520 1739 2219 2554 2608 4929 
12 1138 1142 1152 1154 1340 1351 1432 1542 1813 2656 4127 7953 
1 1159 
11 1160 1176 1217 1291 1358 1526 1788 2259 2794 4432 8669 
10 1166 1235 1370 1434 1540 1825 2421 3500 5063 7181 
12 1168 1188 1236 1373 1498 1556 1868 2606 3264 4133 6260 9637 
11 1169 1179 1199 1266 1375 1571 1848 2298 4018 4716 7615 
16 1170 1175 1181 1193 1255 1275 1289 1574 1849 2592 3518 4350 5125 7133 7950 9215 
13 1177 1182 1197 1277 1388 1577 1881 1935 2786 3535 5697 7783 9776 
11 1178 1198 1283 1371 1451 1607 1899 2623 3620 7264 8942 
12 1186 1189 1203 1286 1477 1608 1808 2679 3543 3984 5398 7192 
6 1192 1744 1893 2698 5174 9390 
10 1194 1211 1248 1296 1409 1659 1991 2814 5029 6676 
16 1200 1201 1220 1264 1307 1382 1457 1616 1675 1940 2821 3335 4160 6315 7371 9850 
10 1206 1308 1357 1423 1661 1694 2013 2502 4799 8098 
12 1208 1416 1446 1615 1708 2046 2521 2598 2880 4277 5225 7833 
11 1209 1215 1246 1795 2307 2583 3400 4790 5415 7166 9417 
14 1218 1222 1232 1257 1310 1449 1505 1703 2064 2847 4606 5504 8196 8770 
14 1221 1239 1259 1314 1463 1548 1648 1759 2094 2594 3042 4911 5720 6775 
10 1223 1245 1250 1271 1317 1322 1554 1798 2080 2669 
10 1227 1233 1256 1282 1320 1444 1578 1691 1954 2448 
14 1228 1240 1263 1292 1328 1342 1596 1704 1877 2310 2683 3559 6258 7201 
14 1251 1252 1281 1297 1337 1345 1469 1621 1712 1793 2098 2697 4281 7069 
11 1260 1294 1299 1383 1485 1657 1878 2361 2940 4311 6127 
3 1267 1302 1339 
12 1269 1272 1309 1368 1387 1486 1678 1713 2593 3887 7795 9766 
16 1273 1276 1311 1330 1389 1394 1493 1610 1915 2301 2671 2961 3656 5939 6439 8057 
10 1305 1313 1319 1858 2067 2458 2843 3111 6993 8211 
14 1315 1323 1324 1325 1348 1395 1450 1533 1742 2014 2474 3134 5944 6717 
14 1326 1331 1338 1396 1435 1502 1623 1928 2114 2730 3591 5682 7008 8267 
13 1332 1346 1364 1402 1535 1730 1754 2165 2767 3126 3679 6559 8861 
4 1335 1349 1376 5891 
15 1352 1391 1392 1420 1468 1566 1611 1732 1987 2391 2703 3238 3903 7039 8171 
13 1353 1355 1393 1424 1516 1567 1618 1737 2070 2806 5230 6417 8905 
10 1363 1365 1411 1606 1687 1760 2096 3014 4320 8235 
13 1369 1417 1471 1538 1764 2223 2318 2833 3378 3712 5273 6453 9250 
8 1372 1381 1936 2353 3080 3611 5896 7302 
13 1384 1386 1412 1428 1513 1632 1766 2251 3035 3405 3858 5631 7115 
5 1399 3046 4951 5953 8269 
17 1406 1415 1431 1501 1572 1673 1895 2339 2628 2914 3172 3860 5854 6458 6461 7537 8887 
14 1407 1421 1422 1448 1519 1650 1765 2136 2764 3224 3848 5942 6271 6603 
12 1414 1429 1461 1499 1604 1706 2490 2905 3522 3838 5179 6766 
9 1430 1433 1534 1622 1717 1807 1927 2491 3288 
12 1436 1464 1525 1696 1811 2005 2460 2908 3665 5265 6539 8463 
12 1438 1441 1455 1466 1551 1672 1821 2877 3327 3928 5988 6917 
3 1443 1470 1555 
12 1447 1453 1504 1590 1654 1829 2182 2564 2998 5072 6405 9532 
7 1458 1541 1591 1597 1707 1917 1998 
9 1459 1592 1629 1671 1816 2002 2435 3028 5646 
12 1460 1475 1539 1624 1666 2001 2372 2550 3688 5978 7349 9354 
6 1465 1476 1568 1626 6595 8152 
14 1474 1480 1598 1649 1711 2028 2069 2446 2604 3113 4185 5280 6490 7175 
13 1487 1531 1656 1668 1719 1775 2066 2188 2643 3304 4296 5390 6817 
15 1489 1491 1494 1532 1612 1670 1950 2050 2266 2689 3041 3719 5775 6632 7881 
13 1492 1496 1521 1561 1682 1916 2083 2629 3184 3718 5318 6294 7395 
13 1500 1509 1584 1681 1690 1763 2262 2734 3095 3390 5046 6291 9759 
15 1503 1511 1589 1603 1702 1740 1780 2092 2450 3310 3781 4909 5817 6314 8100 
14 1508 1523 1638 1714 1727 1769 1894 2194 2827 3520 3791 5791 6569 7826 
11 1512 1518 1529 1836 1971 2120 2588 2815 3687 4069 7038 
12 1515 1524 1537 1639 1720 1749 1957 2249 2836 4057 5471 7625 
15 1527 1550 1553 1679 1736 1750 1828 1919 2302 3180 3780 4332 5974 6112 8308 
15 1528 1530 1557 1565 1595 1688 1743 1839 2018 2131 2886 3853 5454 6093 7739 
10 1543 1563 1643 1695 2058 2349 2993 4040 6051 7219 
16 1560 1564 1583 1692 1741 1770 1851 2022 2369 2472 2888 3369 3741 5531 6748 7649 
15 1580 1587 1620 1709 1761 1782 1856 2029 2146 2488 2976 3417 4446 5547 6687 
13 1588 1601 1613 1644 1715 1753 1789 2379 2985 3571 4897 5293 7202 
15 1593 1627 1631 1660 1747 1786 1890 2071 2637 3274 3529 4451 5368 5676 6991 
16 1605 1625 1628 1647 1676 1748 1767 1796 1806 1975 2168 2624 3128 3677 4479 5840 
13 1609 1634 1700 1752 1756 1824 1925 2258 2822 3641 4490 6099 7938 
15 1630 1635 1640 1667 1710 1771 1781 1853 2097 2195 2392 2823 3298 5348 6869 
15 1637 1655 1686 1716 1772 1906 2101 2363 2503 3002 3422 3836 4683 5825 7011 
17 1651 1684 1693 1721 1774 1783 1857 1941 2038 2347 2746 2946 3863 5408 6330 7261 9339 
15 1664 1674 1685 1725 1787 1814 1827 1996 2201 2529 3003 3652 4506 5669 8001 
12 1689 1723 1733 1738 1785 2704 3140 3871 3987 4695 5726 6170 
13 1697 1729 1745 1779 1791 1818 1990 2127 2562 2747 4140 5790 6226 
16 1724 1734 1746 1790 1819 1854 2081 2306 2574 3260 3343 3965 5446 5916 6750 7290 
10 1735 1755 1768 1800 1832 1885 2010 2149 2202 2709 
15 1757 1762 1799 1810 1822 1850 1889 2111 2625 3287 3349 4049 5458 6032 7968 
4 1773 1777 1817 6349 
12 1776 1778 1901 2012 2232 2647 2716 3441 4273 5416 6229 8677 
14 1784 1792 1820 1834 1918 2003 2328 2705 2725 3250 3931 4476 6354 7565 
13 1794 1797 1831 1870 1920 1965 2124 2707 2775 3106 3742 5334 7252 
12 1803 1840 1882 2027 2427 2726 3533 4522 5122 5563 7105 8046 
15 1804 1835 1842 1932 2030 2226 2692 2865 3923 4393 5022 5449 6079 6507 7036 
7 1815 1830 1844 5661 6872 7257 8377 
6 1833 1838 1843 1845 1846 1855 
16 1852 1859 1861 1914 1945 2155 2727 2798 3460 3612 4778 5269 5735 5857 7042 9545 
15 1860 1862 1871 1905 1926 2047 2255 2743 2878 3576 4079 4568 5836 7405 8106 
15 1863 1864 1876 1933 2085 2317 2638 2807 2879 4126 4916 4978 5142 5753 6721 
14 1866 1869 1872 1897 1953 1974 2091 2723 2830 3792 4295 5361 5937 7157 
7 1867 1873 1875 1956 4812 5664 7789 
5 1874 1911 1964 2004 2265 
2 1879 1880 
13 1883 1884 1891 1976 2158 2342 2925 3671 4220 5591 5987 7024 8543 
10 1886 1896 1907 1982 2088 2481 3265 4641 5653 6606 
15 1888 1902 1912 1921 1989 2150 2183 2483 2853 3275 3734 4203 4531 5147 9099 
8 1904 1910 1922 3627 4157 5078 5758 7676 
13 1908 1913 1924 1967 1988 2017 2102 2331 2744 3252 5138 5926 6840 
7 1930 1999 2162 2779 3388 4844 6631 
12 1934 2016 2222 2579 2759 3819 4267 5037 5311 5760 6715 7489 
12 1937 1946 2039 2093 2199 2569 2812 4883 5339 6193 6690 7393 
5 1942 1944 2062 2177 7093 
15 1943 1960 1980 2068 2214 2469 2855 3415 3787 4424 5057 5613 5848 6434 7472 
8 1947 2021 2084 2215 2303 2475 2870 3638 
15 1949 1968 1979 2024 2087 2236 2428 2902 3715 4197 4977 5749 6700 8012 8638 
10 1955 1963 1981 2051 2099 4339 5463 6433 7215 8957 
13 1959 1985 2023 2034 2129 2239 2575 2962 3626 3676 4554 5376 6792 
15 1970 2000 2011 2025 2042 2109 2148 2257 2650 2849 3486 3637 4766 5296 7182 
14 1973 2078 2142 2263 2380 2795 3488 3681 4723 5002 5399 5659 6295 6768 
9 1977 2035 2037 2159 2186 2267 2487 2970 3870 
17 1978 1984 1986 2033 2040 2063 2190 2242 2367 2533 2929 3254 3702 4961 5404 7089 8169 
16 1992 1994 2041 2043 2052 2116 2197 2282 2484 2824 3015 3762 4649 5435 6016 7235 
11 1993 1995 1997 2044 2045 2048 2089 2139 2254 2371 2620 
3 2006 2031 2053 
16 2008 2026 2036 2054 2082 2137 2175 2256 2295 2750 3037 3492 4577 4962 5811 7937 
10 2015 2057 2144 2269 3040 3644 4286 5536 6613 7851 
17 2020 2056 2059 2065 2104 2153 2274 2283 2792 3633 4610 4904 5673 6019 7617 8499 9536 
17 2060 2072 2086 2151 2189 2285 2387 2968 3727 3945 4779 5515 6011 6533 6685 7708 9938 
18 2061 2074 2075 2125 2279 2336 2403 2666 3020 3898 4631 4692 5119 5456 5714 6723 7112 8217 
14 2076 2095 2141 2154 2237 2454 3033 3683 3797 4769 5121 5798 6302 7985 
11 2077 2105 2107 2204 2334 2510 3604 3971 4305 4991 5950 
16 2079 2108 2179 2205 2294 2378 2416 3056 4041 4149 5073 5266 5588 6022 6964 9430 
13 2106 2110 2191 2311 2381 2803 3063 3886 4324 4751 5508 6153 7834 
13 2112 2115 2213 2350 2489 2891 3143 4134 4864 5048 6148 7311 9443 
14 2118 2119 2121 2218 2231 2351 2459 2811 3175 3698 4054 4808 5460 6311 
5 2122 2244 2354 2476 3207 
17 2123 2126 2156 2228 2268 2299 2365 2419 2761 3084 3872 3983 4541 4896 5030 5688 6465 
13 2128 2206 2284 2420 2471 2987 3322 4189 4729 4936 5889 7002 8321 
15 2132 2140 2160 2164 2281 2308 2800 3048 3464 3978 4242 4820 5575 6113 7460 
18 2135 2143 2167 2171 2229 2325 2348 2466 3034 3162 3942 4660 4994 5476 5964 6919 7723 8802 
15 2147 2173 2234 2319 2340 2389 2493 2953 3240 3771 4077 4570 5058 5774 6470 
15 2166 2174 2241 2341 2358 2405 2826 3100 3899 4162 4931 5666 6500 7335 8898 
8 2176 3023 3189 3703 4308 5035 5549 6124 
15 2178 2184 2309 2344 2433 2496 3094 3248 3950 4251 4484 4678 5505 6981 8423 
16 2180 2187 2192 2332 2396 2451 2514 3166 4083 4257 4732 4982 5130 5931 6524 7160 
15 2181 2220 2272 2345 2364 2494 2542 2932 3071 3911 4364 5175 5373 6650 8972 
17 2198 2207 2240 2246 2390 2398 2499 3109 3219 3922 4288 4498 4726 5198 6080 7123 8648 
14 2209 2248 2375 2413 2517 3019 3179 4129 4172 4811 5874 6368 8123 9522 
12 2212 3192 3707 3744 3914 4252 4923 5077 5545 6505 6828 7338 
18 2216 2217 2260 2264 2400 2414 2500 2572 3243 3745 4265 4444 4670 4901 5633 6444 7509 8008 
13 2230 2235 2270 2359 2447 2553 3096 3273 3957 4768 5461 6419 8013 
6 2233 2245 2250 2275 2315 2430 
8 2247 2261 2288 4337 5033 5363 6300 9404 
13 2278 2290 2366 2431 2549 3268 3920 3995 4310 4926 5551 6448 7437 
6 2291 2346 4691 5414 6285 7606 
13 2292 2370 2443 2485 2616 3118 3280 4269 4556 5117 5745 6624 9811 
16 2293 2304 2330 2383 2437 2462 2674 2890 3302 3882 4116 4354 4702 5010 5819 7487 
7 2296 2305 2314 2373 2445 7641 9088 
18 2297 2444 2478 2522 2668 3309 3658 3814 3981 4298 4504 4674 4918 5068 5587 6273 6487 7696 
9 2313 2320 2393 2438 2486 4968 5696 6257 7214 
15 2316 2323 2343 2452 2524 2701 3226 3598 4082 4898 5312 6073 6693 7568 9387 
15 2324 2333 2355 2374 2461 2555 2699 3087 3348 3820 4284 4563 5148 5561 7992 
8 2327 2335 2338 2360 2397 2417 2501 2528 
16 2352 2362 2402 2506 2545 2655 3131 3568 3700 4193 4448 4752 5470 6997 7566 8558 
17 2356 2357 2368 2439 2552 2617 3089 3350 3806 3941 4408 4445 4755 5302 5524 6096 7586 
13 2377 2407 2479 2504 2560 2646 2801 3177 3594 4239 4530 5776 8054 
10 2382 2385 2388 2468 2532 2563 2582 3206 3705 6994 
4 2384 2584 2778 3367 
12 2386 2395 2467 2498 2567 2676 3272 4460 4735 5224 5828 8333 
10 2394 2412 3837 4122 4859 5047 5778 6242 8131 9690 
17 2399 2404 2513 2526 2580 2587 2860 3357 3423 3831 4097 4315 4403 5051 5286 6087 7289 
16 2401 2406 2534 2535 2590 2672 3153 3456 3769 4000 4564 4728 5264 5685 6250 7539 
9 2409 2415 2546 2615 3407 3809 4614 5232 6323 
13 2418 3536 4086 4271 4425 4731 4993 5333 5784 6390 6702 7593 9568 
17 2422 2425 2434 2453 2557 2595 2611 2619 3504 3980 4383 4567 4759 5364 6288 7281 8375 
16 2424 2426 2440 2464 2477 2561 2644 2662 2820 3297 3864 4427 4908 5149 5493 7154 
17 2429 2436 2442 2473 2525 2596 2632 2678 3303 3730 3959 4488 4747 5202 5876 6944 8174 
13 2432 2455 2470 2505 2541 3720 4182 4474 4513 5095 5596 6586 7307 
16 2465 2480 2548 2599 2634 2687 2858 3523 3733 4357 4517 4813 4983 5616 6278 7343 
11 2482 2515 2601 2614 2682 2872 3509 3694 4390 6241 8569 
16 2495 2527 2565 2607 2631 2685 2816 3183 3526 3906 4174 4620 5065 5439 5960 7374 
16 2497 2543 2547 2621 2684 2688 2889 3545 3777 3998 4236 4599 5294 6191 8002 8980 
10 2507 2511 2518 2551 2558 2622 2633 2700 2708 2951 
15 2512 2537 2556 2636 2712 2752 3301 3519 4175 4412 5127 5599 6400 6934 7228 
16 2519 2520 2539 2568 2670 2719 2728 3125 3597 4095 4363 4719 5055 5443 6212 8210 
14 2523 2570 2578 2612 2694 2733 3059 3324 4240 4598 4862 5607 5973 7017 
21 2531 2536 2566 2577 2585 2602 2630 2721 2763 3401 3427 3761 3854 4061 4457 4680 5207 5544 6289 7163 8925 
4 2538 2573 6154 8350 
3 2559 2589 2591 
15 2571 2576 2600 2613 2640 2645 2739 3132 3516 3996 4261 4640 5407 5555 6060 
11 2603 2605 2635 2648 2710 2832 3306 3505 3595 4032 4301 
17 2626 2639 2652 2713 2749 2868 3363 3711 4180 4375 4518 4676 4861 5111 5499 5935 7057 
18 2641 2642 2651 2661 2667 2680 2715 2757 2918 3472 3832 4178 4378 4540 5157 5644 6534 7766 
16 2649 2653 2675 2722 2756 2772 3164 3412 3517 3577 3889 4416 5024 5512 5877 8654 
12 2654 2693 2762 2785 2871 3187 3759 4022 4996 5362 5895 8337 
3 2657 2660 6348 
16 2663 2665 2702 2729 2768 2873 3144 3209 3592 3943 4230 4633 4785 5354 6233 6761 
13 2673 2737 2777 3006 3419 3582 3766 4181 4700 5438 5865 6955 8818 
10 2681 2686 2696 2740 2789 2894 3392 3563 4009 4325 
3 2690 2706 2758 
17 2695 2711 2717 2760 2765 2876 3217 3448 3609 4067 4165 4447 5098 5542 6388 7603 8674 
8 2714 2718 4183 4545 4886 5084 6104 8443 
15 2720 2731 2732 2753 2766 2793 2974 3336 3376 3521 3642 4015 4361 5618 7044 
6 2735 2736 4580 5894 6675 7459 
15 2738 2741 2769 2834 2895 3171 3479 3551 3896 4218 4510 5392 5637 7204 8594 
15 2742 2745 2796 2805 2943 2971 3312 3884 4132 4312 4456 4701 5325 6667 8216 
11 2748 2751 3060 3399 3511 3662 3964 4823 5459 6010 7356 
17 2754 2797 2804 2808 2854 2892 2911 3308 3359 3552 4108 4509 4771 5150 5474 6227 7168 
15 2771 2790 2829 2837 2903 2965 3151 3413 3507 4303 4757 5162 5592 6084 6477 
17 2774 2776 2809 2835 2851 3081 3503 3834 3902 4222 4402 4611 5144 5731 6177 7251 9069 
16 2780 2781 2802 2841 2844 2913 3290 3374 3660 3956 4102 4191 5044 5485 6573 8053 
16 2782 2787 2810 2846 2850 2936 2988 3331 3339 3437 3525 3804 4210 4500 5434 5842 
18 2783 2799 2817 2842 2859 2950 2980 3305 3383 3473 3600 3917 4316 4458 4753 5331 6074 7590 
17 2784 2825 2831 2861 2991 3001 3379 3484 3561 3628 3844 4231 4795 4922 5233 5718 6322 
4 2788 2852 2863 2939 
5 2791 2856 2857 2874 2887 
9 2828 2838 2866 3624 4287 4422 4578 4925 5883 
13 2867 2882 2947 2995 3158 3389 3822 4215 4462 4650 4945 5412 7751 
17 2869 2875 2901 2923 2996 3000 3223 3387 3610 3835 4176 4459 4841 4927 5275 5707 6514 
14 2881 2884 2893 2955 3004 3296 3635 4199 4434 4626 5432 6136 6853 7756 
17 2883 2885 2909 2945 2956 3013 3198 3391 3452 3581 3728 4151 4401 4971 5850 7185 8138 
12 2896 2898 2931 2990 3010 3018 3353 3434 3706 3856 4188 4321 
16 2899 2900 2906 2910 2959 3016 3061 3365 3465 3801 3960 4192 4367 4967 5647 6355 
11 2904 2907 2960 3074 3293 3497 3653 4005 4900 5884 6626 
18 2912 2915 2916 2919 2921 2933 3076 3277 3440 3587 3876 4118 4333 4760 5118 5900 7283 9334 
13 2917 2924 2935 3009 3078 3091 3455 3674 3927 4275 4817 5423 6371 
11 2920 2927 2930 2938 2978 3136 3282 3361 3485 3670 3861 
17 2928 2934 2937 2948 2994 3195 3235 3318 3449 3634 4023 4237 4492 5159 6045 6701 8178 
17 2941 2942 2952 2954 2958 3011 3163 3352 3385 3548 3932 4146 4399 4473 4972 5821 8222 
16 2944 2966 3027 3186 3244 3247 3337 3558 3944 4161 4272 4697 5270 5652 7350 8607 
23 2949 2957 2967 2969 3007 3039 3045 3152 3211 3330 3716 3934 4142 4463 4783 4905 5342 5806 5814 6246 6492 6918 7964 
12 2963 2972 3052 3191 3232 3320 3515 4052 5272 6364 6770 8044 
6 2973 2977 3053 3088 5597 6976 
14 2975 2979 2989 3065 3142 3215 3241 3315 3684 3868 4737 5011 5494 6152 
17 2981 3070 3072 3194 3214 3242 3344 3499 3554 3613 4010 4216 4418 4600 5248 5961 7814 
7 2982 3031 3101 3165 3231 3237 3341 
18 2984 3044 3077 3127 3130 3201 3213 3283 3372 3506 3800 4019 4341 4534 4671 5257 5873 6518 
20 2986 2992 2997 3062 3075 3115 3139 3150 3182 3212 3234 3300 3447 3630 3926 4672 5467 5855 6612 8163 
17 2999 3079 3135 3227 3256 3431 3695 3977 4081 4226 4501 4741 5274 5395 5918 7391 9326 
20 3005 3017 3036 3058 3085 3117 3124 3141 3155 3210 3258 3355 3481 3713 3890 4998 5176 6351 7611 9203 
14 3008 3022 3038 3082 3086 3567 4075 4229 4392 4688 5190 5832 6339 7183 
18 3024 3026 3054 3073 3098 3102 3114 3123 3145 3246 3661 3954 4254 4442 5110 5410 5977 7375 
21 3025 3029 3047 3057 3083 3099 3104 3121 3154 3178 3285 3356 3502 3878 3897 4212 4542 5003 5788 6350 9391 
11 3030 3049 3050 3051 3066 3092 3108 3116 3137 3161 3491 
