2 1 74 
2 2 288 
1 3 
2 4 14 
3 5 6 56 
2 7 18 
3 8 11 440 
2 9 37 
3 10 12 40 
1 13 
2 16 19 
2 17 29 
3 20 31 113 
2 21 107 
3 22 26 286 
3 23 35 227 
2 24 33 
4 25 34 38 29 
3 27 36 64 
3 32 39 52 
3 41 44 65 
2 42 48 
3 43 69 257 
4 45 46 58 323 
2 47 81 
2 49 83 
3 50 51 70 
3 53 61 77 
2 54 111 
3 55 57 78 
3 59 67 118 
3 60 68 465 
3 62 71 119 
3 63 95 64 
2 72 97 
2 73 134 
2 75 103 
3 76 82 137 
3 79 84 164 
3 80 86 139 
3 85 87 155 
3 88 96 364 
2 89 185 
4 90 91 98 429 
3 92 101 13 
2 94 181 
3 100 105 309 
3 102 108 426 
2 104 3 
3 106 122 184 
3 109 156 339 
3 110 128 454 
3 112 171 181 
3 115 116 173 
4 117 121 143 220 
3 120 126 192 
3 123 161 172 
3 124 127 232 
3 125 193 391 
3 130 207 329 
2 132 197 
2 133 195 
3 135 149 264 
4 136 182 201 392 
3 140 142 213 
3 141 154 223 
3 144 177 18 
2 145 216 
3 146 159 240 
3 148 175 304 
3 152 186 114 
4 157 165 188 308 
4 158 196 237 432 
4 160 199 278 111 
3 162 211 97 
3 163 167 262 
4 166 198 214 345 
3 169 206 316 
4 170 179 218 439 
3 174 202 307 
3 176 219 318 
4 178 194 226 374 
3 180 204 273 
3 183 241 287 
3 187 255 15 
4 189 210 256 425 
3 190 217 324 
3 203 260 155 
4 205 222 347 480 
4 208 209 305 499 
3 212 228 48 
3 215 231 328 
3 221 261 413 
3 224 265 74 
4 225 233 306 70 
3 229 248 320 
3 234 290 37 
3 235 267 355 
4 236 253 353 324 
4 238 246 274 52 
