2 39 7704 
2 8 8 
4 18 32 186 9582 
3 33 68 374 
2 76 86 
2 114 8802 
3 126 235 9127 
3 133 164 483 
3 150 181 257 
3 177 200 1108 
2 218 715 
3 225 333 6418 
4 242 293 313 876 
3 297 344 1453 
3 300 349 3485 
3 345 382 748 
3 371 403 1172 
2 407 5656 
2 412 459 
4 422 454 789 4494 
4 470 522 573 844 
3 543 640 1960 
4 548 557 902 4175 
3 565 872 949 
3 575 855 1130 
4 576 668 1058 9668 
5 613 635 660 910 2226 
4 630 637 928 2415 
3 643 988 3390 
4 647 664 1053 3185 
4 654 730 1308 9372 
4 677 689 786 1321 
3 764 911 1584 
2 766 2212 
3 779 1028 1431 
3 793 1200 3342 
3 809 1152 1880 
4 850 922 1583 2591 
5 862 1090 1237 1700 3873 
5 896 959 969 1696 3180 
4 1008 1676 1742 3107 
3 1029 1110 5669 
5 1036 1129 1241 1908 7410 
4 1038 1184 1243 3835 
3 1056 1402 1961 
4 1081 1389 1876 2748 
4 1205 1231 1526 2714 
4 1255 1331 1436 3585 
3 1272 1532 2764 
5 1280 1341 1619 2118 2119 
4 1356 1395 2099 3501 
4 1373 1429 1775 2869 
5 1374 1504 1636 2686 2508 
3 1397 1561 1798 
6 1462 1480 1768 1778 1993 3466 
4 1473 1524 2517 4878 
4 1474 1713 1774 3436 
5 1489 1533 1804 2157 3439 
4 1507 1512 1809 3909 
5 1542 1675 1939 2323 4238 
3 1592 2103 3144 
4 1630 1903 2167 3808 
4 1661 1822 2237 6201 
4 1678 1969 2423 6436 
4 1724 2001 3108 6145 
5 1746 1846 2027 3118 7053 
5 1801 1909 2137 4076 6745 
4 1878 1925 2786 6769 
4 1899 1938 2058 2850 
3 1947 2275 4414 
3 1980 2485 504 
5 1983 2033 2125 2838 4684 
3 1987 2173 5939 
4 1994 2175 4126 8891 
4 2021 2187 4389 5070 
4 2028 2383 3478 1786 
4 2079 2145 2607 5958 
4 2097 2192 2909 5596 
4 2156 2196 2716 6389 
4 2159 2169 2217 3658 
4 2172 2438 3079 6438 
5 2174 2519 3437 4672 5601 
3 2218 2495 9469 
4 2228 2315 3775 6483 
5 2265 2278 2405 3795 445 
5 2291 2326 2479 4219 4997 
4 2321 2328 2595 4843 
5 2346 2408 2796 4338 6339 
5 2361 2543 2843 4260 3571 
5 2461 2554 3542 5567 4032 
4 2473 2691 4026 6505 
4 2493 2734 3130 2211 
5 2530 2592 2785 3870 6657 
5 2562 2836 3245 4116 6919 
5 2710 2944 3104 4270 7340 
5 2720 3060 3186 4398 4399 
3 2738 3162 5847 
4 2762 3115 3266 6969 
5 2791 3042 3224 4309 7164 
4 2829 3217 3231 261 
5 2847 3161 3410 4443 4981 
5 2921 3136 3369 4548 1989 
5 2933 3132 3160 3269 6009 
5 3033 3299 3577 5688 1970 
5 3080 3372 3686 5396 9239 
4 3181 3226 4272 4794 
4 3228 3401 5029 1644 
4 3327 3522 4723 7440 
4 3343 3505 4130 6367 
4 3353 3511 3627 6979 
5 3378 3525 3639 4384 7412 
5 3382 3539 3743 5678 1889 
4 3388 3579 5020 4579 
4 3405 3617 3847 7589 
5 3446 3778 4249 7378 4705 
5 3476 3636 3796 4789 7676 
5 3491 3671 3872 6143 7321 
5 3568 3693 3838 4625 8003 
4 3581 3814 6808 5882 
5 3609 3656 3896 6908 4298 
4 3615 3852 5307 8039 
5 3632 3868 3892 4831 8183 
5 3779 3951 4111 5797 8789 
4 3786 3955 4347 8739 
4 3821 3981 6294 5772 
6 3843 3983 4201 4600 6002 3442 
4 3874 4049 4513 6961 
4 3895 4096 4376 954 
5 3899 4318 4929 7064 2526 
4 3903 4205 4467 8462 
5 3917 4160 4526 6728 9214 
4 3978 4222 4427 7921 
3 4050 4331 8941 
5 4057 4243 4764 5327 8160 
5 4085 4240 4369 5045 9596 
4 4122 4590 6403 2649 
5 4131 4368 4887 7455 9975 
5 4241 4292 4479 6692 8496 
5 4253 4328 4551 7439 8991 
6 4257 4367 4959 5461 238 1322 
4 4294 4378 5139 9360 
5 4295 4540 4720 5223 9529 
5 4373 4639 4966 7178 2995 
5 4380 4569 5270 8001 6960 
4 4417 4717 5799 2629 
5 4580 4860 5294 7638 1011 
5 4591 4869 5421 8472 3429 
5 4743 5274 5807 8923 3554 
4 4829 4915 5960 9105 
5 4848 4898 5157 5845 9119 
4 4849 5283 6238 9866 
4 4892 5465 8456 7942 
5 4908 5032 5416 8130 9940 
4 4965 5290 6070 183 
5 5023 5556 6022 7578 4462 
5 5071 5099 5399 6246 118 
5 5102 5172 6098 7481 6229 
5 5106 5205 5515 7919 124 
5 5142 5330 5942 8762 439 
4 5155 5543 5824 157 
4 5211 6255 7910 5375 
5 5259 5333 6186 73 3062 
4 5361 5609 6591 523 
5 5373 5558 6371 146 4592 
4 5406 5686 7695 1311 
4 5419 6185 7274 1544 
4 5432 5857 7465 4390 
4 5467 6499 92 5350 
4 5484 6406 7096 180 
4 5490 5605 6443 2745 
4 5549 5574 6683 372 
5 5607 5645 6755 7284 1409 
5 5633 5714 6890 353 777 
5 5654 5681 6474 7657 2273 
5 5702 5766 6896 9541 6780 
5 5781 5999 6193 9071 948 
5 5783 5914 6119 7131 3443 
4 5793 5989 6723 584 
5 6024 6053 6604 7967 2475 
5 6034 6316 6760 825 3635 
5 6054 6139 7585 1018 6846 
4 6083 6816 309 881 
6 6090 6179 6801 7591 974 3935 
4 6091 6126 7656 8498 
6 6116 6148 6463 7203 8958 8959 
5 6147 6191 7356 8365 1624 
4 6171 6204 7845 2230 
5 6196 6465 7373 1051 9052 
5 6209 6691 6845 8244 2702 
4 6317 6539 8829 5612 
5 6321 6447 7766 9548 769 
5 6335 6482 6817 8240 3879 
5 6341 6509 6753 8337 4419 
6 6380 6472 6726 7421 517 9361 
5 6425 6525 7449 9949 9393 
5 6462 6565 6774 8481 1391 
5 6484 6783 7485 8605 2375 
6 6523 6552 6804 7136 62 1362 
4 6590 7238 8388 1666 
4 6596 7301 8786 1933 
5 6636 6739 7491 8506 2970 
4 6694 6876 9046 9649 
5 6791 7075 7853 1180 4839 
5 6835 6880 8026 8361 3123 
4 6842 7536 8543 4509 
5 6853 6874 7546 848 1401 
5 6864 6903 8395 9379 4319 
4 6923 8073 9164 2988 
4 6926 6947 9587 4232 
4 6963 7772 9284 869 
4 7012 7555 9597 3480 
4 7021 7066 8825 3513 
5 7028 7083 8571 2640 6544 
5 7037 7246 7848 9945 3784 
5 7152 7384 7964 294 4364 
4 7194 7391 9255 3419 
4 7232 7915 9498 4725 
5 7242 7584 8677 1381 2759 
5 7251 7257 8965 1538 9683 
4 7277 7865 9905 3849 
4 7280 7325 7972 148 
6 7339 7385 7734 8552 1833 719 
4 7406 7736 9636 3562 
4 7413 8093 953 5674 
5 7444 7645 8105 2336 1358 
3 7452 9124 4619 
5 7458 7786 9261 546 3880 
5 7463 7738 8094 116 4317 
4 7469 7975 296 4649 
4 7496 7823 468 4179 
3 7544 8364 900 
5 7564 8034 9841 2561 1858 
3 7586 8445 2285 
5 7654 8237 9646 3528 2433 
5 7666 8405 55 3679 8123 
5 7718 7739 8976 476 4766 
5 7730 7752 9468 268 3157 
5 7842 7913 8753 127 5671 
4 7844 9972 1687 6286 
5 7898 7904 8487 367 6409 
5 7907 8020 9995 649 6082 
4 7948 8995 447 8449 
5 7954 8040 171 776 6297 
5 8012 8104 510 2798 6546 
4 8028 8846 868 4936 
4 8092 8990 907 8319 
4 8124 394 1073 7111 
5 8152 8463 397 1324 6470 
5 8163 8259 9065 1508 9108 
5 8176 8434 9574 3098 2293 
5 8220 8902 486 1673 5019 
4 8305 8865 1183 7358 
6 8348 8526 9546 1207 2646 9054 
6 8389 8686 8909 741 2568 5983 
6 8515 8651 9534 840 2967 5104 
5 8564 8953 9953 885 3068 
5 8695 8742 9275 1293 7094 
5 8706 8934 526 1203 8158 
5 8781 9875 982 1534 7598 
5 8790 8842 43 513 5591 
4 8868 95 1734 7531 
5 8875 8981 9595 1149 7124 
4 8895 97 1829 3015 
6 8910 8911 9091 266 2669 785 
5 8962 9531 9917 1830 8541 
5 9041 9693 1158 2854 1631 
6 9115 9211 152 1236 3714 2105 
4 9129 158 1348 9559 
5 9138 9308 574 2231 8460 
5 9139 9620 792 1567 8705 
4 9362 1085 4697 2454 
5 9402 377 1206 3932 4255 
4 9405 415 1717 7688 
4 9421 661 1958 90 
4 9422 9877 1974 9146 
5 9464 9598 154 1107 466 
5 9494 9959 1238 3200 4142 
5 9543 9695 675 1985 9272 
5 9593 628 1266 2146 460 
5 9601 9966 716 1743 6457 
6 9672 9775 714 1654 3723 3678 
4 9757 763 1953 4517 
5 9811 795 1403 4137 6486 
6 9838 9851 228 1430 2176 137 
6 9864 9915 834 1665 2680 1385 
6 9961 103 1190 2126 4763 3432 
5 23 679 1535 1635 9289 
5 30 182 1229 2397 1479 
4 45 418 2077 656 
4 75 1154 2462 2166 
5 77 754 2399 2966 870 
5 81 1001 1847 5388 790 
5 144 942 1772 3076 5839 
5 162 458 1296 2704 1704 
5 215 1662 2579 5230 5791 
6 236 490 1587 2484 4084 7709 
5 254 569 1950 3086 2003 
5 307 427 1284 3246 2165 
5 370 1423 2066 3416 3176 
6 395 738 1814 2586 4784 5684 
6 423 648 2034 2609 5803 4156 
4 464 1088 2610 2871 
6 478 520 1109 2513 4652 6219 
5 529 755 2252 3135 3305 
5 563 853 2503 1336 9692 
5 570 832 1499 3142 4876 
5 588 1164 2585 3267 9749 
5 860 1171 2840 3253 3596 
3 906 3697 9501 
5 924 1228 2885 3558 3309 
6 930 1182 2041 2891 6248 6285 
5 1013 1233 2135 5454 3413 
5 1148 1337 2598 3816 1181 
5 1191 1795 2916 6607 4769 
5 1250 1658 2924 6670 6730 
6 1263 1300 2054 3117 5251 2459 
5 1304 2528 3496 5459 1054 
5 1333 1650 2122 3315 5414 
5 1365 1839 2270 3597 3876 
4 1377 1723 3718 3153 
5 1445 2694 3498 7129 4073 
6 1460 2222 2723 4025 771 1761 
5 1470 2317 3238 7286 4383 
5 1490 1812 2985 4002 3859 
5 1493 1871 3288 6340 8554 
5 1541 2012 3057 5121 4615 
5 1572 2044 3292 4081 1197 
5 1686 2574 3318 7370 2572 
5 1840 2436 3462 3857 3020 
5 1910 2052 3038 4133 4226 
5 1926 3335 3910 4485 1174 
5 2005 2057 3414 4149 940 
5 2042 2496 3916 4227 3090 
4 2075 3595 4448 3424 
5 2083 2189 3598 4636 1449 
5 2088 2283 3961 5658 4503 
5 2178 2332 3688 4036 8397 
6 2195 2243 2490 3863 4326 859 
6 2220 2358 3464 4099 5751 4277 
5 2267 2363 4107 6269 8809 
5 2274 2389 3832 5428 4168 
4 2430 3073 4190 3552 
5 2449 2480 4102 5581 3802 
5 2452 3672 4215 5842 8055 
4 2460 2520 4229 1792 
5 2465 2527 4159 6829 3771 
4 2549 2597 4360 7182 
5 2664 3657 4217 4663 4106 
4 2675 4449 5282 1424 
5 2692 4234 4653 9208 7899 
5 2719 4261 4605 7314 9659 
4 2722 3339 5736 4556 
5 2725 3640 4336 6815 8820 
5 2790 2802 4276 5648 4963 
4 2887 3710 4864 5321 
4 2889 4385 5675 5444 
5 2950 3124 4603 4767 5119 
5 3075 3149 4681 6601 8276 
5 3092 3243 4917 6518 9406 
4 3187 4446 5125 1543 
5 3189 3273 4135 5329 1226 
4 3201 4694 6858 3753 
5 3276 3345 4818 5588 5988 
5 3290 3696 4820 5682 4947 
5 3307 4408 4976 7310 4127 
5 3360 4013 4971 6427 5408 
5 3361 4252 4745 5747 5822 
5 3407 3495 4990 6495 6236 
5 3428 3735 5042 5967 2124 
4 3431 5067 6237 6337 
4 3433 4914 5638 1663 
5 3470 3769 5079 6561 6704 
5 3481 4973 5195 6308 5849 
5 3483 3962 5199 6577 7149 
5 3668 4007 5379 6985 6857 
5 3677 4343 5303 7223 6062 
5 3681 4406 5385 6782 7429 
5 3707 5204 5376 6980 4629 
5 3818 5411 5726 7609 6949 
4 3827 5476 7672 7831 
5 3914 5271 5523 8018 7036 
5 3957 3982 5533 7163 5969 
5 3974 4064 5712 7917 5677 
6 4174 4286 5711 6998 7995 5814 
6 4210 4416 5163 6228 7159 7011 
6 4250 4267 5734 6705 7618 9001 
5 4291 5743 6712 8140 1529 
4 4299 5746 7209 7248 
5 4330 4480 5802 7227 7837 
5 4471 5850 6029 7961 2179 
4 4492 6260 7288 8542 
4 4541 6322 7397 6788 
6 4587 4668 5762 6156 8067 6318 
5 4616 5900 6501 7781 8655 
5 4656 5048 6953 7313 3233 
5 4691 6035 7126 9232 8451 
5 4727 5073 6177 7986 9179 
5 4741 4781 6491 7407 8509 
5 4771 5201 7155 7876 9281 
4 4838 6130 7843 2129 
5 4850 5723 6988 7956 9509 
6 4935 5052 6247 7022 8065 354 
5 4945 5101 6242 6627 8303 
5 4995 5810 6575 8109 1071 
6 5057 5203 6453 7060 8736 4881 
5 5090 5946 7088 8197 9296 
5 5128 5398 6264 7259 8801 
5 5151 5876 7153 8282 4982 
5 5159 5504 6300 7629 599 
5 5189 6059 7198 9327 4308 
6 5349 5521 6312 7231 8293 8879 
5 5354 6347 7446 41 4736 
6 5360 5755 6622 7879 8688 6417 
6 5397 5787 6822 7364 8996 339 
4 5407 6423 7269 9797 
4 5415 6164 7032 2698 
4 5498 6831 8186 7592 
4 5510 6793 8089 9258 
5 5529 6673 7306 9329 9151 
5 5580 6843 7338 8888 8889 
5 5610 6310 6924 8206 5105 
5 5652 6533 6872 8309 9801 
4 5701 7104 8120 9825 
6 5739 6244 7047 8227 138 8202 
5 5786 6654 7352 8918 9690 
5 5873 5963 7146 8927 6333 
5 5950 7230 7467 8549 4500 
6 6037 6610 7295 7611 8647 4565 
5 6057 7369 8078 8581 8955 
5 6208 6689 7841 9162 3791 
4 6216 6716 7453 2451 
5 6261 7191 7884 8899 449 
6 6290 6972 7522 7715 8696 4919 
5 6494 6616 7626 8036 9442 
6 6498 7162 7944 8537 376 9136 
5 6507 7273 8253 9795 9219 
5 6515 7487 8166 9120 9803 
5 6560 7525 8103 9168 6128 
6 6725 7180 7794 8672 686 3284 
5 6729 7332 8200 8950 1269 
4 6735 7748 9604 1929 
5 6805 7803 8903 938 2407 
5 6806 7782 8182 9224 9780 
6 6811 7480 7872 8267 9257 2345 
5 6873 8052 8250 8917 590 
6 6907 7559 8041 8502 2464 1366 
5 6981 8210 8631 1956 7229 
5 6995 7617 8304 8788 7002 
5 7027 7962 8419 9697 9229 
4 7042 8494 9337 8880 
4 7068 8146 8558 658 
4 7145 7708 8532 739 
4 7200 8504 2053 7389 
5 7218 8296 8636 965 1793 
4 7268 8409 9057 4450 
5 7296 8249 8652 9600 681 
6 7330 7331 8638 9142 9819 6343 
5 7415 8350 8703 9857 4776 
5 7570 8478 8712 9338 725 
5 7720 8399 9080 9969 6655 
5 7725 8126 8893 688 1744 
6 7797 8164 8732 9463 556 4457 
6 7811 8444 8678 9016 978 2379 
5 7968 8547 9086 105 9933 
6 8100 8593 8700 9247 1725 4145 
5 8108 8968 9117 387 9998 
5 8119 8238 9055 9475 4567 
5 8213 8621 9181 2288 5275 
5 8400 8689 9205 9578 3412 
6 8412 8835 9216 9573 1771 3310 
4 8611 9365 799 3066 
5 8656 8793 9916 2170 9036 
5 8799 9259 9441 42 7322 
5 8860 9111 9520 267 139 
4 8908 9436 609 1634 
5 8920 9212 9525 1003 198 
6 8997 9132 9538 9661 3593 3430 
5 9011 9378 9816 1078 877 
6 9062 9453 9835 1177 5540 4324 
5 9153 9558 9888 2229 7414 
5 9167 9626 9880 3166 710 
5 9193 9590 9914 3758 1330 
5 9299 9492 7 958 935 
5 9345 9608 56 3764 340 
5 9407 9614 136 3188 4206 
5 9552 9652 9774 773 9191 
4 9681 163 4088 1915 
4 9691 260 3893 8628 
4 9700 329 4472 5059 
6 9711 9718 9743 355 4685 4459 
4 9740 388 1186 1919 
4 9746 631 5075 8890 
4 9786 737 5884 4269 
5 9812 175 1178 5919 2063 
6 9845 9872 408 1521 2221 4894 
5 9886 9943 591 2962 3700 
4 9899 12 727 6955 
5 9906 29 740 1179 3799 
5 9932 113 858 3486 9157 
5 9935 379 780 1188 4198 
4 9 396 1382 2996 
4 245 416 1759 4529 
6 259 451 798 2372 9924 8401 
5 337 462 867 4793 7549 
4 359 480 782 3564 
5 375 499 856 1912 7979 
5 378 481 736 1245 2929 
5 390 558 937 2998 457 
6 440 566 577 961 3938 2141 
6 512 527 791 1026 5690 8710 
4 593 1040 4888 2630 
6 618 662 843 1208 7101 1949 
4 663 1264 1557 3458 
5 691 934 1415 5566 2302 
5 695 749 1286 6408 7201 
4 698 757 1703 4824 
5 711 864 1973 2728 3129 
4 758 893 1475 9655 
5 805 941 2004 7010 8252 
4 807 1014 2342 7226 
5 882 968 2076 3772 6041 
3 1047 2007 1986 
3 1049 1254 4339 
5 1060 1166 2048 5448 5559 
4 1061 1123 2136 4289 
6 1079 1163 1268 2385 5187 3509 
5 1100 1196 1469 3850 819 
5 1121 1199 1590 2453 5599 
5 1192 1253 1355 4403 5162 
4 1210 1287 2550 6415 
4 1227 1320 2828 4048 
4 1271 1520 4504 383 
3 1291 1573 2096 
5 1297 1302 1595 3063 5306 
5 1307 1488 2306 4301 8915 
4 1310 1745 2583 3825 
5 1339 1593 1755 3567 5470 
5 1383 1664 2813 7235 132 
4 1384 1604 2773 4679 
4 1416 1882 3127 6332 
5 1482 1672 2421 6818 9970 
4 1562 1736 2824 7359 
4 1639 1895 4511 4938 
4 1692 1965 3992 5948 
4 1716 2311 3680 6948 
4 1733 2072 2994 7886 
4 1753 3556 7323 8979 
5 1770 1951 2488 4757 6047 
5 1855 1888 2506 5907 8047 
5 1886 2064 2637 4658 9412 
5 2011 2377 2542 4863 8000 
5 2032 2149 2752 5077 4621 
6 2078 2349 2612 5007 927 8111 
4 2110 2727 5377 939 
4 2143 2795 4620 4132 
5 2162 2652 3606 6935 1 
4 2163 2833 4719 8617 
5 2181 2316 2760 5198 442 
5 2208 2403 3421 7568 4003 
6 2223 2455 3074 4358 6688 7283 
4 2242 2538 3081 7660 
5 2287 2892 3760 7858 8358 
5 2353 2616 4245 5486 7870 
6 2404 2711 2918 3223 4857 8232 
6 2511 2820 3121 5718 8535 8882 
6 2525 2922 3047 4536 7367 8064 
5 2624 3071 3207 4883 9974 
6 2645 2938 3159 6504 2046 3463 
5 2670 3110 3294 5819 2414 
6 2740 3008 3324 4846 7905 3792 
4 2775 3286 6747 2319 
5 2788 3332 4787 8378 2494 
5 2846 3139 3351 5108 8491 
5 2912 3380 3580 8178 5623 
5 2931 3359 3465 5998 4559 
5 2954 3202 3423 5257 8841 
5 2972 3451 4231 8346 8906 
3 3025 3452 6950 
5 3205 3565 4842 8271 8511 
5 3252 3393 5025 5289 7581 
5 3275 3482 3902 7055 2587 
5 3333 3574 5069 7868 7869 
5 3368 3441 3626 6227 7815 
4 3521 3583 5353 6356 
5 3550 3589 5225 9161 7040 
3 3590 4009 6073 
3 3603 3985 8766 
5 3645 3711 5084 7785 1258 
4 3674 4169 7466 3037 
4 3709 3719 5273 9438 
4 3712 3807 4397 8329 
5 3768 3815 5277 9311 5617 
4 3812 3842 4779 6468 
4 3860 4186 7095 8471 
6 3871 3921 4104 5838 8922 7179 
4 3924 4819 7576 1835 
5 3925 3947 4905 5326 9271 
7 3953 3989 4035 4907 5866 9567 5449 
5 3970 4053 5085 7344 4184 
5 3976 4544 6336 9322 4017 
6 4043 4141 5281 5906 9579 4400 
5 4063 4256 5606 187 9200 
4 4134 4920 5856 5527 
5 4140 4173 5542 8180 5363 
5 4150 4208 5089 7922 2471 
5 4171 4300 5453 9388 4535 
5 4178 4357 5374 1932 1359 
4 4248 5785 8219 3078 
4 4297 4490 5903 1126 
5 4374 5405 6695 3889 5300 
4 4382 5111 8760 2989 
4 4402 5263 6251 923 
5 4429 5358 5740 8936 9794 
4 4488 4539 5806 1503 
4 4497 5441 6640 2658 
4 4546 5613 6931 3119 
5 4562 5431 6350 247 2537 
4 4578 5748 7528 21 
4 4596 4650 7287 7072 
5 4602 4808 5713 7700 7380 
5 4703 5978 9989 6819 2307 
5 4704 4747 6532 852 3122 
4 4714 5851 5858 6959 
4 4825 6025 9098 8663 
4 4828 6039 7847 3313 
5 4856 5689 8555 735 1342 
6 4871 4921 5979 6602 1601 4071 
4 4893 4934 6175 7625 
5 4961 5554 6790 1588 3355 
5 4991 4992 6125 9227 1647 
3 4994 7914 5986 
4 5009 7173 1890 6514 
5 5017 5253 6460 1975 8664 
5 5033 5426 6656 3467 4925 
5 5049 5394 8068 7746 3169 
5 5134 5404 6734 9343 4334 
5 5173 5410 5715 946 929 
5 5196 5506 6946 8872 4886 
4 5233 5437 6997 788 
5 5245 5516 6687 70 4967 
4 5288 5885 58 2049 
4 5302 5961 8871 1760 
5 5370 5621 6021 8603 2109 
5 5386 5660 6841 9480 7550 
5 5389 5707 6385 31 8745 
5 5460 5738 6072 7324 1343 
5 5492 5935 6938 78 9410 
6 5509 5805 6570 7236 614 9884 
5 5541 6132 7333 2487 161 
5 5619 6392 7357 1748 220 
5 5704 6102 7498 3473 5477 
5 5753 5973 6914 8203 8588 
5 5812 6574 8023 2799 2043 
5 5817 6630 7860 2830 5705 
6 5823 6440 7488 1497 8684 6479 
5 5871 6003 6989 487 5147 
6 5893 6593 6594 8149 2128 1944 
5 6010 6084 8376 3070 8139 
6 6014 6190 7082 7509 3761 8234 
4 6058 7185 2142 6550 
5 6061 6664 8079 3364 9503 
6 6096 6706 7769 8805 1968 1309 
5 6108 6677 7840 1248 3548 
5 6122 6779 7920 9589 2816 
5 6174 6852 8063 1857 4411 
5 6189 6444 8295 4518 8255 
5 6220 6771 7034 8811 4707 
6 6231 6900 7505 8172 3793 2081 
6 6254 6368 7090 8579 2378 5308 
6 6303 6475 7150 7798 1578 6879 
6 6320 6732 7394 8721 4008 134 
6 6390 7128 8211 444 3287 3215 
5 6522 7309 8077 657 4713 
6 6690 7132 7497 8931 4420 8343 
5 6733 7142 7542 9316 8049 
5 6785 6882 7537 8529 4601 
5 6812 7127 7875 9482 1549 
5 6893 7363 8466 9588 217 
5 7014 7558 9666 4528 2322 
6 7063 7262 7999 8954 4659 4553 
5 7084 7694 9476 4606 2482 
5 7175 7368 7856 38 4885 
5 7208 7435 8980 4688 5826 
5 7265 7754 8333 1262 7420 
4 7307 7557 8239 3493 
5 7400 7615 7949 1702 6016 
4 7434 7762 8447 3946 
6 7450 7770 8948 1709 3898 972 
5 7514 7662 8474 9846 4608 
5 7524 7774 627 9705 629 
5 7547 7838 9066 1406 2301 
6 7620 7824 8929 240 5491 3454 
5 7630 7648 8037 806 4796 
7 7635 7892 7911 8284 9931 5167 6764 
6 7647 8075 8610 2127 535 3134 
4 7701 8127 914 4762 
6 7705 7809 8311 400 3612 7727 
4 7834 8318 5418 83 
4 7950 8493 1756 5072 
3 7980 8885 1442 
5 7985 9079 9236 2006 7189 
5 8009 8042 9254 2282 7722 
4 8045 9278 2756 6276 
5 8090 8265 9195 6226 5279 
4 8102 9019 2447 2219 
5 8114 9196 892 2987 4807 
4 8153 9569 2504 4268 
5 8154 8289 9215 6267 3619 
5 8188 9182 9685 3154 7713 
4 8223 9455 2977 6605 
5 8225 9067 9553 1931 7058 
5 8233 8383 2224 8858 1625 
5 8261 9635 1131 6270 4349 
5 8274 8393 9936 3012 7059 
5 8331 8422 9793 4221 9107 
6 8368 8459 9251 1628 4799 9189 
5 8420 8585 9862 2774 9910 
5 8438 9738 943 3235 8719 
5 8470 9183 15 3733 8687 
5 8480 8873 611 3997 6748 
6 8489 9377 356 1779 5848 3952 
5 8546 8758 66 4293 3126 
6 8626 8724 9982 916 6448 9209 
5 8675 8892 364 4912 8241 
6 8692 8919 104 1412 4932 549 
5 8779 8894 9159 4877 9904 
5 8839 8972 128 4087 7278 
4 8944 9317 406 7474 
5 8951 9264 1070 7428 9834 
5 9038 9064 304 5078 8196 
5 9068 9234 1352 5440 2835 
5 9075 9658 321 5409 351 
4 9081 9448 5458 8519 
5 9093 9156 1511 2627 8024 
4 9155 500 2047 8053 
5 9171 413 582 5865 2069 
6 9180 9260 598 1651 8005 9894 
5 9190 9292 604 5022 303 
4 9203 196 821 5578 
5 9358 473 1326 9283 6860 
5 9444 9477 731 1357 8751 
4 9458 845 1859 7188 
4 9459 619 1668 6528 
5 9519 9676 1345 2360 2039 
4 9527 9716 955 6679 
5 9611 1142 1456 6162 8540 
5 9616 685 1638 4352 2260 
5 9642 9715 1256 6934 9876 
5 9662 921 1599 6647 9141 
5 9687 913 1350 5317 8679 
6 9736 9788 983 2255 7383 6421 
5 9765 903 1426 6384 3014 
6 9771 9874 1045 2253 7829 888 
5 9804 9944 1168 2298 7326 
5 9892 87 1435 2763 6280 
5 9900 369 1388 7345 85 
5 9963 963 1492 7416 3029 
4 54 1454 2457 25 
5 280 434 1655 5355 9242 
5 335 995 1825 6727 2269 
5 352 1160 3503 7931 2648 
5 361 1657 2366 7828 5894 
5 362 472 1754 4311 9508 
5 409 1834 2650 7903 5239 
5 430 1796 2697 8574 7233 
4 474 1827 2026 8568 
5 503 1914 3943 8398 4487 
4 518 1491 2899 8524 
6 530 1836 3662 8767 1327 2827 
5 545 592 1892 4095 9341 
4 551 2073 4735 278 
6 555 729 2114 3196 19 9921 
5 587 842 2250 6342 1457 
5 750 1153 2214 3620 804 
6 753 1312 2185 4365 7960 3915 
5 822 1353 2295 5141 9619 
6 849 1553 2266 4455 8645 9456 
6 871 1586 2294 5086 8725 6363 
5 918 2327 6215 8682 1461 
6 981 1605 2382 4586 8122 5296 
5 992 2351 4813 8930 5692 
5 1004 2168 2679 6517 3829 
5 1213 2463 2884 57 6346 
4 1344 2225 5497 28 
6 1509 1610 2505 6738 9433 2809 
5 1569 1732 2570 6763 1763 
5 1575 1677 2357 5911 8854 
5 1598 1922 2689 6951 9478 
6 1617 1962 2715 7399 5055 6080 
5 1641 2116 2575 8098 1531 
5 1660 2600 3647 8418 4800 
4 1683 2639 5174 8665 
6 1843 2603 2729 7260 9957 5489 
5 1900 2120 2744 6106 9702 
5 1977 2733 4405 7282 98 
5 1992 2642 3138 7543 5207 
5 2023 2784 2800 6786 1478 
4 2092 2794 4826 9394 
5 2133 2872 4999 290 6643 
5 2191 2868 3182 6840 5478 
5 2209 3347 5208 713 5828 
5 2241 2902 8258 2678 6621 
4 2376 3168 5177 838 
4 2386 3358 5788 9228 
6 2661 2903 3494 6167 1144 9399 
5 2668 2947 4460 7637 5636 
5 2707 3385 6266 9844 6970 
5 2739 2951 3702 7787 5789 
5 2783 2953 6836 560 8750 
6 2810 3097 3456 6768 803 3713 
5 2908 3178 3610 9789 1979 
5 3171 3427 7061 8247 5532 
5 3172 3438 3728 6928 5970 
6 3195 3255 3624 6888 1067 617 
5 3259 3341 3837 4278 9493 
5 3272 3543 4125 9077 6943 
5 3279 3559 3930 7665 5313 
5 3298 3722 3836 40 5014 
5 3302 3729 4729 8697 5528 
6 3354 3371 3747 4275 8556 2875 
5 3357 3691 4153 8132 6568 
5 3434 3907 4362 1335 999 
6 3450 3652 3954 7167 1325 7729 
6 3544 3751 3984 7118 1425 2606 
5 3683 4161 9385 9785 4046 
4 3739 4514 7052 3131 
5 3754 3777 3920 8580 2330 
5 3800 3936 5779 7712 6910 
4 3830 3834 4481 330 
5 3839 4251 5368 8616 6585 
4 3840 4259 9890 2832 
5 3865 4056 4814 7255 1596 
5 3884 4375 7166 1764 9985 
6 4000 4388 4506 7622 7807 2742 
6 4030 4396 5417 9827 6478 9483 
5 4080 4410 6441 980 7533 
5 4108 4441 4583 7817 7093 
5 4146 4445 5646 9039 3227 
6 4230 4329 4468 4755 8833 7398 
6 4296 4474 5534 7881 1294 2067 
6 4306 4523 5597 7346 1862 3790 
4 4407 4510 6007 2232 
5 4413 4547 5081 7792 1648 
4 4484 4734 8141 2780 
5 4610 5194 5457 2095 3346 
4 4665 4978 7802 2768 
4 4709 5345 8117 1275 
4 4726 5742 3563 1459 
4 4742 4837 5899 1853 
5 4760 4773 5887 9335 4549 
4 4782 4873 6469 2851 
5 4817 5626 8147 8312 6056 
4 4868 4923 6707 2564 
4 4903 6749 102 3384 
4 4949 5835 9583 6586 
5 4950 5706 8525 2839 6241 
5 5010 5026 6405 8855 9664 
5 5053 5584 5934 4307 6770 
3 5066 7254 6571 
5 5091 5553 5909 184 6757 
5 5092 5499 6207 9037 2569 
5 5100 5154 5859 8136 4958 
5 5171 5202 626 308 5126 
6 5217 5517 6349 9763 7593 8596 
6 5218 5254 5991 8773 3928 8070 
5 5243 5572 6388 9891 8987 
5 5427 5471 5582 1103 9288 
5 5524 5733 9376 3278 7079 
6 5548 5650 5825 8717 4214 4589 
5 5563 5945 9026 4889 8644 
6 5647 5708 6428 223 5115 7819 
5 5672 5984 285 4637 9751 
7 5776 5874 6031 7565 524 7833 1249 
4 5777 6206 253 8943 
5 5993 6115 7133 331 1819 
5 6048 6243 9033 4960 7539 
6 6100 6198 6772 269 3575 437 
4 6258 6789 9686 9028 
4 6263 7489 488 2199 
4 6282 9306 2068 7402 
4 6302 7035 389 4152 
4 6326 7563 1552 1689 
6 6351 6352 7073 9371 5038 6800 
3 6360 9696 4204 
5 6374 6838 9090 5595 9431 
4 6375 6595 8315 3650 
5 6381 6383 7698 299 4669 
4 6394 7327 1698 4089 
3 6430 2367 7366 
5 6480 6497 7901 1632 306 
5 6500 6553 7610 2148 4756 
5 6524 6567 7830 917 4985 
4 6583 6994 7835 7160 
5 6587 6649 7873 1224 4845 
5 6699 6775 7981 534 9510 
5 6746 7165 9246 7328 4531 
5 6810 7135 328 4112 7719 
4 6833 8118 2112 6348 
4 6883 498 5651 6060 
5 6892 6912 7619 1622 5765 
4 6983 8168 2805 1600 
5 7099 7174 651 4642 5868 
5 7113 7627 674 4987 6676 
4 7116 7184 966 6795 
5 7139 7195 8190 2233 2578 
5 7144 7190 7776 1069 9312 
4 7202 8277 4254 1726 
4 7271 9417 2277 6614 
5 7292 7644 8155 7008 3499 
5 7298 7462 8707 2605 9849 
4 7343 9446 288 3602 
5 7348 7433 8803 3698 410 
6 7351 7464 8845 270 7336 8599 
5 7381 7516 9160 2158 1735 
5 7386 7511 9243 2927 7599 
6 7424 7529 7641 9639 8159 9103 
5 7457 7603 9375 3026 8314 
6 7490 7659 7693 9577 3524 8192 
4 7554 7699 9542 5040 
4 7556 7916 1119 5443 
4 7573 7937 3 5114 
4 7597 7974 9733 448 
4 7650 7988 696 5319 
4 7724 7991 9978 7885 
5 7728 8087 9605 3487 5801 
4 7742 8156 9863 7181 
5 7750 7902 8204 1136 5058 
5 7812 8187 484 865 1351 
6 7850 8062 8963 36 6159 326 
5 7852 8129 8914 945 7494 
4 7887 8339 9357 1626 
6 8011 8169 8877 700 8380 8634 
5 8150 8281 8904 979 6078 
4 8209 9426 1076 8436 
4 8230 9485 2894 1486 
5 8245 8743 9878 3584 2499 
5 8292 9504 1156 6645 1328 
6 8342 8360 9938 1084 8589 3529 
5 8345 9638 3633 4478 709 
5 8352 9678 1485 8668 7062 
6 8357 8359 1035 6958 120 2965 
5 8369 8370 324 3027 7737 
4 8385 216 3406 8828 
5 8404 9745 1246 9450 8673 
6 8411 9213 341 4067 4068 7017 
4 8423 9145 1193 9518 
4 8486 615 3649 494 
5 8533 8539 9960 4162 2171 
5 8544 8545 69 3588 8851 
5 8553 9273 1815 8956 1691 
4 8575 9024 1577 3666 
4 8576 112 1566 167 
4 8582 9773 1730 721 
5 8624 9962 1873 9623 7197 
5 8635 9294 234 2207 5494 
4 8641 9300 1117 9133 
5 8657 8783 325 2969 455 
5 8658 9809 645 3515 2276 
4 8676 9084 3479 3549 
4 8702 9980 1536 728 
5 8740 9991 2123 9929 4614 
6 8744 8857 203 2932 9416 8279 
5 8769 9663 717 4321 6134 
5 8771 8938 703 4004 4670 
5 8796 745 2986 1015 1794 
4 8901 9868 2858 1145 
5 8935 9088 732 4100 384 
5 9049 746 1896 1104 4940 
6 9078 9092 414 3211 920 1440 
4 9085 209 2721 5811 
5 9104 9684 812 3426 205 
6 9106 9893 1075 4507 2979 8386 
7 9307 9415 6 1124 4147 2422 59 
4 9330 525 4738 1995 
4 9411 275 8086 6271 
6 9420 9425 431 3356 1554 5608 
6 9454 433 1135 4332 3484 1046 
5 9474 429 2150 4822 243 
5 9489 5 1150 5016 6678 
5 9523 463 1281 6541 8970 
4 9634 1219 5229 8989 
4 9665 1023 2975 620 
4 9688 1232 5757 5758 
5 9717 48 3900 701 2817 
5 9730 514 1367 7965 759 
5 9739 9748 495 3381 8171 
5 9741 453 1399 4421 1021 
4 9781 1261 4045 2333 
5 9799 693 2216 2777 4772 
6 9922 72 1288 4015 8973 2634 
6 9925 9988 411 2625 4748 8765 
5 9951 936 2726 140 4516 
5 20 173 1413 7102 4442 
7 96 531 1487 2138 5185 9384 2213 
4 109 1515 5796 501 
5 125 1128 1695 6112 9747 
5 131 1315 4216 6150 262 
4 214 1558 6859 3986 
7 224 277 1161 2289 4696 9497 5124 
4 226 1579 3766 1437 
